Mode: 21 #Games: 1000
p0_0	p0_1	p0_2	p0_3	p0_4	p0_5	p0_6	p0_7	p0_8	p0_9	p2_0	p2_1	p2_2	p2_3	p2_4	p2_5	p2_6	p2_7	p2_8	p2_9	trump	first	fp	t_t0	t_t1	t_t2	t_t3	t_t4	t_t5	t_t6	t_t7	t_t8	t_t9
1	4	6	12	15	16	17	20	34	35	8	9	22	23	26	28	31	32	38	39	1	0	89	4555	10822	9378	0	986	6	0	1	0	0	
3	8	10	14	18	19	26	28	31	34	2	4	5	11	17	20	21	24	35	37	1	1	64	150	0	810	705	1425	6	0	1	1	0	
6	7	12	19	20	25	28	32	36	37	0	2	3	4	5	9	10	13	17	34	3	2	17	325	0	835	373	0	1	0	1	7	0	
2	10	13	18	20	22	24	31	32	36	0	5	7	8	9	16	17	23	27	37	2	3	43	432	5560	425	0	1209	27	14	8	2	0	
0	1	10	11	14	17	23	24	26	35	2	5	6	18	19	21	25	30	31	38	0	0	28	957	16325	3241	630	574	0	0	1	0	0	
0	4	7	9	16	20	25	27	35	39	1	2	13	15	17	30	31	32	33	38	1	1	18	0	40330	44922	6180	2995	52	0	3	1	0	
0	4	5	13	17	24	27	28	31	34	6	14	15	18	20	23	26	29	33	39	2	2	58	383	0	660	27215	0	66	3	0	1	0	
5	10	12	13	16	17	20	34	37	38	0	2	3	4	14	19	29	31	32	33	1	3	85	0	1769	63836	1716	3137	45	5	1	0	0	
1	3	13	20	27	28	29	31	35	37	5	12	15	17	18	19	24	25	33	34	3	0	97	2415	1224	415	0	1055	0	14	1	1	0	
0	4	5	8	15	22	26	30	33	38	1	2	17	20	23	25	28	29	32	39	2	1	81	745	24828	218	0	1017	29	0	2	1	0	
4	8	12	14	21	23	25	32	37	38	5	11	26	29	31	33	34	35	36	39	2	2	21	217	0	165	0	15	64	8	0	1	0	
4	9	10	15	18	23	31	33	36	37	2	5	16	17	21	24	26	34	35	38	2	3	41	0	1467	499	166	0	33	4	3	1	0	
0	2	5	8	9	18	21	23	30	33	3	12	14	15	16	20	22	24	32	34	2	0	39	4365	0	1336	0	14	200	8	2	0	0	
2	4	5	11	20	23	27	33	35	39	3	12	13	16	18	19	25	28	36	38	0	1	68	667	259	0	2064	14	0	3	1	0	0	
0	11	12	14	17	21	25	26	38	39	2	3	6	10	13	16	27	32	34	37	0	2	12	486	148	116	124	82	0	0	1	1	0	
0	2	4	6	14	15	16	27	30	38	3	7	10	24	29	31	32	33	35	36	1	3	46	275	4575	213	766	412	10	0	1	0	0	
0	4	9	11	12	18	26	33	37	39	1	3	6	7	10	20	24	25	34	36	2	0	45	1719	8373	0	308	1444	0	0	2	2	0	
1	4	6	9	15	17	18	19	32	38	3	5	8	10	20	23	24	26	28	29	1	1	88	585	11336	697	0	3524	104	6	1	1	0	
5	7	15	19	23	27	28	30	32	37	4	6	11	13	14	16	17	18	21	34	3	2	33	296	3514	0	390	0	8	0	2	1	0	
0	6	8	9	13	15	19	21	28	36	1	3	24	25	26	30	33	34	35	38	1	3	30	1250	0	43013	52478	0	130	4	0	2	0	
1	3	7	9	14	15	20	24	27	38	0	8	16	17	21	29	31	35	37	39	2	0	79	1970	12477	295	264	0	73	2	0	0	0	
5	6	7	11	16	23	28	32	34	36	8	9	10	12	13	18	27	29	35	37	2	1	86	459	295	266	0	518	20	0	0	1	0	
0	1	5	6	8	11	19	20	21	25	10	16	18	24	26	27	28	29	32	36	1	2	89	655	0	999	882	0	0	11	2	1	0	
1	2	6	7	10	16	20	22	26	32	0	4	8	12	17	19	23	24	30	34	0	3	58	0	1060	1399	0	1051	203	0	1	2	0	
8	10	11	12	15	21	26	31	34	36	3	4	5	9	13	22	24	33	37	39	2	0	37	1298	7830	0	748	0	0	3	1	1	0	
1	6	8	11	18	20	27	28	35	38	3	4	12	15	19	22	23	29	33	34	3	1	72	157	0	360	4739	212	0	14	2	0	0	
1	3	10	12	16	21	24	29	32	34	4	5	6	7	9	11	18	19	30	39	2	2	56	289	0	245	190	0	7	0	1	1	0	
5	6	7	14	15	16	29	31	38	39	0	12	13	20	23	24	27	32	33	36	3	3	90	532	10492	0	5267	14	6	0	1	1	0	
3	16	17	18	22	25	26	28	31	37	7	9	10	13	14	19	27	35	36	39	1	0	81	4908	0	2261	904	6	0	12	2	1	0	
6	7	8	16	17	19	21	30	31	32	0	9	10	14	15	18	27	28	35	39	3	1	101	0	0	0	0	842	5	0	1	1	0	
6	7	10	24	26	27	29	35	36	37	1	8	13	17	18	19	31	32	33	34	1	2	93	343	360	0	5386	3050	22	0	2	1	0	
0	1	2	8	9	16	20	24	28	29	7	10	13	18	19	21	27	32	33	38	1	3	77	1634	46673	18157	560	2720	2	1	1	1	0	
1	3	14	17	19	24	29	34	35	39	7	8	12	16	18	20	21	30	37	38	1	0	82	2015	6887	0	22021	5	0	1	0	1	0	
4	9	11	13	21	23	24	27	31	37	1	2	15	19	20	25	29	34	36	39	2	1	95	453	0	325	724	0	44	3	2	0	0	
10	13	15	19	22	23	24	27	35	36	0	2	3	11	12	25	30	34	38	39	2	2	73	755	574	11913	1056	549	79	15	1	1	0	
1	3	8	12	13	20	28	35	36	38	4	17	19	21	22	25	27	29	31	34	3	3	86	682	2929	0	269	506	19	0	2	0	0	
2	4	15	16	18	20	24	29	32	35	0	5	8	10	11	17	19	22	34	37	1	0	80	1439	0	304	0	697	25	0	2	1	0	
2	3	6	10	15	18	26	27	38	39	0	13	16	17	19	21	22	28	31	33	0	1	69	174	0	17761	0	0	85	2	0	1	0	
0	1	2	9	10	16	17	31	35	39	3	20	21	24	26	28	29	32	36	37	3	2	69	714	507	730	1099	336	22	9	0	1	0	
2	7	10	13	16	20	22	24	28	35	4	8	11	17	25	26	27	31	32	33	0	3	20	453	0	403	13353	0	14	0	2	1	0	
5	8	9	13	14	17	21	22	30	34	3	6	7	12	16	20	23	24	26	28	3	0	34	1296	0	2984	345	5	0	0	1	0	0	
1	2	3	19	22	23	32	36	37	39	14	15	16	17	18	21	25	31	35	38	0	1	30	0	210948	0	0	0	0	2	3	1	0	
3	12	14	15	18	19	22	26	27	30	0	5	9	16	23	28	31	35	36	37	3	2	77	0	603	2042	0	2904	280	8	1	1	0	
6	8	13	15	19	24	28	34	35	39	1	2	4	9	20	22	23	25	31	33	0	3	92	234	0	29964	0	5124	44	0	3	1	0	
2	3	8	11	12	14	15	21	31	36	5	6	9	16	18	19	26	32	34	39	0	0	89	1477	225	343	0	12	0	3	2	0	0	
0	4	8	13	16	22	26	30	33	37	1	5	9	10	18	21	24	28	29	31	0	1	48	434	1903	0	444	0	34	0	2	1	0	
2	6	7	8	12	13	14	17	19	25	1	9	11	20	22	27	28	31	33	35	0	2	89	0	58179	5290	166075	3477	399	4	2	1	0	
0	2	7	12	13	15	16	23	25	28	1	10	11	18	22	24	30	32	35	38	2	3	40	570	590	498	1341	1508	61	14	1	1	0	
0	5	10	17	21	24	25	33	37	38	1	3	4	8	16	19	23	31	32	34	1	0	27	1043	0	237	0	1122	13	0	2	1	0	
2	3	4	6	10	11	14	19	34	37	0	5	7	8	9	15	16	21	26	35	3	1	21	1488	1477	22406	0	1586	56	4	1	1	0	
1	4	10	20	28	29	33	35	36	39	0	3	9	11	13	16	24	30	31	34	0	2	77	1775	32040	0	2038	1473	83	3	1	0	0	
1	7	14	15	17	24	26	27	32	36	5	16	20	21	22	28	30	33	35	38	0	3	27	349	390	0	447	0	92	0	1	1	0	
3	4	6	7	13	18	24	26	30	34	0	1	11	15	17	21	22	23	36	38	0	0	39	1885	0	1140	7061	5	0	2	1	0	0	
1	3	13	15	16	25	30	31	32	36	4	6	9	11	12	14	21	28	33	38	3	1	72	111	0	950	149	371	6	0	0	1	0	
2	8	19	21	24	25	29	30	33	39	7	10	11	17	18	22	26	28	32	38	1	2	104	0	141086	2266	2771	1509	18	6	1	0	0	
0	1	3	7	8	21	22	28	35	36	2	10	14	18	23	29	31	32	33	38	2	3	78	373	0	1671	3981	12	379	15	2	0	0	
3	13	18	20	22	25	26	30	35	36	10	14	16	17	24	27	32	33	38	39	1	0	61	2290	340	207	0	12	1033	14	1	1	0	
0	1	5	8	14	19	22	25	32	33	6	9	16	20	21	27	28	36	37	38	1	1	63	411	0	53153	750	4506	27	0	2	1	0	
8	10	12	13	17	19	24	30	31	39	2	4	7	11	18	21	25	27	29	35	1	2	89	0	0	2988	951	0	25	4	4	1	0	
0	8	12	13	18	19	23	25	33	37	1	4	5	7	10	16	21	27	32	39	3	3	82	256	0	1809	14497	12	47	8	2	0	0	
7	11	12	17	19	26	32	33	36	39	4	13	20	22	23	25	27	28	37	38	2	0	88	1742	20885	0	35982	0	62	6	2	1	0	
9	10	12	19	22	26	27	32	34	35	0	1	4	7	8	15	17	20	21	24	1	1	26	965	27853	0	0	16	39	5	1	1	0	
12	13	16	17	19	27	34	37	38	39	0	2	3	5	6	9	10	22	35	36	1	2	82	1417	37305	1836	666	5	0	0	2	1	0	
12	14	15	17	21	23	26	27	30	38	0	3	4	11	18	19	22	24	31	37	0	3	0	1024	318	732	1400	1929	42	20	1	1	0	
3	5	10	12	13	14	19	27	28	36	4	6	7	9	15	24	30	32	34	38	1	0	115	2994	318	0	0	0	66	5	0	1	0	
6	7	9	13	15	30	31	34	35	38	0	1	3	11	14	17	18	19	26	37	2	1	14	1017	40884	1905	456	1894	22	5	1	1	0	
1	5	9	10	14	23	24	28	36	37	3	6	13	17	20	21	22	25	31	39	2	2	81	270	293	299	0	276	0	9	3	0	0	
7	16	20	22	24	25	27	29	32	33	4	13	14	17	19	21	23	30	37	38	2	3	83	0	283193	0	5669	13	363	6	1	1	0	
0	1	13	15	20	23	25	29	33	34	2	9	12	14	19	24	26	32	38	39	3	0	86	1859	0	457	18767	0	0	5	1	1	0	
1	4	8	12	14	23	27	29	34	36	2	3	5	6	7	13	16	19	24	26	3	1	39	613	7007	0	364	779	0	3	0	1	0	
1	4	5	7	21	25	29	32	34	36	0	8	10	17	18	19	23	26	31	35	3	2	66	1191	2511	411	158	0	13	2	1	1	0	
1	13	14	15	21	22	23	26	31	39	3	4	7	12	20	24	28	29	30	32	3	3	26	241	8728	472	0	568	0	38	1	1	0	
7	9	10	11	13	19	25	29	32	33	0	1	5	8	14	21	22	23	35	39	1	0	78	928	0	31783	0	1087	0	2	2	1	0	
3	4	8	11	12	20	29	30	31	35	2	5	15	17	18	26	28	34	38	39	2	1	51	0	0	818	33465	0	20	2	0	1	0	
0	2	3	7	14	20	23	28	34	37	5	6	8	9	15	22	32	33	36	38	2	2	72	525	190	0	501	223	0	3	2	1	0	
2	6	8	13	20	23	27	33	35	39	10	12	15	18	19	21	22	29	37	38	1	3	84	538	363	0	534	0	45	2	0	1	0	
1	2	4	6	8	13	16	19	26	28	0	3	5	10	12	14	17	24	29	34	3	0	49	2033	0	2732	1537	2790	89	4	1	1	0	
0	2	6	15	16	21	22	26	34	37	5	10	11	17	18	19	27	31	32	35	0	1	28	170	0	63455	1053	0	24	2	2	0	0	
2	5	12	13	18	20	27	29	30	34	0	3	6	7	16	26	28	35	36	38	0	2	83	374	0	1066	183	770	34	3	0	0	0	
6	9	11	21	23	25	27	29	34	35	2	3	4	5	7	16	18	28	33	38	3	3	76	1688	40849	7451	4329	0	0	4	2	0	0	
0	5	6	10	18	23	24	31	32	34	7	8	9	15	16	20	21	26	30	38	3	0	74	1755	244	0	0	538	0	23	1	1	0	
1	4	6	9	11	19	23	24	28	37	5	7	14	15	18	22	25	29	31	34	1	1	62	353	0	82906	31884	0	15	0	1	1	0	
3	4	11	13	18	19	26	32	36	38	2	5	9	22	23	25	27	28	29	39	3	2	79	0	0	1080	30615	0	28	18	1	0	0	
0	2	3	8	13	14	17	28	35	38	7	12	16	18	19	20	26	31	32	37	1	3	63	346	207	348	0	872	0	9	0	1	0	
4	8	9	11	15	28	30	31	34	38	0	2	3	5	7	16	17	18	23	35	0	0	75	1228	34956	489	10103	5	0	5	2	1	0	
2	3	8	9	18	28	29	31	33	34	4	5	13	14	15	20	21	22	27	37	1	1	73	100	265	0	31629	10	73	6	2	0	0	
0	3	5	7	10	24	29	31	32	34	8	11	12	13	14	16	17	19	33	35	0	2	33	0	478	376	4413	2825	0	6	2	1	0	
3	12	15	18	21	24	26	30	35	36	1	4	7	9	17	23	25	34	38	39	1	3	51	493	896	7284	0	939	0	12	1	2	0	
0	4	5	8	16	18	19	26	31	34	1	2	3	6	13	25	29	30	32	35	3	0	55	1870	2234	1618	1492	15	16	4	0	1	0	
2	3	10	13	15	18	25	36	37	38	0	8	9	14	19	24	28	29	32	33	0	1	98	0	25742	9841	0	1078	17	0	0	1	0	
3	4	11	13	16	17	19	23	28	36	1	7	10	20	21	22	25	26	38	39	1	2	66	705	486	21116	13328	0	23	0	0	1	0	
5	7	12	20	24	25	27	29	33	35	0	2	11	13	14	22	28	31	34	39	3	3	55	0	349	0	44380	0	39	4	2	1	0	
4	9	12	16	20	21	25	35	36	37	0	10	11	13	18	23	26	28	31	33	2	0	60	3208	0	145	354	0	12	2	2	0	0	
2	4	5	16	26	29	31	34	37	39	0	7	10	13	15	19	22	28	32	36	0	1	49	257	0	56163	13610	0	58	7	2	2	0	
0	1	3	7	19	21	24	27	28	32	6	8	10	12	13	17	23	26	36	39	1	2	58	1288	291	411	2815	0	26	0	2	1	0	
0	6	7	10	14	15	17	29	32	37	1	4	16	22	24	31	33	35	36	39	0	3	21	696	14401	0	101378	6	0	2	1	1	0	
0	6	9	15	16	19	23	25	33	34	1	3	7	14	21	22	27	31	32	36	2	0	40	1081	5411	568	4857	492	0	0	0	1	0	
10	11	13	21	26	27	31	32	35	37	0	1	9	15	17	18	29	30	33	36	3	1	66	384	885	1015	2596	7471	138	3	1	0	0	
7	11	12	18	20	22	23	33	36	37	8	14	15	21	25	26	27	28	31	32	0	2	24	288	0	0	430	0	14	2	1	1	0	
3	5	12	15	17	19	20	23	24	27	1	2	11	16	25	26	28	30	33	34	0	3	77	2269	797	0	382	144	14	0	2	1	0	
2	6	15	22	23	29	30	37	38	39	0	1	4	9	17	19	26	31	33	36	1	0	39	2325	2214	1820	760	0	28	3	1	1	0	
1	5	8	12	24	26	28	35	37	39	0	4	13	16	18	21	23	25	33	34	2	1	67	274	8781	0	19608	3775	85	3	2	0	0	
0	1	14	18	29	30	33	34	36	38	4	11	12	16	20	21	31	32	37	39	3	2	93	728	0	94199	0	3151	27	6	0	2	0	
8	9	10	14	15	23	27	28	30	34	1	5	6	16	21	25	32	36	37	38	1	3	36	362	648	1023	769	0	0	11	3	0	0	
1	5	7	11	14	17	18	27	37	39	0	2	3	4	8	10	21	32	36	38	3	0	58	1848	22319	590	0	15	0	3	0	1	0	
7	8	9	10	11	13	14	30	34	38	1	6	15	16	17	18	25	27	32	37	3	1	45	303	2637	900	663	1822	6	5	2	0	0	
0	4	6	9	15	18	20	24	25	33	7	10	12	13	16	23	28	32	34	35	3	2	46	0	60128	1453	519	1161	22	0	0	1	0	
0	4	12	15	18	22	25	32	37	39	8	9	10	24	28	31	33	34	35	38	2	3	59	188	0	437	10856	0	7	0	7	1	0	
2	4	9	10	18	27	31	32	35	37	8	12	14	15	20	22	28	34	36	38	0	0	54	1838	0	1437	760	441	0	0	3	1	0	
4	6	10	15	17	24	27	31	32	38	0	5	14	18	21	26	28	29	30	36	0	1	37	142	0	298	188	0	65	3	1	0	0	
0	4	10	11	13	19	20	26	29	35	5	9	16	17	18	33	36	37	38	39	2	2	79	0	49339	0	1801	1320	69	0	2	2	0	
1	5	6	9	21	25	26	27	32	34	0	2	8	10	13	23	31	35	37	39	2	3	33	1025	27256	1183	4278	3797	68	6	3	1	0	
4	8	9	13	18	21	23	35	36	37	2	5	12	14	16	20	24	26	31	34	2	0	40	1642	3949	0	459	603	0	17	2	0	0	
6	7	14	15	18	26	30	32	33	39	0	4	5	9	12	16	22	27	35	38	1	1	66	267	3856	0	0	267	0	3	1	1	0	
0	6	7	9	11	20	21	31	32	33	1	3	8	15	18	22	23	28	29	35	3	2	26	0	0	0	0	0	30	4	2	1	0	
5	6	9	13	16	27	28	30	34	35	2	11	17	20	21	22	23	33	37	38	2	3	57	301	126	329	2046	0	14	0	1	0	0	
8	9	18	20	22	23	25	26	33	39	1	4	5	11	14	19	24	29	31	37	1	0	93	2357	0	38938	0	11	0	0	0	1	0	
0	2	5	6	10	13	19	22	31	35	7	11	14	23	24	26	28	29	32	39	0	1	37	0	1784	2976	25610	0	31	13	0	3	0	
4	6	12	16	17	24	26	29	32	34	1	2	8	11	19	21	22	30	36	37	3	2	75	294	4958	216	520	0	60	2	0	1	0	
0	7	9	12	17	19	26	28	30	33	6	8	11	13	14	15	21	24	27	37	1	3	82	166	0	39546	894	0	8	0	2	1	0	
4	8	18	20	22	24	29	30	36	37	3	6	10	13	15	23	26	28	33	34	0	0	57	2528	0	442	436	621	41	5	0	2	0	
4	11	19	21	25	26	30	35	36	37	2	5	6	8	13	15	22	24	31	32	0	1	30	499	240	0	1259	2090	46	4	1	1	0	
0	4	6	10	13	18	20	27	32	36	7	14	15	23	24	28	31	34	37	39	1	2	86	234	0	1433	0	15	25	3	1	0	0	
1	4	6	7	9	14	17	34	37	38	3	10	12	15	18	20	24	28	31	39	3	3	83	1140	19095	2814	3400	12	36	19	1	0	0	
2	7	13	15	20	32	35	36	37	39	1	10	12	14	21	22	23	30	31	33	2	0	13	2893	0	0	1457	396	0	0	1	1	0	
1	2	3	4	6	14	18	24	32	35	0	15	17	19	21	22	26	27	34	36	1	1	30	0	27586	281	0	79	0	3	1	1	0	
8	9	11	17	19	21	22	33	35	38	1	3	6	15	16	23	25	27	31	36	2	2	62	294	0	31540	0	623	10	0	2	1	0	
4	5	6	8	9	10	20	27	29	31	1	15	16	23	25	32	34	36	38	39	1	3	45	1071	24967	1102	0	0	20	6	0	1	0	
8	10	15	22	29	30	31	34	35	36	0	2	5	9	19	20	24	25	37	38	3	0	72	5367	55702	541	1011	3124	54	8	2	1	0	
1	10	11	12	15	16	19	22	25	33	3	5	7	9	13	14	17	28	35	39	2	1	27	499	0	0	869	1500	40	0	2	1	0	
0	1	7	15	22	23	24	26	28	31	3	6	10	14	19	25	30	32	37	38	2	2	61	0	1011	361	1048	0	25	2	1	0	0	
5	13	17	19	21	22	23	25	32	33	1	2	7	26	29	30	34	36	37	39	3	3	84	272	0	271	0	0	3	0	2	0	0	
2	3	10	11	17	19	24	27	30	38	0	9	13	14	16	18	22	28	36	37	3	0	42	2051	173	0	0	0	15	0	2	2	0	
1	11	14	19	20	21	28	34	36	37	2	5	7	10	12	13	22	31	32	35	1	1	50	423	4417	465	0	0	33	3	2	1	0	
0	11	14	22	23	26	30	35	37	38	1	5	7	8	9	17	18	25	31	34	2	2	28	400	213	0	240	1547	67	5	2	1	0	
2	7	8	10	11	17	30	33	35	36	0	1	3	4	5	9	14	16	18	21	3	3	0	294	319	4093	2867	5787	13	0	1	1	0	
7	10	12	15	22	27	31	32	33	37	0	2	4	8	13	14	20	28	38	39	3	0	49	2071	151	0	0	10	29	9	3	1	0	
0	3	4	5	6	10	23	25	36	39	1	8	9	12	16	17	18	21	33	35	0	1	90	866	0	2525	0	974	0	17	2	2	0	
11	14	22	28	29	30	31	32	33	38	0	3	6	9	15	18	20	26	34	35	0	2	43	262	331	0	945	882	31	8	2	1	0	
9	19	22	23	24	26	28	31	32	34	1	6	7	8	17	18	21	29	33	38	0	3	89	0	41574	24471	231	253	18	11	1	1	0	
2	4	7	11	14	21	25	27	37	38	1	5	8	9	13	18	26	31	36	39	0	0	65	888	0	43244	4457	0	24	2	0	1	0	
0	4	7	17	20	21	25	28	32	34	1	3	9	10	12	14	24	27	30	31	0	1	52	296	0	1062	27911	306	0	9	1	1	0	
1	2	4	7	8	18	30	33	37	39	0	5	6	9	11	13	16	21	23	32	2	2	29	1041	56379	1790	2154	1596	0	2	1	1	0	
1	9	10	12	15	17	22	28	32	37	0	3	4	6	7	19	26	34	36	38	1	3	32	296	867	350	0	1677	18	7	1	1	0	
0	1	2	13	17	18	20	31	34	39	4	5	7	10	15	16	22	26	29	38	3	0	62	616	0	1411	427	269	0	4	0	1	0	
0	5	20	24	27	28	29	30	35	36	1	2	3	10	15	18	25	31	32	33	1	1	29	576	0	831	1124	2446	17	3	2	0	0	
0	8	9	12	14	15	22	28	33	37	2	4	5	6	7	23	24	32	38	39	0	2	103	381	1904	0	47446	658	120	0	0	1	0	
2	4	7	16	18	20	21	24	29	38	3	8	12	19	23	26	27	31	37	39	3	3	66	208	0	541	0	13	29	4	2	1	0	
4	6	10	17	19	24	25	30	38	39	8	12	21	26	31	32	33	34	35	36	2	0	92	1675	0	751	0	541	212	0	1	1	0	
0	4	18	19	23	32	33	34	35	39	1	2	5	7	9	10	15	27	28	29	2	1	75	450	9716	773	3725	351	0	0	2	2	0	
0	6	8	10	13	18	21	22	27	31	5	7	15	24	28	29	33	35	36	37	0	2	48	328	5619	2141	0	910	0	8	2	0	0	
7	11	13	16	23	28	29	30	32	38	0	5	18	19	21	22	25	26	37	39	1	3	76	434	145	0	24500	72	6	1	0	1	0	
2	3	8	11	19	20	24	26	27	35	4	7	13	14	17	25	28	31	38	39	3	0	80	3076	9006	0	1200	707	5	0	2	0	0	
0	7	10	17	26	28	29	34	36	39	1	5	8	11	14	15	16	24	25	37	3	1	56	423	360	0	318	1173	48	0	0	1	0	
5	6	7	10	11	19	22	26	31	36	0	2	3	8	18	23	28	35	38	39	3	2	102	372	15017	217	0	403	0	3	0	1	0	
5	6	7	9	12	14	27	28	30	32	1	3	11	15	16	17	29	33	36	39	1	3	82	529	4598	1785	203	0	11	2	0	0	0	
5	10	12	13	19	24	27	29	32	38	2	4	11	15	26	30	33	35	37	39	0	0	57	1839	0	70261	0	3081	28	6	0	1	0	
3	4	7	10	14	15	17	29	35	38	1	6	9	12	16	20	24	32	34	39	1	1	81	151	0	87549	862	1526	24	0	2	0	0	
2	5	15	17	21	24	25	28	35	37	0	1	11	16	19	22	29	30	31	34	2	2	71	382	0	409	0	2111	55	2	0	2	0	
3	5	12	15	20	22	25	28	32	33	1	2	9	18	23	24	26	29	38	39	1	3	45	0	0	215	0	680	0	32	1	1	0	
0	2	6	7	8	13	19	30	31	39	12	14	21	24	26	27	28	29	33	36	2	0	102	2147	0	2670	1574	685	2	2	1	0	0	
2	15	16	23	24	30	32	34	35	38	3	8	17	18	19	28	31	33	36	39	1	1	96	613	0	1649	1069	1385	26	3	1	1	0	
2	3	5	8	9	13	20	28	30	38	1	4	6	7	11	15	16	25	36	37	2	2	36	563	16763	27763	1108	0	80	4	0	1	0	
5	6	12	16	19	20	21	23	28	30	2	3	7	8	9	17	27	34	35	37	1	3	52	467	0	6676	1678	2990	61	20	2	0	0	
1	6	8	13	17	21	23	28	34	36	0	3	9	10	11	20	27	30	35	38	2	0	35	1647	5142	0	164	175	9	0	2	1	0	
2	5	9	10	12	15	26	31	34	39	6	7	21	25	27	28	32	35	36	38	1	1	35	376	212	0	395	648	0	3	1	1	0	
0	4	18	19	21	26	29	31	32	34	1	6	10	11	23	24	27	28	36	39	0	2	40	336	20897	448	0	294	0	16	2	0	0	
0	7	16	20	25	31	33	35	36	37	5	9	10	11	13	21	22	23	24	28	0	3	21	1206	212	0	0	14	24	0	2	1	0	
1	2	6	12	13	19	21	28	33	34	5	11	14	15	16	17	18	20	30	31	1	0	88	611	0	36447	2376	1716	0	13	1	1	0	
2	4	10	15	21	23	33	35	36	37	0	1	6	8	12	13	22	25	29	30	2	1	54	634	0	1356	66641	556	42	9	2	1	0	
6	7	8	15	16	21	22	23	26	30	9	14	19	20	25	27	29	32	33	35	3	2	62	441	0	219	0	1672	27	3	0	1	0	
3	6	7	12	14	20	22	26	33	36	0	5	11	13	17	19	21	30	37	39	1	3	69	595	7254	303	0	211	2	0	1	1	0	
0	3	7	14	15	17	22	29	33	35	2	5	11	16	19	20	24	30	32	36	0	0	27	1615	135	0	553	0	14	2	0	1	0	
0	1	6	9	14	19	21	27	36	39	4	8	13	17	20	28	30	31	32	37	2	1	74	248	0	40749	0	183	9	8	2	0	0	
1	4	6	12	14	20	33	34	36	37	0	5	13	19	21	22	23	24	28	38	3	2	37	0	919	342	647	549	2	0	1	1	0	
1	2	6	8	16	18	21	23	25	34	3	9	10	11	13	15	17	35	38	39	2	3	29	535	7916	381	1838	1207	0	11	0	1	0	
0	3	8	9	13	22	30	33	35	37	1	2	5	10	15	16	20	21	31	39	3	0	66	4305	27676	1069	0	3045	131	9	0	0	0	
0	1	6	7	11	17	23	25	30	37	2	8	9	13	19	20	24	28	31	35	1	1	46	180	1231	0	0	476	3	0	1	1	0	
0	1	4	6	13	14	18	22	23	30	3	5	9	17	20	26	27	32	33	34	3	2	12	336	415	320	169	0	8	0	0	0	0	
2	3	6	9	17	18	19	21	28	32	10	11	13	14	15	22	25	30	35	39	2	3	37	248	10444	0	639	6	88	12	2	0	0	
10	11	15	16	20	25	27	29	31	34	0	9	18	19	23	26	32	33	35	39	0	0	65	3225	443	1220	2045	0	8	2	1	1	0	
2	3	9	23	24	25	29	30	33	37	0	4	6	7	11	12	14	21	22	39	0	1	57	356	415	0	2007	81	14	6	0	1	0	
1	4	9	16	25	28	30	31	34	39	3	7	11	12	15	21	24	27	35	38	0	2	29	570	0	399	438	0	54	9	0	1	0	
0	1	2	7	11	12	20	23	30	38	3	5	8	9	18	21	25	26	29	34	2	3	62	195	142	292	0	0	0	2	0	0	0	
0	7	9	11	13	14	15	24	30	35	4	6	8	10	16	17	18	22	33	36	0	0	70	1665	598	0	1024	1286	12	0	1	0	0	
1	3	13	21	22	25	27	34	37	39	4	7	10	15	18	23	28	29	33	36	2	1	90	563	8414	0	144	209	3	0	1	2	0	
0	2	4	11	15	23	27	28	31	32	6	8	12	13	20	21	24	25	30	36	3	2	0	232	0	0	2620	301	0	2	1	1	0	
3	10	14	21	26	29	34	36	37	39	6	9	11	12	13	19	22	28	32	38	1	3	104	1297	15310	0	1559	14	62	0	1	1	0	
8	13	16	17	19	21	26	27	28	30	0	1	7	11	15	22	25	31	36	37	0	0	49	3250	18146	6676	0	15	98	3	0	1	0	
2	6	14	15	23	27	31	32	34	35	8	9	11	13	16	18	19	24	25	39	3	1	51	256	0	517	0	685	20	0	2	1	0	
0	2	5	13	16	17	25	29	37	39	7	8	9	22	23	26	27	28	30	35	2	2	120	393	0	41732	216	0	3	0	3	1	0	
2	3	10	12	13	20	25	30	33	37	4	5	6	8	16	18	21	22	24	26	0	3	65	214	0	367	1419	5	0	0	0	1	0	
5	7	8	14	16	22	24	28	30	35	0	1	9	11	19	20	26	32	33	37	0	0	87	3087	10837	312	0	2143	93	0	3	0	0	
6	11	12	13	20	31	34	36	37	39	0	2	4	8	9	14	16	23	27	32	3	1	74	844	0	0	0	0	130	12	2	1	0	
4	14	21	23	24	28	30	36	38	39	1	2	3	5	9	17	19	20	25	31	3	2	69	1083	16671	0	1041	3279	22	4	2	1	0	
8	17	22	24	25	28	29	31	34	37	0	2	3	4	7	10	18	20	26	38	2	3	87	649	401	5143	32154	299	0	0	2	1	0	
6	7	12	13	15	19	22	24	28	30	2	5	16	21	27	29	34	36	37	39	1	0	61	3504	0	32444	414	0	0	5	1	0	0	
1	2	5	13	22	25	27	29	38	39	3	4	9	10	14	21	24	28	32	35	2	1	86	260	0	69751	228	0	11	4	0	0	0	
3	4	5	9	18	20	23	28	30	33	1	7	10	13	16	21	22	36	37	39	1	2	30	306	130	352	0	215	0	5	0	1	0	
1	4	6	8	18	22	33	35	36	38	3	13	17	19	23	24	28	30	31	34	0	3	71	1188	0	98687	92826	3308	183	3	0	1	0	
2	7	8	21	22	24	25	26	28	38	1	3	5	13	18	19	30	31	34	39	0	0	84	6128	771	5063	84721	6052	50	6	2	1	0	
1	6	10	13	19	20	24	26	30	34	2	8	11	17	21	23	27	29	33	37	0	1	45	343	0	958	254	0	2	1	1	0	0	
5	7	9	16	21	26	27	32	38	39	0	6	13	14	15	17	19	23	35	36	0	2	74	365	5564	0	285	5	0	6	1	0	0	
2	6	8	12	13	15	17	19	21	31	0	1	3	9	10	11	26	30	36	39	2	3	42	0	911	16029	0	3344	14	4	2	6	0	
1	2	3	7	8	16	23	34	35	37	11	13	15	18	20	21	22	24	25	29	0	0	94	3032	19688	0	1375	1161	0	6	3	1	0	
1	3	6	10	16	27	28	29	30	31	7	9	17	19	21	24	25	26	32	39	2	1	118	498	10249	0	12205	0	0	0	1	1	0	
2	7	9	15	24	25	28	31	35	36	1	4	10	12	13	16	17	33	34	38	2	2	61	384	249	0	10478	996	0	6	0	3	0	
0	3	9	13	14	17	26	29	30	31	1	5	11	12	21	24	28	32	33	39	1	3	79	334	137	0	188	0	23	0	1	1	0	
6	8	9	11	15	18	20	25	29	33	3	4	5	7	12	13	16	19	32	36	3	0	61	1442	43190	20436	0	3156	9	8	2	0	0	
9	16	20	21	25	29	35	36	37	39	0	2	3	5	7	24	26	27	32	34	3	1	105	0	893	990	534	3142	173	6	0	3	0	
2	4	9	11	22	26	28	30	33	38	3	6	8	14	16	17	21	29	34	35	1	2	72	603	14380	0	274	272	0	3	0	1	0	
6	14	16	17	22	25	27	30	31	37	2	3	4	7	8	9	12	13	23	39	3	3	48	213	0	41746	7434	741	29	0	1	0	0	
6	10	11	18	23	24	26	30	34	36	1	2	3	8	20	22	25	29	33	35	1	0	29	1024	178	0	0	9	41	4	2	1	0	
0	4	6	15	17	19	21	28	29	38	1	2	3	12	14	27	32	33	36	37	3	1	95	310	21616	345	4998	0	88	4	0	1	0	
3	15	18	23	26	27	28	30	32	39	0	8	12	13	20	24	25	29	33	35	0	2	65	999	0	4986	288	0	32	5	1	0	0	
4	5	8	15	16	19	21	23	24	32	1	2	11	12	14	29	30	31	33	37	3	3	39	451	4694	862	556	350	0	2	1	0	0	
2	9	11	12	17	19	24	34	36	37	1	7	8	14	16	21	25	29	35	38	1	0	62	1560	0	51663	924	764	0	8	0	1	0	
0	4	9	13	21	23	27	33	34	38	2	3	7	14	15	16	17	29	30	37	0	1	43	330	7680	0	220	232	24	0	2	0	0	
3	4	6	7	10	12	15	32	33	37	1	11	14	16	18	27	29	35	36	39	0	2	51	530	8230	174	0	12	23	2	1	1	0	
1	4	5	10	16	18	21	22	24	39	0	8	11	17	26	28	29	31	34	38	0	3	50	311	151	0	21591	382	17	6	1	0	0	
2	4	6	7	8	13	15	20	24	30	0	3	9	12	18	23	31	32	33	39	0	0	62	3448	0	805	480	7	41	0	1	0	0	
2	4	10	11	13	15	16	23	24	25	0	1	3	5	9	12	14	29	33	37	3	1	13	749	624	1723	2150	579	30	2	0	0	0	
1	12	13	18	23	24	33	34	38	39	0	6	8	11	20	25	28	29	30	31	2	2	109	221	12517	0	1042	633	101	4	1	0	0	
0	1	7	9	28	29	31	36	37	39	3	4	8	12	14	15	24	27	33	34	1	3	64	698	21808	342	0	15	164	1	0	1	0	
5	10	11	12	13	21	22	27	33	34	0	1	14	17	18	20	24	26	31	38	1	0	85	591	0	0	26872	0	19	4	0	0	0	
0	3	8	16	21	24	25	32	35	37	2	4	5	10	12	14	18	22	30	33	0	1	64	247	2639	0	44825	4275	22	3	0	1	0	
0	7	10	12	13	17	19	23	32	33	3	6	8	14	16	28	29	31	37	38	1	2	72	586	27641	0	441	0	18	2	0	0	0	
0	2	7	9	11	16	28	29	31	35	3	4	12	13	14	23	25	26	36	39	3	3	43	205	0	48507	0	1304	14	0	2	1	0	
0	9	10	11	13	21	22	29	32	38	3	5	8	12	14	17	19	25	28	36	1	0	86	840	0	195	0	12	33	0	2	1	0	
2	4	5	12	15	23	24	27	28	34	1	3	8	18	19	20	31	32	33	35	1	1	50	457	463	229	4467	0	3	0	1	0	0	
3	4	6	10	13	14	16	24	32	35	5	11	15	21	22	25	26	29	37	39	1	2	46	546	120	401	0	0	41	5	3	0	0	
3	4	5	9	15	18	20	21	31	35	2	12	17	19	23	24	30	33	36	39	2	3	53	236	2858	311	0	649	0	4	0	2	0	
1	4	8	9	14	16	18	32	35	36	2	5	7	10	17	22	23	25	28	31	0	0	59	2625	7047	628	1731	0	34	7	0	1	0	
2	6	9	13	20	21	24	29	31	32	1	7	10	17	18	19	25	28	30	37	2	1	77	0	28259	0	1954	15	70	5	1	1	0	
8	13	15	22	23	28	30	32	34	38	5	9	10	12	16	17	19	27	31	39	0	2	23	288	0	603	0	4327	12	5	1	1	0	
8	10	12	18	20	25	26	27	30	35	2	5	6	9	14	15	19	21	22	28	1	3	70	2521	352	0	32423	1844	49	58	1	1	0	
1	2	5	6	7	19	26	27	32	38	0	13	15	17	20	21	25	33	34	36	3	0	14	2612	348	342	0	0	104	2	0	1	0	
6	10	19	20	22	26	28	29	32	35	4	12	13	15	24	25	33	34	37	38	1	1	34	0	2487	154592	0	3874	29	0	2	1	0	
3	8	10	11	24	28	34	36	38	39	1	4	7	14	17	21	26	29	35	37	2	2	85	690	0	881	20477	0	0	7	1	1	0	
2	4	7	15	17	21	28	30	31	35	1	3	5	8	11	20	22	23	36	38	2	3	37	523	0	342	0	12	0	2	0	1	0	
2	9	18	19	21	27	33	35	36	38	0	4	6	7	12	13	20	24	30	39	0	0	81	2032	19222	51	1312	0	216	35	0	1	0	
7	12	13	20	21	22	27	28	29	37	0	8	9	11	18	23	31	36	38	39	2	1	117	575	33497	458	49571	6	0	5	1	0	0	
3	6	12	16	22	26	29	30	31	35	2	7	9	10	11	17	28	33	34	39	1	2	66	819	214	0	874	180	5	0	0	1	0	
2	5	14	23	29	30	31	34	36	39	10	11	13	17	19	22	27	28	32	35	2	3	40	584	0	0	1705	0	179	7	2	1	0	
1	9	12	13	20	23	24	29	32	34	2	11	16	19	22	27	28	30	35	39	0	0	49	1663	0	963	416	0	71	5	1	1	0	
1	6	9	10	23	24	26	28	33	39	0	4	7	8	11	15	20	25	27	38	2	1	75	405	605	409	455	0	0	3	2	1	0	
1	2	5	8	9	10	15	21	27	38	0	6	17	18	22	23	25	33	34	39	3	2	48	820	8548	274	0	14	0	5	1	1	0	
15	18	20	24	26	29	32	35	37	39	0	4	8	9	10	12	27	28	34	36	1	3	73	1217	16547	11223	1322	0	229	5	1	1	0	
2	3	5	10	14	17	20	23	27	30	0	6	8	9	12	21	22	24	32	38	0	0	71	1357	3283	0	11819	66	0	2	2	0	0	
1	10	12	14	19	26	29	31	33	34	2	3	11	16	17	18	20	32	35	37	0	1	14	349	0	1621	0	2793	38	11	1	0	0	
1	5	6	12	13	18	23	25	32	39	9	16	20	21	22	27	28	31	35	37	0	2	63	221	133	248	0	223	0	11	1	1	0	
0	1	4	13	15	19	23	28	29	39	6	8	10	12	17	24	30	33	34	37	0	3	72	227	408	0	15687	0	85	1	1	1	0	
3	9	10	11	13	18	21	22	26	37	1	2	7	12	19	20	27	33	34	38	2	0	75	2157	992	34291	0	12	47	8	2	0	0	
0	5	6	11	12	16	24	28	30	31	2	4	8	14	19	21	23	32	33	38	2	1	77	152	0	25994	530	562	7	0	0	1	0	
10	12	13	17	22	23	25	26	32	33	5	8	9	19	20	21	24	29	30	37	0	2	46	0	0	1450	2728	958	0	3	2	1	0	
4	7	9	10	11	14	26	27	30	33	1	12	13	17	19	22	25	28	32	35	2	3	74	468	3048	0	358	502	8	0	0	2	0	
1	2	7	8	17	20	27	31	35	37	0	4	6	10	13	23	25	26	28	32	0	0	78	2338	4808	0	0	12	25	2	0	1	0	
9	12	16	17	21	22	28	30	34	38	7	8	11	14	20	23	25	27	31	35	2	1	73	0	43919	7314	1262	869	27	4	0	1	0	
2	3	4	16	22	27	32	37	38	39	7	9	11	13	15	17	18	19	24	30	2	2	47	331	8449	0	27112	0	9	5	2	1	0	
3	4	6	15	17	18	26	29	33	38	0	8	10	12	13	19	22	23	28	34	1	3	91	218	0	0	260	0	8	3	1	0	0	
5	12	13	14	19	20	23	26	29	30	0	1	3	9	10	11	16	17	31	38	2	0	97	2963	223	0	1153	0	0	9	0	1	0	
4	7	12	15	17	21	22	24	27	35	0	5	6	13	16	23	30	32	36	38	2	1	0	263	193	0	276	1185	2	0	1	0	0	
7	14	18	19	20	24	26	35	37	39	0	1	9	10	15	16	28	31	32	36	3	2	101	382	6307	0	0	13	20	0	1	1	0	
10	13	14	15	23	29	33	36	37	39	1	2	5	20	22	25	26	27	28	34	3	3	46	443	0	8160	4572	12	18	3	1	0	0	
2	3	4	5	10	11	19	29	30	31	7	8	9	13	23	32	35	36	38	39	2	0	50	1103	0	0	250	124	0	11	3	2	0	
3	5	6	11	21	25	28	29	30	35	1	9	15	17	18	19	31	33	34	37	2	1	86	339	316	287	1572	0	100	2	1	0	0	
1	5	7	10	11	16	19	22	24	28	4	12	13	15	18	21	23	33	34	36	2	2	0	851	309	0	953	329	67	1	1	1	0	
0	8	11	15	20	23	24	29	30	35	4	16	17	21	22	28	31	33	38	39	1	3	76	177	0	1606	69420	1276	13	3	2	0	0	
4	10	11	15	19	29	33	34	35	37	0	1	5	7	12	17	20	25	30	31	3	0	73	2243	730	0	1654	15	0	0	1	1	0	
1	2	3	9	14	21	25	26	33	36	12	16	20	22	23	27	28	32	34	35	3	1	26	443	0	0	0	2421	45	3	2	0	0	
4	9	10	12	18	25	30	34	36	37	2	3	5	13	15	17	24	27	29	31	0	2	74	2067	19164	0	2774	1044	16	6	0	1	0	
2	3	5	6	16	20	22	27	28	36	0	7	8	9	18	19	29	31	34	39	2	3	102	0	1367	0	24801	4613	0	3	1	2	0	
3	4	7	8	10	14	15	25	28	29	1	9	12	21	24	26	27	30	33	35	3	0	88	2098	5999	2363	665	1200	12	0	1	1	0	
2	5	6	9	12	17	18	19	26	36	3	4	10	11	21	22	25	27	33	35	3	1	38	533	23598	0	62735	531	217	0	0	1	0	
8	11	16	19	22	23	28	30	31	32	15	17	20	21	24	27	33	34	37	38	3	2	79	136	0	0	0	9	541	0	2	1	0	
1	10	20	25	27	32	33	34	35	36	0	2	6	7	11	16	21	26	28	37	0	3	21	256	0	1082	588	551	9	2	1	1	0	
2	5	8	9	14	24	33	37	38	39	3	4	6	18	19	22	23	25	29	36	2	0	64	3431	74019	0	1901	0	90	3	1	1	0	
0	6	11	12	16	18	20	27	31	39	2	3	9	17	21	25	29	32	35	37	0	1	74	312	0	565	395	520	0	30	2	1	0	
0	3	5	20	24	25	30	32	33	36	1	8	9	12	15	16	23	26	27	28	3	2	28	1003	918	771	5841	12	17	31	0	0	0	
0	1	4	8	17	19	22	23	24	36	5	7	10	18	26	28	29	30	33	39	0	3	81	0	42557	0	0	406	0	4	2	1	0	
1	5	11	20	21	24	28	33	34	35	0	2	10	14	16	18	19	23	36	39	2	0	85	1103	309	11154	349	0	34	4	1	1	0	
6	7	8	19	23	27	29	30	36	39	1	9	10	12	13	20	22	25	31	35	2	1	60	315	249	0	648	127	0	5	2	2	0	
7	8	15	18	21	23	26	27	34	36	1	2	3	4	10	12	13	28	29	35	3	2	42	314	0	50975	0	16	87	7	3	1	0	
9	10	13	18	20	21	25	30	33	37	0	4	5	11	14	19	26	28	29	39	2	3	92	440	562	1385	0	0	443	6	0	1	0	
2	3	9	15	16	20	21	28	32	35	7	8	12	13	14	17	19	25	29	39	0	0	95	1027	374	0	5211	0	5	1	2	0	0	
0	7	10	11	14	19	29	30	36	37	2	5	9	23	28	32	33	34	35	39	3	1	105	0	57529	0	1050	12	12	6	0	1	0	
7	11	16	18	20	22	23	24	28	34	0	1	4	8	9	10	12	31	33	35	2	2	62	522	523	0	29405	1434	114	7	0	1	0	
3	4	5	6	11	13	20	32	36	37	0	18	19	21	25	27	28	30	31	35	1	3	28	520	9451	456	0	926	14	0	1	0	0	
7	10	14	19	22	26	30	32	38	39	5	12	17	25	28	29	31	33	35	36	2	0	49	2538	683	0	1645	15	339	0	1	2	0	
2	4	10	11	14	20	22	27	30	37	0	1	8	18	24	25	31	34	35	39	1	1	18	175	69	0	104	71	5	0	1	1	0	
6	11	13	14	19	21	24	25	29	39	5	7	8	16	22	27	28	31	32	37	1	2	81	0	69705	1055	128893	984	36	8	2	1	0	
2	3	12	13	15	17	19	21	27	29	4	6	7	9	11	14	28	30	33	37	3	3	36	1397	10666	0	0	3097	258	0	1	2	0	
3	13	15	16	18	25	29	32	36	39	2	4	6	10	11	19	26	27	37	38	3	0	89	2306	23741	4640	0	967	60	0	1	0	0	
2	3	4	5	13	17	20	22	25	39	0	1	9	15	18	26	27	28	33	35	2	1	94	202	851	341	317	362	0	0	0	1	0	
1	6	10	12	18	25	29	36	37	38	3	11	14	15	16	22	28	30	33	39	1	2	84	384	0	1387	222	0	138	2	0	2	0	
13	14	16	17	20	22	24	32	34	39	2	4	6	8	9	11	18	19	21	27	1	3	67	755	4933	1165	642	878	0	4	2	1	0	
0	3	4	6	22	24	31	32	34	36	1	11	12	13	19	23	25	27	35	39	2	0	43	2395	718	1852	579	0	32	3	2	1	0	
2	7	13	23	25	31	32	35	36	37	6	9	12	16	20	22	27	28	29	39	0	1	54	596	0	36121	2804	1675	21	19	0	1	0	
2	8	15	19	29	31	32	35	37	39	0	3	9	10	12	20	22	27	28	30	0	2	83	496	0	66351	0	1936	0	11	2	2	0	
5	9	15	20	22	28	29	32	36	39	4	6	8	11	13	14	23	27	31	38	1	3	45	532	27386	0	29665	0	15	2	2	1	0	
1	5	7	18	26	27	29	33	37	39	0	3	9	10	14	15	20	30	32	36	0	0	73	1772	4577	0	391	83	0	2	2	1	0	
5	9	12	13	14	15	21	25	27	31	1	6	8	11	16	23	24	28	32	37	3	1	64	372	0	52983	0	1749	59	3	1	1	0	
4	5	11	20	22	23	24	26	32	38	1	6	13	17	19	21	28	29	37	39	3	2	71	0	1345	1335	0	11	47	26	2	0	0	
0	1	7	10	11	16	17	19	29	30	6	9	13	22	23	26	28	31	32	39	2	3	94	516	404	3653	34980	0	470	3	1	1	0	
4	11	13	15	17	20	22	28	31	36	2	12	16	21	25	29	33	34	37	39	0	0	15	1761	234	648	0	0	82	2	1	7	0	
0	9	11	18	19	20	30	35	37	38	1	6	16	22	28	29	32	34	36	39	1	1	116	293	9692	0	681	0	5	1	1	1	0	
4	10	17	19	20	21	22	28	31	37	5	7	9	11	12	14	18	25	26	34	2	2	87	365	23980	0	452	429	0	3	1	1	0	
4	6	8	10	11	18	20	31	37	38	0	1	5	15	19	22	26	30	34	35	0	3	73	678	34722	0	549	507	7	0	2	1	0	
8	13	16	18	19	21	25	26	33	37	2	3	4	10	11	14	17	22	34	38	1	0	96	2286	63701	12938	0	380	40	4	0	1	0	
3	6	9	10	20	29	30	32	37	39	0	2	4	13	14	15	16	17	26	38	1	1	95	0	1269	175	1945	1545	39	0	2	1	0	
3	11	16	26	29	31	32	34	36	39	1	4	8	17	21	22	25	28	30	37	2	2	102	597	0	83328	2034	1102	0	3	2	1	0	
4	6	7	14	17	21	28	30	31	35	1	2	3	10	12	18	23	25	36	39	0	3	59	166	0	672	244	0	0	5	2	1	0	
1	3	4	10	12	17	18	21	22	39	11	27	28	29	30	31	32	33	34	37	2	0	85	2776	389	120	0	0	21	0	2	0	0	
2	3	5	11	14	24	25	26	27	35	1	4	9	13	16	29	30	33	37	38	1	1	17	0	50397	704	2744	6	17	0	0	1	0	
8	9	11	12	13	21	28	30	33	36	2	5	7	14	16	18	23	25	34	38	0	2	49	199	0	17546	193	0	0	0	2	1	0	
0	2	11	14	19	22	27	32	33	36	6	7	12	16	17	23	28	31	34	39	2	3	61	219	0	908	107255	0	16	1	3	1	0	
4	14	17	23	25	30	31	33	35	37	6	8	10	12	13	18	21	27	28	39	3	0	69	2026	1376	0	983	1906	29	7	2	1	0	
6	9	12	15	16	17	19	21	30	34	1	2	3	5	10	20	24	27	32	35	0	1	47	552	0	194523	0	1982	0	4	2	1	0	
0	1	6	9	11	17	20	28	32	35	4	5	8	12	22	24	27	31	36	37	1	2	59	206	0	915	1568	0	6	1	1	0	0	
0	2	3	5	11	14	22	36	37	38	1	4	7	16	17	19	24	26	28	35	1	3	92	518	9141	0	0	1914	12	3	0	2	0	
1	6	7	21	22	24	30	31	34	36	11	13	14	16	18	19	20	29	33	37	2	0	46	2886	26397	1034	4339	14	70	9	2	1	0	
5	6	8	11	18	25	29	32	34	37	3	4	9	10	15	19	21	26	28	38	3	1	68	218	8833	369	0	970	7	3	0	2	0	
4	5	9	10	16	18	20	24	32	33	2	6	13	22	27	28	31	36	37	39	1	2	29	358	5041	522	0	0	108	4	3	0	0	
2	3	5	8	14	22	26	32	34	38	9	10	11	12	19	23	24	25	27	29	3	3	70	0	1778	716	313	0	89	8	2	0	0	
11	16	18	21	26	29	36	37	38	39	2	3	7	8	9	17	24	28	30	33	0	0	89	3132	20816	53641	0	1566	28	0	2	1	0	
1	3	11	15	19	23	27	28	32	35	4	9	10	17	20	25	29	30	34	38	0	1	15	495	340	0	913	579	13	2	1	1	0	
3	10	20	21	26	28	30	32	34	36	4	5	8	18	22	25	29	33	35	38	3	2	71	1526	1406	0	1904	6433	29	4	2	2	0	
2	6	11	13	17	18	20	24	34	36	8	10	14	15	16	23	25	28	29	30	0	3	43	501	547	0	97846	2665	0	20	2	1	0	
0	1	2	8	11	20	23	24	25	33	7	10	15	17	21	27	28	31	37	39	2	0	77	2252	0	1250	2135	2573	121	4	2	1	0	
0	2	3	7	8	18	21	27	37	38	6	9	20	23	25	26	28	33	34	39	0	1	120	1431	1567	4827	390	0	212	7	0	1	0	
5	9	10	11	15	16	18	27	28	29	0	1	2	3	7	14	19	30	35	39	3	2	87	1202	1921	2133	0	10	23	11	1	0	0	
6	8	10	13	14	26	27	31	34	37	0	3	4	5	17	19	21	29	32	35	3	3	76	163	391	457	0	0	244	0	1	1	0	
1	6	7	13	15	16	20	26	31	35	2	5	8	17	22	23	27	28	29	30	0	0	76	1353	2071	0	301	0	14	2	0	1	0	
0	5	18	19	20	23	24	26	33	34	1	2	4	7	10	15	21	22	37	39	3	1	45	132	0	23852	0	0	0	3	2	2	0	
0	1	3	4	7	17	19	25	33	34	6	8	10	13	15	20	22	31	36	38	2	2	21	292	0	0	605	1266	16	4	0	0	0	
1	2	3	14	15	17	25	29	31	39	0	4	7	11	16	23	24	28	30	38	3	3	44	281	0	204	184	0	0	25	0	1	0	
0	7	10	19	23	24	29	31	36	37	5	6	9	14	20	25	26	34	35	39	3	0	77	1452	4394	0	260	0	49	0	1	1	0	
3	5	11	12	15	19	27	29	32	39	0	7	8	10	13	23	30	34	36	37	2	1	44	261	0	1218	0	1132	27	2	0	1	0	
6	9	13	16	21	25	29	32	35	38	0	8	10	15	23	26	27	33	34	39	0	2	72	234	11572	613	211	0	15	0	1	0	0	
1	2	14	18	25	28	30	36	38	39	5	6	9	11	20	27	31	32	34	37	2	3	66	506	0	24152	0	932	56	12	1	1	0	
7	8	9	17	18	22	30	31	34	35	1	2	5	10	13	16	24	37	38	39	1	0	68	1615	1719	616	0	12	20	0	3	1	0	
0	4	15	19	23	26	30	32	34	38	3	8	9	10	14	17	24	28	35	37	0	1	67	299	16899	179	368	0	2	0	3	0	0	
3	5	13	20	23	30	33	35	36	37	10	15	16	18	19	27	29	31	32	38	0	2	51	1765	643	195	0	13	83	15	2	1	0	
3	4	5	10	18	22	25	30	31	35	0	6	11	14	19	24	26	27	32	34	1	3	45	127	97	0	357	0	108	0	2	1	0	
0	2	7	9	16	17	21	26	28	39	1	3	8	15	24	25	27	30	34	36	0	0	93	1746	0	1500	32025	15	84	6	2	0	0	
5	8	10	14	18	24	29	30	32	36	2	9	15	17	19	27	31	33	35	39	3	1	89	926	0	634	814	523	26	4	0	0	0	
0	2	3	5	6	8	16	20	30	37	7	11	12	13	17	23	24	25	26	32	2	2	7	0	75693	808	0	5212	35	4	1	1	0	
3	4	9	12	15	21	25	28	31	37	2	5	10	17	24	27	29	30	33	39	2	3	80	411	0	227	0	229	5	0	2	0	0	
3	12	13	17	18	26	28	31	34	36	0	5	8	9	10	11	22	27	29	35	3	0	58	1929	0	44954	10444	1347	20	0	2	1	0	
0	1	3	5	9	12	13	17	19	28	6	7	10	14	22	23	27	31	33	35	2	1	86	1083	94561	2763	45258	489	30	3	1	2	0	
1	5	7	9	10	11	20	25	26	31	4	8	14	15	19	27	29	33	35	39	3	2	81	0	875	616	201	0	24	0	0	0	0	
2	5	9	11	23	25	30	34	35	36	1	10	18	19	21	22	27	28	32	39	3	3	73	953	24107	382	0	1138	10	0	2	0	0	
0	1	17	18	23	24	28	29	33	35	2	3	15	16	19	21	22	26	30	39	0	0	90	820	0	31711	0	1239	9	3	1	0	0	
3	11	17	19	20	28	29	30	35	37	4	6	7	8	9	12	13	14	21	31	3	1	69	541	28812	0	0	816	16	2	0	1	0	
4	6	10	11	12	17	20	24	26	31	2	5	9	13	19	27	29	32	33	36	0	2	82	0	519	15512	0	0	262	2	0	1	0	
0	1	4	11	15	17	20	25	27	37	12	13	18	23	28	29	30	33	35	39	1	3	86	184	9441	0	0	604	36	0	2	1	0	
0	2	4	5	10	12	23	30	33	36	6	7	13	14	16	27	28	32	37	38	1	0	19	1165	1131	389	275	0	4	2	0	1	0	
3	5	10	11	12	19	21	29	35	36	8	9	14	16	17	20	25	26	30	32	1	1	85	331	735	0	1619	0	552	2	2	1	0	
2	3	4	12	14	15	16	17	32	34	0	1	11	19	20	23	26	28	29	33	0	2	72	521	805	1276	53182	6	0	0	0	2	0	
0	7	10	14	16	29	32	33	36	38	1	5	9	12	15	20	28	30	35	39	0	3	46	267	294	474	1093	0	0	54	2	1	0	
0	1	3	4	12	13	30	37	38	39	8	9	10	15	22	23	29	32	34	35	2	0	52	845	405	1564	822	0	0	0	0	1	0	
2	7	8	9	22	23	27	33	36	38	10	12	13	16	17	20	24	31	34	39	1	1	84	710	17096	1013	1063	529	91	0	1	1	0	
1	7	8	10	17	25	29	30	36	37	2	3	5	15	21	24	31	32	33	35	2	2	17	508	210	0	49899	0	23	2	0	1	0	
0	2	3	11	13	14	15	17	26	38	8	10	19	22	24	28	30	32	34	35	2	3	32	231	261	488	296	0	0	4	0	1	0	
5	6	8	21	23	28	31	34	35	37	0	7	9	10	14	20	24	25	27	33	1	0	37	2124	30160	833	589	923	8	2	1	1	0	
1	3	11	21	22	24	26	28	33	37	2	4	5	14	15	19	20	31	36	38	2	1	64	1391	0	990	23759	1408	21	0	1	1	0	
0	8	10	11	13	19	25	29	32	39	1	5	16	20	21	22	23	31	34	37	3	2	87	226	0	208	0	9	6	6	2	1	0	
8	9	11	12	17	19	26	27	37	39	2	6	13	16	18	21	23	28	29	35	3	3	73	188	7745	253	947	0	156	8	0	1	0	
7	9	10	12	18	19	21	25	27	31	5	11	13	17	24	29	33	35	37	39	3	0	94	2830	0	1960	699	1703	114	0	4	0	0	
4	9	18	19	20	24	27	30	34	39	0	2	12	14	15	26	28	29	31	32	2	1	103	197	6726	91	0	12	0	0	2	0	0	
1	2	5	6	11	12	14	26	35	39	8	10	16	18	19	20	21	32	34	38	0	2	82	257	0	230	772	385	0	8	1	0	0	
0	8	14	18	20	26	29	30	32	37	6	7	10	19	21	22	23	24	31	38	0	3	64	220	0	536	0	937	37	4	1	1	0	
7	15	22	23	24	25	33	35	36	39	5	10	16	26	29	30	31	32	34	38	2	0	86	1929	59652	0	1561	611	22	3	0	1	0	
2	4	10	11	23	27	28	31	32	35	1	6	8	12	16	17	18	26	34	38	2	1	35	159	0	403	0	482	14	0	1	1	0	
1	4	20	26	30	31	32	35	36	38	0	5	8	12	14	15	25	27	37	39	3	2	61	2837	1029	974	52208	6	0	0	1	1	0	
5	9	11	13	14	21	23	30	31	38	3	4	7	10	12	17	27	33	35	39	1	3	43	174	291	0	260	0	16	0	0	1	0	
1	3	12	16	18	20	23	27	33	38	4	8	10	13	15	19	26	28	32	35	1	0	85	1055	350	360	146	0	66	0	2	1	0	
13	14	18	19	25	27	28	30	34	39	8	9	10	17	22	24	32	33	35	36	3	1	88	692	22397	0	4653	257	5	2	1	0	0	
0	1	3	8	18	21	22	29	34	37	2	4	7	10	11	16	17	32	36	38	0	2	65	0	58076	503	619	0	63	9	0	1	0	
1	4	8	9	18	25	27	30	33	37	0	6	7	11	13	17	19	31	32	35	0	3	94	0	35673	1149	2777	13	0	5	1	0	0	
1	2	4	13	14	17	21	24	26	39	3	5	11	15	20	23	28	30	34	38	0	0	36	1665	0	208	183	0	0	4	1	1	0	
2	11	17	19	25	27	28	31	32	38	5	6	8	9	10	16	23	30	34	35	1	1	61	375	9651	297	0	0	0	0	1	1	0	
4	12	15	16	17	18	19	24	31	37	0	3	13	20	22	23	26	27	32	36	3	2	61	0	5716	114763	4000	3153	0	3	3	1	0	
3	5	6	16	22	24	30	32	35	37	4	8	15	17	19	23	27	34	36	39	1	3	67	0	78360	737	1067	1500	19	6	2	1	0	
0	1	2	4	10	18	22	24	34	36	3	5	6	11	15	25	30	31	32	35	2	0	12	1143	344	0	127	34	0	4	0	1	0	
1	12	14	23	29	34	35	36	38	39	2	4	8	10	11	20	24	31	33	37	1	1	16	695	0	336171	60479	680	0	12	2	1	0	
0	6	11	12	13	19	26	29	34	38	2	8	9	14	16	21	22	30	32	39	2	2	83	232	0	109	21	0	20	1	1	1	0	
3	12	17	19	21	29	30	35	36	38	0	1	8	10	13	14	16	22	27	34	1	3	96	425	650	0	0	3565	99	12	2	0	0	
0	5	8	12	18	23	24	26	27	39	2	6	9	13	16	21	25	30	31	33	0	0	60	2018	0	1124	19655	13	0	3	1	1	0	
2	4	11	17	24	27	30	33	36	37	0	5	10	15	16	19	20	22	35	38	1	1	72	315	910	384	0	348	0	2	0	1	0	
1	2	10	18	19	26	28	31	35	36	0	3	5	6	7	9	11	30	33	38	3	2	97	399	282	0	0	0	24	3	1	1	0	
4	8	10	13	14	25	29	30	36	39	5	7	9	15	19	20	27	31	32	38	2	3	51	564	0	929	36660	747	0	25	1	0	0	
0	1	7	13	14	16	20	21	37	39	5	6	8	9	11	19	25	27	28	38	3	0	80	2032	4886	145	43	20	0	0	2	0	0	
0	1	6	8	21	24	31	37	38	39	5	7	9	11	13	15	23	30	32	33	1	1	55	1443	14448	946	1277	3743	33	3	2	0	0	
0	1	15	17	18	21	29	30	36	39	2	5	12	13	14	20	24	27	28	31	0	2	43	700	0	2270	41143	1386	61	0	1	1	0	
0	1	2	7	8	13	14	16	30	31	3	6	12	15	19	20	21	24	26	33	1	3	26	473	528	645	243	1217	29	0	1	1	0	
1	4	6	7	11	14	15	19	30	38	3	5	13	17	21	22	23	24	33	37	3	0	34	6268	24584	516	0	315	4	2	2	1	0	
1	4	10	11	15	19	20	26	37	39	0	2	9	13	17	24	25	27	33	34	3	1	30	95	0	1210	0	11	0	6	1	2	0	
0	5	8	16	19	21	27	29	30	37	3	6	9	13	15	25	32	33	35	38	1	2	75	354	268	8105	0	859	55	0	1	1	0	
0	2	12	13	18	22	23	29	31	38	1	3	6	7	8	17	24	25	26	34	2	3	87	359	495	0	983	1966	110	7	1	0	0	
8	11	17	20	21	30	33	34	36	38	0	6	7	10	13	19	25	27	28	37	3	0	65	2134	0	0	40756	2470	204	7	2	1	0	
4	7	10	14	17	27	28	36	37	39	0	6	12	16	20	24	25	31	33	35	1	1	15	157	0	317	2902	694	0	3	0	1	0	
2	6	10	18	25	26	27	32	35	36	5	8	20	22	28	30	31	34	37	38	1	2	14	270	595	0	142835	1256	81	8	0	7	0	
2	11	14	18	20	21	29	30	33	35	1	3	6	9	15	16	19	24	31	32	1	3	78	0	988	25463	0	12	25	7	2	0	0	
1	2	9	18	28	29	32	33	34	36	4	8	10	12	13	14	16	21	26	37	2	0	68	592	0	805	4856	6	11	4	2	1	0	
2	5	12	15	21	23	27	29	31	39	3	6	7	16	20	25	28	32	35	38	2	1	76	324	288	0	1835	391	14	8	0	0	0	
1	3	13	14	17	18	23	32	33	38	5	10	11	12	19	25	26	27	34	37	3	2	104	364	320	291	554	5	0	8	2	1	0	
0	2	3	8	14	24	28	31	33	37	6	9	10	11	12	13	22	25	38	39	3	3	68	507	213	132	74	246	0	27	1	1	0	
1	10	14	16	19	20	23	24	34	37	5	7	11	15	21	22	26	35	38	39	3	0	44	2298	0	1218	0	577	0	0	1	1	0	
0	6	14	16	17	19	20	21	30	39	2	5	7	8	15	26	27	28	36	38	1	1	82	91	0	23929	0	421	0	4	2	1	0	
4	6	9	11	18	23	26	32	35	38	0	3	10	12	28	30	31	34	36	39	1	2	77	568	0	2171	252	0	40	3	0	1	0	
3	6	11	13	14	20	24	26	28	33	1	9	16	22	27	30	32	35	37	38	1	3	39	215	907	0	2701	15	117	0	1	1	0	
1	20	21	23	25	26	32	34	37	38	3	6	10	11	12	18	19	30	33	36	1	0	89	3364	1387	239	1144	5	72	8	2	1	0	
11	16	17	24	25	26	33	34	35	39	1	12	18	20	23	27	28	31	32	36	1	1	79	575	26471	1781	47751	467	0	4	0	0	0	
2	5	13	16	17	23	26	27	31	39	1	4	7	8	21	29	33	34	35	36	3	2	69	1098	0	79637	2698	148	29	4	0	1	0	
2	8	17	18	22	23	27	28	33	34	9	13	29	30	31	32	35	36	38	39	2	3	106	283	0	31310	0	0	14	14	1	1	0	
3	9	13	14	16	18	21	33	34	39	4	5	7	8	11	19	24	25	28	32	3	0	63	1105	5534	139	0	1180	47	2	1	0	0	
3	13	14	15	21	25	27	30	32	38	4	8	12	19	20	29	31	33	35	36	1	1	56	0	927	45053	778	514	5	0	0	1	0	
0	1	6	15	21	26	29	30	31	38	2	4	5	7	10	17	23	27	28	34	1	2	17	482	0	20178	0	421	7	0	1	1	0	
1	2	4	6	8	17	22	23	28	32	0	7	11	13	16	25	26	35	36	38	0	3	59	0	73980	1871	1301	0	0	0	0	1	0	
1	3	7	9	11	20	24	25	30	38	0	8	16	19	21	22	32	34	37	39	3	0	64	2397	0	3811	2092	314	0	0	1	1	0	
0	9	13	19	20	23	25	27	28	31	1	8	15	16	17	18	22	24	30	38	1	1	104	272	0	80643	1548	643	0	21	2	1	0	
1	2	4	6	10	17	19	23	25	34	7	8	14	20	24	31	32	36	38	39	2	2	27	284	0	659	426	0	15	1	1	2	0	
9	14	16	18	20	24	29	35	36	38	0	2	7	10	11	12	13	19	23	26	3	3	50	509	24881	0	32000	16	100	12	0	1	0	
14	19	21	23	26	27	31	33	34	39	0	2	4	5	8	12	15	16	28	35	0	0	62	2713	3107	567	0	10637	36	0	2	0	0	
1	4	5	6	12	13	15	23	25	30	0	7	14	19	20	21	31	32	36	38	2	1	17	200	243	0	73	55	0	1	0	1	0	
7	10	11	17	20	21	22	23	30	31	2	5	14	18	28	32	33	35	36	37	2	2	20	0	8919	0	0	0	0	0	0	2	0	
2	3	8	11	13	20	24	32	34	36	0	1	9	14	15	16	23	25	26	29	2	3	69	273	387	0	266	0	4	2	1	0	0	
3	9	11	21	24	26	29	30	33	34	2	13	14	17	18	25	32	35	36	39	1	0	92	2365	12963	2514	0	1605	25	0	2	1	0	
6	9	17	18	20	21	23	26	31	32	0	1	7	12	13	16	22	28	30	39	0	1	59	0	632	246	0	0	9	0	1	1	0	
0	10	14	16	20	26	27	30	35	38	5	6	7	8	11	12	23	31	33	39	2	2	22	406	3848	0	0	1089	5	0	1	1	0	
13	16	17	18	19	28	29	32	34	39	2	5	6	14	24	26	30	31	35	37	2	3	64	500	0	268776	58042	3333	155	8	2	1	0	
5	6	7	8	17	27	28	29	30	39	1	3	9	12	20	21	22	23	24	31	2	0	117	2513	0	885	11096	11	4	0	2	1	0	
1	2	6	9	14	21	26	33	36	38	4	7	10	11	12	18	28	32	35	37	1	1	88	165	0	360	0	1413	0	18	2	1	0	
0	3	7	12	18	20	21	26	36	39	4	5	10	11	14	17	19	24	25	29	3	2	42	311	188	0	6443	204	0	14	1	1	0	
2	3	4	6	7	9	16	18	21	24	5	8	15	20	22	25	28	29	34	38	0	3	57	1117	60926	1351	3103	1368	252	5	0	1	0	
3	8	11	12	13	14	16	27	33	37	1	2	10	15	17	20	28	30	36	39	2	0	22	1397	217	0	527	0	3	0	0	0	0	
0	3	4	9	10	18	19	27	35	38	2	6	8	11	12	14	20	24	30	33	3	1	57	279	632	0	0	1172	22	1	1	1	0	
2	8	13	24	25	28	31	35	38	39	5	9	11	16	21	23	27	29	33	37	1	2	57	588	39913	760	0	0	86	12	3	1	0	
5	6	8	12	16	20	23	26	35	36	1	3	4	14	17	18	21	24	29	32	1	3	36	290	154	0	1412	0	79	2	0	1	0	
7	12	16	19	26	27	31	35	37	38	6	10	13	14	21	22	23	24	29	32	0	0	35	2982	18260	0	5691	3525	14	2	1	0	0	
1	2	8	10	19	26	31	33	37	39	3	4	15	16	18	21	24	25	34	36	2	1	43	283	0	60104	354	0	0	3	2	1	0	
4	5	7	16	17	21	23	26	27	37	2	11	13	19	20	24	28	30	32	33	0	2	34	298	0	998	1468	15	0	5	2	1	0	
9	11	12	15	18	25	26	27	38	39	1	3	8	13	14	19	28	29	31	36	0	3	76	427	0	57986	0	12	29	3	1	1	0	
1	11	13	17	19	22	26	28	31	33	5	6	9	15	16	18	20	24	30	36	1	0	87	2360	35556	1800	0	2946	100	7	2	1	0	
2	6	9	15	20	24	29	31	34	36	0	8	16	17	18	21	25	27	37	39	0	1	95	251	4711	0	0	1452	11	4	2	0	0	
6	9	13	14	19	24	26	27	28	34	0	2	5	7	16	22	30	31	38	39	1	2	56	336	0	119843	5293	13	72	16	1	1	0	
2	3	6	9	10	20	22	26	28	29	1	7	11	17	21	24	31	34	35	38	0	3	90	0	5728	298754	1500	5381	61	57	2	0	0	
3	4	14	15	17	21	22	32	37	38	6	7	13	18	25	26	27	28	30	33	3	0	54	740	0	0	206	165	9	0	2	0	0	
1	6	7	9	13	22	26	32	33	37	3	8	10	15	18	23	28	31	34	36	1	1	68	517	410	0	663	619	0	2	0	0	0	
2	3	8	13	15	18	19	20	23	39	0	7	12	25	28	32	33	35	37	38	0	2	82	369	498	0	40765	1899	15	2	0	1	0	
4	10	15	16	22	23	24	28	36	37	3	7	8	13	18	19	27	34	38	39	2	3	80	341	428	0	1671	530	35	9	2	0	0	
3	6	15	19	20	23	26	29	33	37	1	7	8	13	14	16	18	21	35	39	1	0	86	1962	0	1169	0	2160	147	2	0	1	0	
0	1	2	4	25	26	27	35	38	39	5	11	13	19	21	22	23	24	33	37	3	1	57	1377	386	372	0	0	22	4	0	1	0	
0	2	7	16	27	29	32	33	36	38	3	10	14	18	19	24	25	28	35	39	1	2	109	422	0	37175	6450	991	10	0	1	1	0	
1	3	5	10	12	17	18	25	33	35	6	7	8	9	11	23	31	32	34	39	0	3	107	487	16103	5757	0	269	12	0	1	1	0	
8	10	11	12	13	24	26	29	36	37	2	4	7	15	17	21	25	27	32	33	1	0	76	970	0	5062	11819	0	13	10	2	2	0	
0	2	4	5	15	16	17	30	38	39	6	8	10	11	14	20	24	31	36	37	1	1	45	1084	689	354	1194	1543	54	3	2	0	0	
8	10	12	13	22	24	26	30	35	36	0	2	3	9	11	16	21	23	29	39	3	2	50	840	389	515	0	11	0	9	1	1	0	
0	2	6	12	17	24	26	29	34	35	4	5	7	8	11	18	19	28	31	37	2	3	84	399	231	0	511	0	27	3	1	1	0	
3	7	15	16	27	29	31	33	35	36	0	1	8	9	20	22	26	30	34	39	3	0	109	1618	0	1423	375	0	48	2	2	1	0	
1	7	13	15	21	27	28	29	33	38	0	4	5	8	14	18	19	30	37	39	0	1	104	559	471	234	0	13	33	2	2	1	0	
4	8	9	11	13	14	22	29	33	36	1	5	6	12	16	20	23	34	35	39	2	2	32	208	0	304	0	1298	0	0	2	1	0	
0	3	6	10	28	29	32	33	34	39	2	8	15	18	19	22	27	31	35	36	3	3	87	0	393	273	109	192	0	3	0	1	0	
3	12	14	19	24	25	31	32	36	39	1	6	7	10	13	18	21	22	27	30	1	0	83	1713	537	0	93465	0	28	3	1	1	0	
0	1	10	12	14	18	23	26	31	32	2	4	5	6	7	9	17	22	30	36	2	1	0	157	0	229	821	0	0	1	2	1	0	
1	6	7	12	15	16	19	27	30	37	0	2	8	9	11	13	23	26	29	39	3	2	82	0	94769	797	620	4	0	4	1	1	0	
1	2	9	14	15	22	25	30	36	37	0	5	11	12	17	19	26	27	31	33	3	3	64	234	0	497	529	0	0	2	0	1	0	
4	5	9	13	14	19	20	27	29	36	0	2	6	10	12	18	22	25	26	34	1	0	82	1473	9296	0	338	5	0	8	1	1	0	
0	3	9	13	18	20	21	27	29	39	2	4	17	24	25	26	33	34	35	38	1	1	40	142	0	1821	28863	0	663	8	3	1	0	
1	5	13	20	26	27	30	34	35	38	3	4	9	10	11	19	23	25	37	39	3	2	86	1167	0	929	44914	411	6	2	0	1	0	
7	8	12	19	22	24	29	34	36	38	0	1	10	13	14	18	27	31	33	39	3	3	101	197	0	19462	0	487	68	14	1	1	0	
2	4	8	12	13	16	19	21	24	32	7	9	10	14	15	23	29	33	38	39	3	0	104	1863	18119	539	0	0	1	1	2	0	0	
3	7	8	13	22	30	32	36	38	39	2	6	9	14	20	24	25	28	29	37	3	1	75	1113	1162	390	0	1075	0	16	3	1	0	
4	5	8	13	16	19	21	22	32	33	7	9	15	18	23	25	26	34	35	39	2	2	63	0	0	502	0	629	20	6	2	1	0	
0	1	2	9	13	14	31	35	36	38	3	4	5	6	10	17	22	25	28	33	1	3	36	1059	979	0	0	621	0	2	1	1	0	
5	7	11	12	16	21	23	27	34	39	2	4	6	13	20	25	26	29	32	35	0	0	27	1383	0	20578	83	224	0	11	1	0	0	
2	6	8	12	14	29	32	34	35	36	5	11	16	18	22	23	25	27	31	33	3	1	38	1108	0	2103	0	13	0	1	1	1	0	
4	6	7	10	15	16	26	29	31	37	0	1	5	9	11	12	13	23	25	38	0	2	54	366	159	0	882	5	0	7	0	1	0	
0	2	4	11	20	21	23	26	34	35	8	15	19	22	25	27	29	30	36	38	3	3	13	515	0	580	1140	765	14	0	1	1	0	
1	7	9	12	14	17	21	25	27	32	2	10	13	16	20	24	26	33	34	36	2	0	39	1775	0	2023	0	625	158	3	1	1	0	
0	4	15	17	25	27	29	34	35	37	2	6	7	8	14	18	26	28	31	38	0	1	61	209	724	0	675	1631	3	2	0	1	0	
0	3	8	9	11	15	23	32	33	34	1	4	6	16	20	25	27	30	37	39	3	2	55	0	0	0	0	12	20	3	2	0	0	
1	2	4	10	11	14	33	34	36	39	3	5	9	16	21	24	28	29	31	32	3	3	63	252	1909	195	0	1269	0	0	3	1	0	
1	4	19	23	24	27	28	30	37	39	0	2	7	8	9	12	16	31	34	35	2	0	85	1294	786	971	0	0	117	3	1	0	0	
7	13	14	18	21	22	25	27	31	34	12	16	17	23	28	29	33	36	37	39	1	1	79	299	0	0	423	560	34	1	0	2	0	
5	10	12	17	20	23	25	26	29	32	1	3	7	11	18	27	28	33	38	39	1	2	76	0	99824	0	4597	13	75	0	2	1	0	
3	6	9	21	23	25	27	28	32	39	5	7	10	13	14	18	20	26	34	38	0	3	88	765	0	326681	4472	3517	28	3	1	0	0	
0	5	7	18	21	30	31	33	36	38	9	10	11	13	14	19	20	23	25	34	1	0	79	3668	16729	0	1398	13	28	2	2	1	0	
1	2	3	5	15	27	28	33	35	38	4	6	8	10	11	12	16	18	20	32	2	1	15	0	22973	0	255	0	63	3	1	1	0	
0	3	13	14	18	28	29	32	36	37	4	10	16	21	22	30	31	33	34	35	2	2	24	103	1061	578	0	13	69	7	0	0	0	
4	6	10	11	20	24	28	34	35	37	0	2	7	18	22	25	27	29	31	39	3	3	72	0	455	9237	0	267	4	0	0	0	0	
5	8	18	19	24	26	27	28	32	36	0	3	4	6	9	14	16	22	33	35	1	0	41	1353	0	1513	349	0	73	8	2	1	0	
1	7	10	14	16	21	23	26	30	35	4	8	15	19	20	25	29	31	33	38	1	1	66	224	0	1551	27100	0	4	0	2	2	0	
4	7	9	10	17	19	23	25	37	38	6	8	11	14	24	28	29	31	32	35	3	2	68	214	419	0	1183	0	131	2	1	1	0	
1	3	5	8	14	24	28	29	33	37	6	9	10	15	18	21	25	27	34	38	0	3	114	485	401	229	0	0	14	6	1	0	0	
2	4	9	12	15	17	33	35	38	39	1	8	13	19	24	25	28	31	32	37	0	0	81	3568	595	42949	1628	1624	45	6	2	1	0	
0	1	4	10	17	22	24	31	32	39	9	12	16	18	21	23	26	28	34	37	3	1	44	228	0	629	10205	226	9	0	0	1	0	
0	3	5	9	11	13	14	15	30	33	2	18	19	22	25	26	27	29	38	39	1	2	107	1108	24166	1943	1927	586	3	0	1	1	0	
0	1	7	11	20	22	23	28	38	39	2	8	10	19	21	24	25	31	32	36	3	3	77	462	0	26583	188	0	7	1	1	1	0	
3	11	13	14	15	16	17	26	35	39	1	7	9	12	19	22	31	34	36	37	1	0	108	4238	3503	41622	0	12	321	0	4	1	0	
2	4	5	6	18	21	25	32	34	36	7	10	12	13	19	27	28	30	37	38	3	1	43	154	8588	660	0	342	4	2	1	0	0	
2	3	5	9	11	17	18	19	20	35	6	14	22	23	24	30	32	34	36	39	1	2	90	0	61799	2053	2503	439	44	5	0	0	0	
5	6	12	21	25	27	32	35	36	39	11	15	18	22	23	24	26	28	29	38	3	3	89	0	1886	39095	0	4027	8	6	2	1	0	
5	7	11	18	20	21	23	29	30	33	4	10	15	16	19	25	27	28	32	34	1	0	87	2997	0	69829	0	1591	51	5	0	1	0	
3	4	6	17	18	19	20	22	35	38	1	10	11	14	21	26	27	30	32	37	2	1	60	761	4979	0	4537	208	0	8	0	0	0	
5	7	9	12	22	23	25	32	34	37	1	4	6	13	15	17	20	21	24	36	1	2	11	0	808	527	7646	691	15	1	0	1	0	
2	9	15	16	17	19	25	28	33	39	4	5	6	13	21	22	24	29	31	34	1	3	101	156	0	174	0	1003	33	7	0	1	0	
5	6	7	12	13	14	17	18	21	22	19	20	23	24	28	31	33	36	37	39	3	0	57	1321	1606	745	1624	980	53	0	0	0	0	
1	5	6	17	28	32	33	35	36	39	2	4	7	9	11	14	19	22	26	29	2	1	74	1568	62411	0	0	12	74	28	2	3	0	
3	5	7	21	23	25	36	37	38	39	0	1	2	8	9	12	17	19	27	30	3	2	80	1865	1094	791	45	5	10	0	2	0	0	
0	2	13	14	15	16	20	25	27	37	1	3	4	6	10	19	22	24	31	39	2	3	53	602	125	23	0	0	41	2	1	1	0	
2	7	11	18	26	27	31	34	35	38	0	5	12	14	23	24	25	29	30	37	0	0	39	1542	341	0	63	243	8	0	1	1	0	
4	12	14	16	17	19	21	27	28	34	3	11	13	20	31	32	35	36	38	39	1	1	89	1036	49148	0	121059	0	315	4	4	1	0	
0	9	11	19	20	23	24	28	35	38	12	15	16	17	21	22	25	26	27	29	3	2	69	562	718	696	0	12	0	12	1	0	0	
3	8	12	17	19	27	33	34	35	39	0	1	4	6	13	14	18	22	24	36	0	3	55	643	547	6334	0	0	72	7	1	1	0	
2	8	11	14	16	21	25	30	34	35	1	4	6	7	10	13	23	29	32	36	3	0	32	1347	172	306	179	0	164	6	2	0	0	
10	11	13	14	15	16	17	27	29	33	0	1	2	5	6	18	23	26	32	35	1	1	96	1325	0	284761	4292	11	53	28	3	1	0	
1	2	6	7	8	9	21	25	28	39	0	4	10	14	15	18	31	33	34	37	3	2	69	2115	41638	3040	82757	6	18	4	1	1	0	
0	9	10	12	19	20	23	34	36	38	7	8	15	18	22	25	30	32	33	39	0	3	70	600	6986	196	0	2238	69	0	2	0	0	
2	4	7	15	17	21	28	30	31	35	1	3	5	8	11	20	22	23	36	38	3	0	17	1350	210	0	551	122	14	0	2	1	0	
0	5	9	10	13	14	22	23	29	31	3	6	8	11	12	17	18	26	33	35	2	1	70	306	0	1678	1376	12	0	6	0	0	0	
5	12	16	20	21	22	25	26	36	38	10	17	24	28	29	30	31	33	37	39	3	2	85	609	0	1665	1543	615	0	28	0	1	0	
8	12	16	18	20	30	34	36	37	38	0	5	9	17	21	22	23	24	26	32	3	3	77	700	29640	0	231746	3250	146	7	2	1	0	
2	5	6	7	14	17	19	25	35	39	0	1	15	18	22	24	29	32	37	38	0	0	96	1468	6510	1595	1119	0	230	0	2	1	0	
0	3	12	16	21	22	23	31	33	37	5	6	9	13	17	19	24	25	26	32	3	1	39	162	0	948	0	2453	0	0	2	0	0	
1	2	4	5	9	15	16	20	21	30	8	10	11	12	14	19	22	35	36	37	0	2	84	939	0	0	0	4045	321	3	2	0	0	
0	7	17	19	20	23	30	33	38	39	2	4	8	11	12	14	18	28	29	31	0	3	77	736	390	0	1085	0	59	0	3	1	0	
2	8	10	13	17	22	25	32	34	35	0	3	5	12	15	20	24	27	30	38	1	0	10	1607	0	245772	1294	0	10	0	1	1	0	
4	6	8	9	11	19	23	29	37	38	2	12	13	20	24	25	30	32	34	39	1	1	87	297	7218	107	0	15	0	1	0	1	0	
5	7	8	14	15	24	25	36	38	39	3	4	6	9	11	13	18	20	32	37	0	2	88	116	0	139	0	2839	55	6	1	0	0	
11	15	16	22	28	29	30	31	34	38	1	2	3	4	14	19	21	26	35	37	0	3	32	770	9843	513	790	306	6	0	2	1	0	
6	7	9	20	21	22	25	35	37	39	0	2	3	8	13	26	28	29	31	38	0	0	117	1391	8773	49	0	0	4	3	1	0	0	
7	9	13	16	18	20	30	35	36	37	3	4	5	8	15	17	24	26	32	38	0	1	80	1556	29443	435	0	14	0	4	2	1	0	
1	5	10	11	12	15	19	23	25	33	0	6	9	13	14	16	24	29	37	39	3	2	45	423	0	731	0	855	34	0	1	1	0	
6	11	15	18	21	24	25	30	36	37	0	1	2	4	5	9	13	22	29	38	2	3	65	453	6732	0	0	737	161	7	1	1	0	
0	10	12	13	16	21	24	28	29	35	1	2	3	5	22	23	26	27	32	34	3	0	9	2431	1786	55030	3835	4234	0	12	1	1	0	
2	4	5	7	8	11	16	25	31	32	1	6	12	18	19	27	30	34	35	39	3	1	103	0	0	0	1539	0	46	18	3	1	0	
6	11	18	20	24	25	29	32	33	34	3	4	5	7	14	17	19	23	31	36	1	2	61	0	0	0	791	0	133	5	2	1	0	
2	3	6	21	23	31	33	35	37	38	1	4	7	8	9	13	19	22	27	28	3	3	75	1139	14821	2615	0	3173	38	6	1	2	0	
2	10	18	20	21	25	29	31	35	37	3	4	6	9	12	19	22	34	36	39	3	0	106	2290	12742	628	0	0	9	3	1	1	0	
3	4	7	9	12	16	22	28	32	38	2	8	13	14	20	21	26	30	37	39	0	1	63	407	9327	183	0	107	0	12	5	3	0	
3	9	12	13	15	16	18	23	33	35	0	5	6	7	11	19	26	27	29	31	2	2	48	888	12584	287	0	1257	0	6	0	2	0	
0	1	2	8	11	31	34	36	37	38	4	9	12	13	16	19	25	28	33	35	3	3	104	1238	948	2672	1376	1273	7	0	3	1	0	
2	3	8	23	29	31	35	36	37	39	1	10	12	16	20	28	30	32	34	38	1	0	50	3804	58337	3651	3419	0	752	0	3	1	0	
2	3	4	7	11	17	18	28	30	35	1	8	13	19	22	23	27	29	31	36	3	1	64	0	27481	362	467	0	18	4	2	1	0	
0	10	12	15	18	23	26	27	30	36	3	5	16	17	20	21	24	31	33	34	2	2	56	656	478	1068	532	0	31	8	2	1	0	
6	7	9	12	17	22	28	30	34	37	0	3	10	13	18	23	24	26	32	33	1	3	44	309	8649	0	1255	0	5	0	2	1	0	
2	5	12	17	25	27	30	34	35	39	1	7	10	20	23	24	26	29	33	38	3	0	85	1618	0	450	0	1021	0	5	2	1	0	
3	4	6	13	15	17	18	30	31	32	0	16	20	23	25	26	28	29	35	36	3	1	14	531	1282	3245	1184	0	0	1	1	1	0	
16	21	22	24	26	28	30	32	34	38	2	4	5	7	8	11	27	29	31	33	3	2	45	1990	874	16600	0	12	26	3	2	1	0	
0	1	8	14	22	24	26	30	33	35	2	3	4	11	20	21	27	28	36	37	1	3	36	1229	265	444	271	0	0	6	1	0	0	
1	5	7	19	23	26	33	37	38	39	3	4	8	9	15	18	20	25	27	31	0	0	69	3036	0	902	21513	981	11	0	0	1	0	
1	2	11	18	19	20	22	23	29	36	4	5	8	9	12	13	17	21	31	34	3	1	37	232	12767	0	1388	1234	21	0	2	1	0	
9	11	12	14	16	23	24	27	31	37	4	18	21	22	28	29	30	33	34	38	3	2	95	453	0	0	13843	557	14	3	0	1	0	
3	4	13	15	17	18	27	28	30	38	5	7	10	11	12	20	22	23	34	36	2	3	25	358	0	0	0	2687	8	0	3	1	0	
3	8	10	15	22	25	29	30	32	36	1	2	9	18	21	23	26	37	38	39	3	0	105	1360	126	0	686	14	27	0	1	0	0	
1	4	14	17	19	21	22	24	32	33	6	9	11	18	20	26	29	34	35	38	2	1	55	177	2486	0	337	0	81	2	0	0	0	
8	14	18	19	22	25	29	35	36	38	1	6	11	15	21	26	27	31	37	39	1	2	70	0	22185	15029	0	1227	75	0	1	1	0	
3	6	7	15	18	21	23	27	32	36	4	10	14	20	26	28	29	30	35	38	2	3	91	280	0	221	639	4	19	3	0	1	0	
6	14	15	27	31	32	33	34	36	37	0	1	2	10	13	17	21	26	30	38	1	0	42	1154	65396	0	0	287	5	2	1	1	0	
7	15	16	23	26	28	29	34	35	37	5	13	19	20	21	24	31	32	36	39	0	1	61	429	16468	910	4818	0	9	3	0	0	0	
3	4	6	7	9	12	16	20	28	36	1	2	5	8	10	17	18	25	30	35	0	2	58	725	3485	7324	212	0	50	0	0	1	0	
9	11	14	19	20	22	26	27	35	38	2	4	5	6	15	23	24	31	34	37	3	3	63	429	0	1931	2696	6	0	0	2	1	0	
4	7	14	15	18	21	22	24	33	38	3	5	12	16	25	27	30	34	35	36	1	0	39	1823	0	791	87218	0	13	5	2	1	0	
6	8	13	14	15	16	20	32	33	37	0	1	3	4	10	11	21	35	36	39	2	1	0	477	0	1628	177	992	4	1	1	1	0	
9	12	13	14	16	19	21	24	31	32	1	3	11	15	17	18	23	26	28	29	3	2	58	0	35818	0	1709	4396	50	7	1	0	0	
3	5	6	7	12	22	23	26	29	37	4	8	10	13	14	15	17	27	30	38	3	3	49	788	0	918	57787	1099	11	3	1	1	0	
1	3	4	5	6	7	10	19	30	34	11	18	20	21	23	26	28	29	36	38	3	0	43	3410	24852	415	156	0	7	5	2	2	0	
4	5	7	9	13	21	23	29	33	35	1	2	8	11	14	15	22	25	27	38	0	1	87	783	9160	8885	0	4542	15	2	0	1	0	
0	9	14	19	22	24	26	29	32	38	3	4	7	15	16	30	34	35	36	37	1	2	61	434	0	781	39277	320	0	3	0	1	0	
5	10	12	15	18	21	26	29	37	39	0	2	8	13	19	23	24	31	35	38	1	3	98	384	171	0	14203	0	128	0	0	0	0	
2	7	9	14	20	23	27	31	35	37	0	4	5	10	13	17	19	25	33	39	3	0	50	1419	346	0	11337	423	42	6	0	1	0	
12	15	16	17	18	19	29	33	34	37	0	6	7	13	14	20	21	26	32	35	1	1	57	0	86451	838	15852	7	124	0	2	1	0	
0	1	5	6	9	11	17	23	25	37	2	7	8	12	14	15	20	22	35	38	2	2	34	498	473	0	642	0	0	4	1	1	0	
1	12	14	16	19	20	21	27	38	39	4	7	22	23	28	30	31	34	36	37	2	3	79	0	749	75009	0	3662	53	8	1	1	0	
2	3	9	18	19	20	21	23	28	31	0	4	15	17	25	26	27	35	38	39	1	0	80	1704	211	0	1018	260	2	0	0	1	0	
11	14	20	26	31	32	34	35	36	38	0	1	2	6	10	12	16	17	27	28	3	1	85	1009	0	3520	3550	632	257	33	3	1	0	
2	8	15	16	23	26	27	29	32	37	3	4	7	9	10	14	17	21	36	39	2	2	78	440	0	22232	0	273	0	2	2	1	0	
2	12	13	14	19	24	26	29	31	32	6	7	8	11	20	22	28	34	38	39	1	3	54	0	0	0	1118	10	12	10	1	0	0	
4	5	9	10	12	16	18	24	26	28	0	6	7	19	21	31	32	35	38	39	0	0	84	2683	8260	1523	18576	0	19	4	2	1	0	
2	3	4	5	15	20	24	29	30	32	11	13	14	16	17	23	25	27	35	38	0	1	0	448	503	0	769	0	0	1	0	1	0	
0	1	3	14	15	21	28	31	36	39	5	8	12	13	16	17	30	33	34	38	0	2	40	788	18864	0	335	235	5	0	2	0	0	
2	6	17	26	31	32	33	34	37	39	3	4	5	7	12	16	21	25	30	38	2	3	49	0	18383	906	482	0	68	8	1	1	0	
0	4	5	16	25	27	28	31	34	35	1	2	9	13	14	15	19	20	26	33	1	0	73	2411	6424	0	166	177	0	3	0	1	0	
0	1	3	4	8	20	21	24	36	38	6	10	12	13	14	15	17	22	23	27	2	1	50	1080	0	98458	2759	3025	65	3	2	3	0	
6	14	20	21	24	25	28	29	36	39	3	9	10	11	18	19	30	32	33	38	0	2	45	761	0	2423	1773	10	0	0	2	1	0	
1	15	19	24	31	32	35	36	38	39	0	2	3	14	16	17	20	22	25	33	2	3	27	1475	22471	18022	0	14	404	3	2	1	0	
2	4	6	10	15	17	23	31	33	35	5	8	14	16	21	22	29	32	34	38	1	0	15	1447	126	0	0	614	55	0	1	1	0	
7	9	19	20	21	24	30	33	35	36	5	8	10	11	14	16	18	23	25	26	1	1	92	193	386	903	0	0	343	5	0	2	0	
0	1	5	15	22	23	27	28	33	38	4	6	8	18	21	24	26	29	31	39	2	2	118	276	0	320	189	542	5	0	1	1	0	
18	21	22	25	33	34	35	36	37	39	1	2	10	11	12	13	15	19	30	31	0	3	16	1631	1310	0	0	908	28	7	2	1	0	
10	18	19	20	21	23	27	33	36	39	0	3	6	16	22	24	26	28	29	30	1	0	93	3173	8734	1184	14587	1513	54	7	3	0	0	
4	7	10	11	13	18	21	24	35	39	0	2	3	6	19	29	30	34	37	38	2	1	22	243	301	0	219	180	0	3	1	1	0	
2	4	6	10	11	16	20	25	32	36	5	17	21	23	24	28	29	30	34	37	3	2	40	197	0	155	287	746	6	0	0	0	0	
3	7	9	11	14	23	25	28	30	39	5	6	8	10	17	20	27	33	37	38	0	3	92	187	0	474	0	1868	52	4	1	0	0	
0	1	2	3	11	15	23	24	25	33	9	12	16	17	18	22	28	29	36	39	2	0	97	489	0	0	328	0	5	2	0	0	0	
4	6	12	14	17	19	35	37	38	39	2	3	9	11	13	21	23	26	32	36	0	1	89	1932	28419	424	0	6980	367	12	0	1	0	
2	4	9	12	13	15	16	19	28	31	3	5	6	7	8	11	21	33	36	39	3	2	44	609	29408	0	1048	0	18	3	1	0	0	
0	5	8	9	18	22	29	30	31	32	1	3	12	17	21	23	28	35	38	39	3	3	93	0	23950	0	0	628	32	2	1	0	0	
0	1	2	16	23	24	25	30	33	38	4	5	7	9	12	15	19	21	31	37	2	0	51	1258	181	0	0	797	8	0	2	0	0	
2	5	8	18	22	28	29	30	34	37	3	4	6	9	10	15	26	31	33	38	3	1	100	305	20607	0	0	15	64	4	2	1	0	
0	3	5	7	9	23	26	27	29	39	2	6	8	12	18	19	21	24	35	37	2	2	77	1372	58451	2319	992	1116	0	12	2	1	0	
1	6	9	14	24	25	31	32	34	38	0	3	5	7	13	19	20	27	36	39	2	3	61	381	560	750	35506	373	0	6	2	1	0	
6	9	10	13	15	16	17	21	27	39	0	8	14	18	24	26	30	34	36	38	3	0	47	3428	28353	254	0	574	0	2	0	1	0	
2	9	13	19	21	22	26	27	29	30	4	6	8	12	20	23	24	32	37	38	2	1	93	312	0	183900	1070	1283	6	6	2	1	0	
1	5	13	15	16	20	29	34	35	39	0	11	18	24	27	28	31	33	36	37	3	2	77	156	0	499	0	15	31	5	2	1	0	
2	3	8	9	13	18	22	29	32	34	5	7	10	11	12	14	15	19	37	39	3	3	51	475	0	1775	26721	2378	0	8	9	1	0	
9	12	13	14	16	18	19	20	30	36	0	6	10	11	17	25	31	34	37	38	3	0	100	4874	46700	18436	0	1465	0	0	4	2	0	
6	8	13	19	20	22	23	24	25	34	4	9	10	11	12	17	33	35	36	38	2	1	48	237	0	252	0	864	38	0	1	1	0	
6	8	9	12	16	22	24	27	34	38	1	7	11	19	20	21	25	28	32	35	3	2	76	308	420	0	1624	1363	0	4	0	1	0	
3	7	9	12	18	23	25	30	36	38	0	1	5	6	8	11	15	17	27	32	2	3	2	342	290	0	49695	6	21	2	2	1	0	
6	7	8	10	11	13	14	21	23	28	1	3	9	12	18	22	25	27	38	39	0	0	67	1335	851	248	0	1008	32	2	1	0	0	
0	2	3	4	5	6	9	21	27	39	7	10	14	15	16	18	20	28	34	37	1	1	41	2974	3607	1833	0	13	556	5	1	1	0	
4	10	12	16	18	21	24	26	31	35	0	1	2	5	9	14	17	28	34	39	3	2	48	0	1165	416	5627	804	0	3	2	1	0	
6	10	14	19	22	26	31	33	34	36	9	11	16	18	20	24	25	30	32	37	3	3	49	0	304	0	2089	681	0	12	1	1	0	
1	6	15	20	21	22	29	32	37	39	2	3	7	9	12	23	27	33	35	38	3	0	90	1883	0	35158	736	8360	225	5	1	0	0	
2	6	7	9	11	12	26	29	30	31	5	8	10	16	18	20	22	24	28	35	0	1	86	353	0	0	955	1373	8	0	2	1	0	
2	3	7	10	11	21	25	33	37	39	1	5	9	14	16	24	27	29	32	38	1	2	85	0	0	759	824	180	0	4	0	1	0	
5	16	21	22	23	24	25	26	28	33	3	6	9	11	14	20	31	34	37	39	3	3	72	0	0	491	681	680	0	2	1	1	0	
0	7	11	16	17	24	30	31	32	36	3	10	13	15	19	20	23	28	29	38	0	0	60	1402	0	221	164	0	25	3	1	1	0	
3	5	7	14	18	19	25	30	33	34	1	9	10	11	16	20	28	29	35	36	0	1	73	162	399	0	600	317	30	0	0	1	0	
2	12	13	14	18	22	26	27	29	36	9	10	11	15	16	17	19	20	21	30	2	2	89	629	0	117517	0	4266	51	11	3	0	0	
0	2	3	4	5	9	13	20	27	35	7	10	16	17	18	21	22	25	31	36	0	3	95	0	3699	3121	63539	0	457	98	2	1	0	
2	6	12	15	20	21	22	23	28	37	0	1	5	13	16	26	30	31	32	35	3	0	21	740	0	992	472	0	4	1	1	1	0	
6	10	14	18	23	28	30	33	34	36	0	1	5	7	8	9	11	13	25	37	3	1	81	237	372	293	0	0	42	12	2	1	0	
5	9	15	16	18	20	21	26	30	32	6	10	17	19	24	28	33	36	37	39	0	2	75	664	0	465	3688	0	4	1	0	0	0	
3	9	17	22	24	25	31	32	37	38	4	6	7	8	11	16	18	20	26	33	1	3	54	0	40665	2261	760	0	136	10	1	1	0	
0	2	4	6	9	14	17	25	28	31	1	3	10	13	15	24	30	34	37	39	3	0	81	4691	0	0	1966	6427	30	9	1	1	0	
0	5	6	19	24	25	28	29	30	33	7	10	12	15	20	21	26	36	37	38	1	1	77	544	0	54555	0	4906	27	5	2	1	0	
1	3	4	6	13	15	29	35	36	38	2	12	17	18	19	21	28	30	37	39	2	2	62	490	314	337	385	0	43	0	2	1	0	
7	8	10	12	15	18	19	21	23	26	5	9	11	13	16	20	27	29	36	38	1	3	116	904	12757	0	907	425	5	0	1	1	0	
2	7	8	10	14	16	17	32	35	36	4	6	13	23	25	27	28	33	34	37	0	0	39	2488	506	23130	4609	1499	203	0	2	1	0	
2	3	11	21	24	25	28	31	32	34	1	4	9	10	17	20	29	30	35	36	0	1	41	274	10728	0	0	1689	13	3	2	1	0	
10	11	12	13	16	23	26	29	31	35	1	4	9	17	22	24	27	33	34	39	3	2	31	1285	23065	225	1307	866	11	3	2	0	0	
1	4	5	6	14	15	16	20	25	27	2	7	19	21	29	31	32	33	36	39	3	3	75	890	434	2252	693	653	0	15	2	1	0	
0	2	3	8	12	14	26	27	29	33	4	9	10	11	19	22	31	32	37	38	1	0	82	2129	0	0	1006	340	26	0	2	0	0	
8	9	10	15	21	23	24	28	31	35	0	2	5	12	13	17	19	29	33	36	0	1	62	249	160	0	172	12	26	1	1	0	0	
1	15	16	17	24	25	26	28	30	39	5	6	11	12	19	21	23	27	34	37	2	2	93	830	0	578	5494	0	6	3	0	1	0	
2	6	11	13	15	16	17	27	29	32	9	12	18	19	20	25	26	28	30	38	2	3	109	0	2282	72003	33768	666	0	25	1	1	0	
6	9	10	12	18	20	21	25	30	31	2	11	17	22	24	32	33	36	38	39	1	0	41	1088	0	332	490	0	5	5	0	1	0	
6	8	9	11	13	14	21	24	28	34	0	4	7	12	18	19	20	27	31	33	1	1	33	257	0	0	0	1311	51	5	0	1	0	
2	8	9	10	13	19	20	29	30	39	1	4	7	12	14	21	23	24	28	32	0	2	86	143	3868	0	144	0	44	0	1	2	0	
4	11	19	20	22	23	27	28	31	36	3	7	14	16	24	25	30	33	34	37	1	3	48	358	0	80880	17348	0	19	8	3	1	0	
5	8	14	15	18	20	26	33	35	36	1	3	12	13	16	25	28	29	32	37	1	0	75	1808	6109	677	850	0	30	8	2	0	0	
1	7	10	13	14	24	26	33	34	35	3	6	9	15	21	25	32	36	37	39	0	1	46	166	0	583	0	10	1076	0	2	0	0	
0	4	5	6	7	12	26	29	30	33	1	2	13	16	18	19	21	32	34	39	3	2	89	236	0	1427	512	0	309	6	2	1	0	
3	6	15	17	31	32	33	35	36	37	2	4	12	16	19	26	27	28	38	39	2	3	55	3291	2671	1404	401	473	5	0	0	1	0	
0	8	11	14	16	18	23	30	35	37	5	6	12	13	17	22	25	29	36	38	0	0	49	3728	361	0	1749	2553	48	8	2	1	0	
0	3	8	12	19	20	24	25	26	38	2	4	9	13	18	21	22	31	33	36	2	1	83	0	122206	351	733	0	290	7	3	0	0	
7	9	10	14	17	28	29	32	35	38	2	12	16	18	19	21	23	27	33	37	1	2	77	615	8682	593	166	0	12	1	0	1	0	
1	2	3	9	10	13	14	16	34	38	5	8	12	15	20	25	28	32	33	36	0	3	74	427	1972	1265	1216	10	23	18	0	1	0	
5	11	14	16	17	19	24	28	31	38	4	6	7	10	12	13	22	23	32	34	3	0	28	2713	0	0	50025	0	60	7	2	1	0	
3	10	15	17	21	26	31	33	34	37	0	8	11	12	20	23	24	27	29	32	1	1	12	221	303	177	0	0	14	5	0	1	0	
3	7	16	23	26	27	29	30	31	35	0	4	5	9	11	14	15	24	32	38	3	2	14	0	1193	471	308	0	165	9	2	0	0	
0	1	10	12	13	15	16	20	33	34	9	11	18	19	23	26	29	30	35	37	3	3	37	0	844	1005	987	0	0	4	1	1	0	
2	6	11	14	18	23	24	25	27	32	0	4	5	9	10	12	17	28	34	38	2	0	21	1936	0	281	0	2406	12	14	1	1	0	
3	4	9	11	13	16	18	26	27	39	0	1	2	7	10	12	17	22	33	37	2	1	33	348	0	55636	2184	3069	25	0	2	1	0	
1	3	7	9	19	21	24	32	37	38	2	6	12	14	17	27	30	34	35	36	0	2	75	398	296	0	404	1058	0	10	1	1	0	
0	11	14	15	21	26	27	28	30	31	2	4	5	7	9	18	24	29	33	36	1	3	34	671	14543	0	1110	624	0	0	1	0	0	
2	3	9	15	21	22	27	29	36	37	6	10	14	16	19	20	24	30	33	35	2	0	71	2302	257	0	0	11	17	2	2	0	0	
4	6	10	12	14	15	18	26	30	39	17	19	20	21	22	25	28	32	34	36	3	1	76	1226	895	0	196280	8040	188	27	0	1	0	
0	3	4	6	7	16	18	23	25	38	1	2	9	17	21	22	27	31	32	37	2	2	69	1161	0	92090	5616	5739	774	0	2	1	0	
2	7	11	18	20	25	29	34	35	37	4	9	17	21	22	23	24	26	33	36	1	3	35	339	15714	297	0	624	0	10	2	1	0	
4	6	9	13	17	18	21	28	29	34	1	7	14	20	22	24	25	30	32	39	3	0	88	1828	5938	0	0	2884	3	0	2	2	0	
0	12	13	14	16	20	24	26	32	33	5	11	17	19	21	22	23	28	29	31	2	1	83	291	0	0	2398	0	16	0	2	1	0	
1	3	7	12	13	19	25	26	27	36	0	6	8	14	15	16	17	20	23	35	0	2	79	342	5934	279	447	0	0	8	0	1	0	
0	3	4	6	10	13	14	22	32	35	1	15	17	20	21	25	31	33	36	38	1	3	0	0	1772	724	362	205	0	0	1	0	0	
2	8	15	20	21	28	33	35	37	39	0	4	5	6	12	17	24	25	27	36	3	0	45	1460	0	0	42888	0	18	4	1	0	0	
0	1	2	28	29	31	34	35	36	38	4	6	9	14	15	17	19	22	23	27	1	1	80	1564	608	0	100267	579	0	0	1	1	0	
6	7	8	13	16	18	24	25	28	30	3	4	10	17	20	23	32	33	34	37	3	2	28	643	6105	0	628	201	4	1	1	0	0	
2	3	4	5	14	18	21	26	34	35	0	1	8	15	17	23	25	28	29	33	3	3	37	177	0	498	0	12	0	3	1	1	0	
0	1	2	3	8	11	13	16	20	26	4	9	14	22	23	24	31	32	36	37	0	0	40	2230	125	0	640	102	0	0	0	0	0	
0	6	9	10	18	19	20	36	38	39	5	8	16	21	22	24	27	28	30	31	1	1	94	269	515	535	29385	1263	0	0	2	1	0	
5	11	13	18	24	25	28	31	35	37	6	9	14	15	19	20	21	23	26	36	0	2	48	340	12638	0	0	1784	16	2	1	1	0	
4	7	9	10	13	17	18	25	31	33	0	1	11	12	16	19	27	37	38	39	3	3	32	737	4113	650	0	1260	21	4	2	1	0	
1	3	4	7	11	22	23	27	31	38	8	10	13	17	20	21	24	26	32	34	2	0	77	1580	725	64815	0	1055	5	0	1	1	0	
0	2	6	8	16	17	22	28	38	39	4	5	10	12	19	23	32	33	36	37	2	1	72	259	0	937	0	14	45	3	0	1	0	
0	3	4	9	16	20	24	26	31	32	5	6	7	8	11	13	23	27	30	37	0	2	79	0	0	1035	21694	0	41	5	1	0	0	
1	9	16	21	22	25	26	34	35	36	10	11	13	14	17	23	24	28	29	31	0	3	15	406	10672	0	1592	12	0	2	1	2	0	
1	7	11	15	20	25	26	33	35	37	0	6	8	9	12	14	17	22	32	36	1	0	15	1148	178	0	494	0	228	8	1	1	0	
0	10	13	14	16	18	19	20	27	38	3	5	6	9	22	24	28	30	32	39	0	1	89	0	638	0	47405	10	320	5	2	1	0	
10	21	25	29	31	32	33	35	36	38	5	6	14	15	16	22	26	27	37	39	2	2	53	1029	0	7006	112399	3371	0	7	2	1	0	
6	7	10	12	13	16	20	33	36	38	3	4	21	22	24	25	26	29	30	34	3	3	57	281	0	143597	461	0	46	6	0	1	0	
3	7	10	16	17	18	19	24	31	32	9	13	14	15	21	25	27	35	36	38	3	0	77	2760	0	807	0	12	387	4	2	2	0	
0	5	8	16	21	24	27	32	34	36	1	4	6	9	10	11	19	20	33	39	0	1	80	217	5121	0	24012	2027	16	2	0	1	0	
8	9	13	14	20	24	31	35	36	39	1	4	6	10	18	19	23	29	33	34	3	2	99	225	0	32874	0	145	5	2	0	0	0	
2	3	4	6	8	11	29	32	33	34	9	12	13	14	17	19	28	30	35	39	2	3	57	312	0	984	7875	0	30	3	2	1	0	
4	11	13	18	22	26	29	32	35	39	5	12	17	20	27	30	31	33	34	36	1	0	54	1574	0	2900	67526	1536	146	0	1	1	0	
1	6	14	19	21	24	31	33	36	38	2	3	9	11	22	28	30	32	37	39	0	1	72	584	11334	281	0	1373	196	6	0	1	0	
0	1	5	15	18	20	22	26	27	39	2	4	9	10	11	17	23	33	37	38	2	2	77	1006	224	0	1441	866	57	8	0	1	0	
2	4	7	12	22	23	24	28	33	34	3	5	13	15	16	17	30	32	36	37	1	3	52	439	11616	0	382	198	181	0	2	0	0	
14	18	21	24	25	28	31	33	35	38	7	9	10	11	16	17	22	23	30	34	3	0	35	4942	0	2980	138787	2070	12	1	0	1	0	
0	3	14	16	19	24	28	32	38	39	1	2	5	10	12	18	27	31	34	36	0	1	60	239	0	771	0	382	5	2	0	1	0	
4	10	12	17	20	22	25	26	37	38	1	7	8	14	19	21	23	30	33	34	0	2	77	447	0	53655	58810	9531	55	0	3	1	0	
3	4	5	8	9	10	11	29	32	34	12	14	15	16	26	27	30	31	33	36	2	3	53	863	38188	13480	468	0	44	19	0	1	0	
0	1	3	4	7	17	23	24	31	35	5	6	15	18	20	25	32	33	34	36	3	0	22	1207	0	542	40284	1877	20	0	1	1	0	
0	8	11	15	17	23	27	28	30	32	1	5	10	12	14	18	33	34	37	38	3	1	89	513	0	792	2540	0	44	10	1	1	0	
0	7	8	14	27	30	33	34	37	38	2	3	9	11	13	15	22	24	25	28	2	2	43	0	72792	0	1914	2547	0	8	2	1	0	
3	5	11	15	22	23	26	30	31	34	0	4	6	10	19	20	25	33	36	37	2	3	44	325	0	557	14614	0	9	1	0	1	0	
1	3	10	13	20	25	27	28	31	35	11	14	16	18	29	30	33	34	36	37	2	0	59	3567	0	2868	23190	1703	60	2	0	1	0	
0	1	4	6	9	12	16	17	23	32	5	8	11	13	14	19	25	30	35	36	3	1	47	0	1419	334	0	0	257	17	2	6	0	
0	8	19	25	26	29	30	32	36	38	3	6	11	12	13	15	18	20	21	33	1	2	82	604	37358	0	342	0	0	7	1	1	0	
3	6	12	13	16	18	20	25	28	37	0	15	21	23	24	26	31	33	34	39	2	3	84	838	301	438	0	15	47	31	1	0	0	
8	12	15	22	24	33	34	36	37	38	1	2	3	9	10	11	20	28	32	35	3	0	77	4052	0	282	0	1961	143	0	2	1	0	
3	6	8	11	13	16	18	21	24	31	0	5	10	15	23	26	28	33	37	39	1	1	35	304	1288	659	18063	0	46	3	1	0	0	
4	5	11	13	17	18	22	27	30	33	10	12	19	23	31	32	35	36	37	39	3	2	118	816	7414	2378	238	0	2	0	1	1	0	
0	2	3	4	25	26	29	31	34	37	1	5	11	12	17	19	21	22	27	39	3	3	62	582	629	0	2314	0	12	4	0	1	0	
6	11	12	20	21	24	30	31	32	33	0	1	3	5	9	10	14	15	18	23	0	0	78	998	0	334	0	0	25	2	0	0	0	
3	4	14	17	18	24	25	33	34	35	0	5	12	15	21	22	29	37	38	39	0	1	19	679	275	0	0	0	30	4	1	1	0	
2	8	10	13	14	19	24	27	36	39	3	4	6	7	12	15	26	28	30	37	1	2	98	280	4995	0	317	0	174	0	1	1	0	
0	1	4	11	13	21	22	26	27	32	6	7	9	10	12	14	15	20	25	31	2	3	42	0	3741	67462	1825	1138	0	7	2	1	0	
2	3	9	10	15	18	23	25	35	38	0	5	8	12	24	26	29	32	37	39	1	0	69	1398	0	1311	0	871	15	2	0	1	0	
0	3	5	9	10	12	15	28	31	35	2	8	22	23	27	29	32	33	37	38	3	1	77	947	78728	516	0	1713	0	23	2	1	0	
1	2	10	17	19	25	28	29	30	36	0	7	9	11	13	14	18	21	23	35	0	2	86	469	309	0	601	13	0	2	2	0	0	
3	5	7	11	14	17	20	27	31	37	0	1	2	6	9	12	21	24	32	36	3	3	9	205	0	304	113	0	4	0	2	1	0	
10	14	16	19	20	22	23	28	30	37	1	6	11	13	17	26	27	33	34	38	1	0	95	2307	24996	2882	0	16	11	5	2	1	0	
0	4	10	14	16	28	31	33	34	35	2	3	5	22	25	26	27	32	37	39	3	1	84	529	12586	0	123545	578	4	2	1	1	0	
4	11	14	19	23	24	25	28	32	34	6	12	15	18	20	21	29	30	35	36	3	2	61	548	36965	0	0	1334	62	5	0	1	0	
4	5	6	7	9	10	15	23	24	38	0	1	8	17	20	22	26	29	32	39	2	3	109	0	44183	9976	967	0	0	10	2	1	0	
2	10	15	16	20	22	28	30	31	32	1	5	7	9	11	12	14	23	25	27	1	0	21	1639	0	1314	0	0	0	1	2	0	0	
3	9	10	12	17	19	20	22	27	32	1	4	8	11	15	24	26	28	29	36	1	1	97	723	14953	0	0	644	8	0	2	2	0	
0	1	5	14	15	20	22	24	25	32	2	3	6	11	12	13	16	18	31	35	3	2	0	136	0	1652	857	354	0	3	1	0	0	
2	3	4	12	13	15	25	26	33	36	7	10	16	17	21	28	30	32	37	39	3	3	47	0	256	0	965	514	11	3	0	1	0	
1	3	14	16	20	21	29	30	36	38	0	6	7	11	12	15	17	27	28	34	1	0	52	1911	252	0	564	0	77	4	1	0	0	
4	7	9	12	13	21	22	27	33	37	0	2	8	17	23	28	29	31	36	39	0	1	88	0	665	613	417	0	0	0	2	1	0	
6	11	13	15	19	24	25	27	32	37	8	9	17	18	21	23	26	29	30	36	2	2	88	334	3840	627	0	1227	97	3	1	1	0	
3	4	5	6	8	11	19	20	37	39	0	1	10	12	21	23	24	26	33	36	1	3	47	353	0	1161	108522	0	178	5	4	1	0	
4	6	10	15	21	23	25	28	32	39	1	3	5	8	18	20	24	27	30	38	3	0	53	2781	667	0	1026	230	0	17	2	1	0	
1	2	4	20	23	24	26	28	32	37	3	7	8	9	14	17	19	22	35	36	3	1	60	807	41386	1448	2264	1976	287	0	0	1	0	
0	2	5	15	16	20	26	30	34	37	1	3	7	11	18	21	28	29	31	36	3	2	70	181	0	708	0	330	15	2	1	0	0	
3	9	15	16	18	20	27	33	34	39	0	1	6	10	17	24	26	29	30	36	1	3	75	204	0	950	10425	0	3	1	1	0	0	
8	11	14	19	20	24	33	34	35	36	5	7	9	12	13	16	17	25	30	39	2	0	54	995	0	4594	0	1925	231	2	1	1	0	
1	6	13	18	21	22	23	28	31	37	0	3	5	10	14	16	19	20	26	38	0	1	36	366	211	0	807	0	108	4	1	0	0	
3	7	10	13	19	27	29	30	31	38	2	9	14	20	23	25	28	32	37	39	2	2	106	146	0	26610	0	174	0	0	1	1	0	
5	10	17	18	19	25	28	32	33	34	0	2	3	4	6	7	11	20	37	38	1	3	79	145	0	15989	0	575	0	5	2	1	0	
5	9	20	25	28	29	31	33	35	39	0	1	3	6	7	8	10	15	22	30	0	0	93	4148	88053	1059	0	15	35	7	2	2	0	
3	4	7	8	9	21	22	23	25	28	6	10	11	14	20	27	32	34	36	39	0	1	102	923	2063	39975	3268	3021	53	33	0	1	0	
0	10	14	15	19	25	30	31	33	35	1	2	13	16	18	22	29	32	36	39	1	2	30	1602	10332	307	0	10	16	3	1	1	0	
0	2	9	10	19	25	27	31	36	39	5	8	11	12	14	16	17	29	34	35	2	3	46	309	313	0	253	181	0	20	1	1	0	
7	13	16	19	23	24	26	31	32	36	4	9	12	15	20	21	25	28	38	39	3	0	72	1183	174	0	13451	199	2	0	1	0	0	
0	1	2	4	13	14	17	29	30	37	10	12	16	18	19	21	24	28	31	33	0	1	53	463	0	486	8854	7	0	0	1	1	0	
1	6	9	10	12	14	24	26	28	31	0	2	3	5	7	13	25	35	36	38	0	2	84	630	0	2467	22919	0	106	16	2	1	0	
5	18	20	23	24	31	33	35	38	39	3	7	11	15	19	22	25	28	30	32	1	3	49	0	89795	123796	1189	2356	255	4	1	1	0	
1	8	12	13	14	18	19	22	25	26	0	5	17	20	27	28	32	34	37	39	2	0	69	3260	0	1731	22291	1193	17	2	0	1	0	
2	9	10	15	23	26	31	32	34	38	0	1	7	11	16	18	19	24	30	36	0	1	47	455	18925	290	0	1363	62	23	0	1	0	
1	3	6	17	20	21	23	25	26	34	0	4	5	7	8	15	30	31	33	38	1	2	0	0	1167	2482	0	967	7	2	1	1	0	
8	9	10	14	21	23	28	29	33	35	0	2	3	4	5	6	7	24	25	34	0	3	117	499	468	4824	0	265	0	4	1	1	0	
1	12	16	18	20	22	24	26	27	38	0	4	5	7	13	25	28	34	35	39	2	0	100	3175	2587	17832	0	4081	0	2	2	1	0	
4	6	7	15	16	18	23	24	25	29	0	3	8	12	13	14	22	30	31	39	1	1	57	762	32562	209	912	1878	27	10	2	0	0	
2	4	6	11	15	18	25	27	32	38	1	9	10	14	23	29	30	33	34	36	3	2	76	282	4269	201	0	14	23	3	0	1	0	
3	7	9	18	22	32	33	35	37	38	1	2	11	12	13	15	21	23	29	39	3	3	78	933	0	379	10801	0	23	4	0	1	0	
3	11	14	15	26	29	33	35	36	39	1	5	8	9	10	12	18	24	27	32	1	0	48	3684	48916	0	56657	2009	109	4	1	1	0	
0	7	8	12	13	23	26	27	31	34	3	6	9	15	16	19	24	25	29	37	0	1	60	0	293	148	0	14	0	2	0	0	0	
7	9	12	18	24	27	29	31	33	34	1	4	5	15	19	25	26	32	38	39	2	2	80	262	0	19361	0	147	7	5	0	0	0	
11	14	16	17	20	22	24	25	30	37	3	5	8	12	13	15	18	29	35	38	3	3	43	1039	35762	2718	2671	15	136	0	2	1	0	
9	12	14	16	19	22	27	30	31	38	0	2	8	15	26	28	29	32	35	36	1	0	64	1774	0	1328	0	15	40	17	1	1	0	
3	4	6	9	14	18	30	32	35	36	2	7	11	15	19	22	25	31	33	38	0	1	92	571	0	1608	1414	12	16	8	1	1	0	
4	9	16	19	21	24	28	29	34	37	2	11	12	13	18	22	23	27	35	38	1	2	82	862	28411	315	502	0	0	15	2	1	0	
1	2	5	6	8	11	13	17	29	31	3	18	20	21	22	23	24	28	30	35	2	3	100	2419	39476	702	0	14	24	2	1	1	0	
6	8	11	16	17	18	29	35	36	39	7	12	13	14	20	26	27	33	34	38	1	0	93	968	473	0	33210	243	29	0	2	1	0	
0	3	7	9	13	16	20	27	33	35	1	5	8	14	21	22	24	25	29	34	0	1	100	235	0	103855	0	3326	265	4	3	1	0	
4	6	7	9	13	17	20	21	23	38	2	11	16	19	28	31	32	33	35	37	0	2	73	169	0	25959	1540	12	10	0	0	0	0	
4	5	9	16	20	31	32	34	36	37	3	7	8	10	12	17	18	19	25	28	1	3	89	0	44279	4700	412	1068	40	2	0	0	0	
0	4	8	17	21	22	26	34	37	39	1	5	6	12	14	23	25	27	31	36	0	0	65	1828	8467	0	1639	589	0	4	0	2	0	
0	2	3	6	9	13	28	31	36	37	1	4	5	10	12	15	17	24	26	34	3	1	31	0	0	167148	25934	772	135	8	2	1	0	
0	4	5	10	16	17	21	24	27	36	1	7	12	13	23	29	31	32	37	39	3	2	53	346	3085	257	107	0	20	3	0	1	0	
0	4	6	9	10	18	25	28	29	33	11	14	15	17	20	23	27	31	32	35	2	3	78	457	2148	41062	0	680	0	100	3	1	0	
8	10	11	14	24	25	27	28	29	34	4	15	16	20	21	30	31	32	33	37	2	0	60	1355	16164	16299	6851	0	36	0	2	1	0	
8	10	13	14	24	27	29	36	37	38	1	2	3	5	7	15	19	20	21	39	1	1	74	289	7779	203	0	0	0	6	2	1	0	
1	2	3	4	6	12	15	22	26	34	5	9	13	16	18	19	20	23	25	27	1	2	82	807	155	0	55855	1451	34	0	2	0	0	
4	5	9	11	17	22	30	35	37	38	1	3	12	13	19	21	24	25	29	33	3	3	88	914	16381	357	0	0	10	1	0	1	0	
6	8	11	14	21	28	31	32	33	38	1	2	7	13	18	24	30	34	35	36	1	0	55	809	0	167	0	9	0	2	0	0	0	
4	10	13	14	16	17	19	23	27	31	5	6	7	15	18	20	25	26	35	38	3	1	18	509	0	0	5018	1442	0	7	2	2	0	
2	3	4	12	21	23	25	30	35	37	8	9	13	17	22	26	27	28	29	39	3	2	59	437	6676	0	0	0	47	6	1	1	0	
2	6	14	20	26	27	33	34	38	39	1	4	5	8	15	16	18	25	28	32	0	3	74	0	1228	1010	12957	363	9	2	2	1	0	
0	3	5	8	15	17	24	30	35	36	2	7	12	13	14	18	25	29	34	39	2	0	45	2091	0	505	813	826	19	10	0	0	0	
6	8	12	23	28	29	32	35	37	39	2	4	9	10	11	15	17	20	27	31	3	1	81	316	6110	5626	0	14	24	0	0	1	0	
0	4	13	15	16	20	25	28	31	34	1	2	3	6	11	18	19	23	27	38	1	2	68	423	886	44	0	0	17	2	0	1	0	
7	10	13	15	16	24	28	31	36	39	1	6	9	18	21	22	23	27	35	37	3	3	62	0	37798	668	0	13	67	5	2	0	0	
3	5	8	10	11	16	26	28	31	34	0	7	12	13	17	19	22	35	36	39	1	0	101	796	272	239	0	13	31	5	0	0	0	
2	4	5	7	8	9	10	23	38	39	0	1	11	14	17	18	19	24	27	32	3	1	81	658	0	373985	4409	5537	190	5	5	2	0	
11	15	22	23	26	27	29	32	38	39	1	3	4	16	17	20	24	34	35	36	1	2	25	846	642	23808	792	0	12	2	1	1	0	
6	7	8	9	10	22	27	31	36	39	0	13	15	17	23	26	29	30	32	37	1	3	52	565	14396	5772	329	0	23	5	0	1	0	
1	8	12	13	14	16	21	28	32	33	2	5	11	18	23	25	26	29	30	38	2	0	59	1229	140	176	0	622	24	0	1	0	0	
1	2	14	17	19	22	26	28	34	35	5	7	8	12	13	15	23	27	36	37	2	1	52	0	495	6782	0	325	6	0	3	0	0	
3	11	17	19	23	27	30	32	33	35	0	1	5	8	12	13	14	20	31	37	1	2	77	381	0	3161	0	5159	45	15	1	0	0	
1	2	7	8	12	13	14	26	27	29	0	4	5	15	18	28	31	32	34	39	1	3	73	711	752	1045	15012	0	5	2	0	1	0	
2	3	5	12	14	16	20	21	24	30	1	4	6	10	13	17	26	27	29	35	0	0	49	1815	276	0	0	406	14	2	1	1	0	
5	6	9	14	18	28	31	32	33	38	1	4	11	12	15	19	21	23	34	37	3	1	72	209	4519	0	17683	10	0	2	1	1	0	
1	2	4	13	14	17	20	21	23	27	0	3	5	6	8	11	18	25	32	37	0	2	64	498	542	6046	2403	12	102	4	1	1	0	
9	19	21	24	28	31	32	34	35	36	1	2	8	12	13	17	18	23	25	29	3	3	84	0	83330	1273	610	0	13	3	1	1	0	
4	11	12	13	14	29	31	35	37	38	0	1	5	17	20	25	26	27	28	32	0	0	74	1244	702	13334	4171	0	13	4	2	0	0	
0	2	11	13	15	22	25	34	35	37	4	5	6	17	18	19	24	28	30	31	1	1	30	82	348	237	0	487	9	0	1	0	0	
7	11	12	13	19	23	25	27	30	33	1	2	5	8	14	15	16	24	29	38	3	2	65	0	54987	7322	662	527	0	0	1	1	0	
3	4	5	8	10	12	20	23	38	39	0	6	7	11	16	17	19	25	35	37	1	3	109	222	0	468	445	102	0	1	0	0	0	
11	12	17	18	20	24	25	28	29	37	1	6	7	9	10	22	26	31	36	38	1	0	75	4848	183806	0	3965	15	67	8	3	1	0	
14	15	18	23	25	26	29	31	32	33	6	7	8	11	12	17	24	30	35	38	0	1	46	822	7295	0	0	329	8	4	1	0	0	
1	4	7	13	14	18	22	26	36	37	3	5	12	15	21	28	29	34	35	38	1	2	62	180	2007	0	252	5	0	4	1	0	0	
6	7	8	16	18	24	28	30	33	37	0	2	3	10	17	21	26	31	32	38	2	3	22	196	0	878	653	162	0	6	1	1	0	
2	5	7	10	18	25	33	36	37	39	3	8	11	13	23	26	29	30	31	38	3	0	82	1724	621	0	21788	1250	45	5	1	0	0	
0	3	4	5	10	13	15	16	22	27	6	8	9	14	19	24	25	30	35	36	1	1	102	762	0	3240	52594	1545	35	2	1	1	0	
1	5	6	10	18	21	22	32	33	39	7	8	13	15	20	25	31	34	35	38	3	2	90	243	351	250	379	0	0	12	2	1	0	
7	9	12	20	24	33	34	36	37	38	6	11	13	16	17	19	22	29	35	39	2	3	58	588	0	0	2509	2486	99	0	2	8	0	
1	2	12	14	17	20	26	32	33	37	7	10	13	16	22	23	25	29	30	36	2	0	63	1054	532	58	0	318	0	5	1	1	0	
1	7	8	11	15	17	22	24	36	38	0	2	4	5	10	21	29	31	35	37	3	1	58	245	0	574	0	15	38	4	2	1	0	
0	4	7	10	21	23	26	30	33	34	3	11	13	14	20	31	32	35	36	37	3	2	41	1233	14654	0	2479	0	16	3	0	1	0	
4	9	15	21	24	25	31	32	36	39	0	3	6	16	19	23	26	27	30	35	1	3	55	387	2288	0	2605	293	0	4	1	1	0	
0	3	12	14	22	23	29	30	38	39	2	6	8	13	15	17	25	31	33	34	3	0	72	2268	0	247	0	1021	25	4	1	1	0	
0	6	8	9	13	17	18	25	29	30	2	7	12	15	19	22	24	27	28	32	1	1	64	0	2806	94683	0	15	8	3	1	1	0	
6	11	12	13	17	19	21	27	29	32	0	2	4	7	10	16	18	23	31	38	1	2	85	349	17916	0	0	938	30	8	2	1	0	
9	14	17	20	25	27	30	32	36	37	0	4	7	12	13	15	19	24	31	35	3	3	57	349	0	0	110617	582	0	3	2	0	0	
1	10	13	14	19	22	25	26	27	28	0	6	7	9	11	15	20	30	37	39	1	0	88	4400	99734	29145	0	2149	500	3	2	1	0	
7	9	16	17	21	24	26	27	30	33	6	11	13	15	19	23	25	29	32	38	1	1	85	1009	0	1019	271	0	14	8	1	0	0	
6	14	23	25	29	30	31	32	35	37	3	8	10	11	12	13	18	22	26	39	2	2	66	552	10973	0	1800	0	48	3	1	1	0	
0	6	18	20	28	29	30	33	37	38	7	13	14	15	17	21	24	26	34	36	2	3	82	0	56047	1246	12935	0	37	12	2	1	0	
5	10	11	17	18	22	27	33	35	37	4	12	15	16	20	21	24	26	32	36	0	0	35	1819	6472	0	816	829	17	2	0	1	0	
0	6	10	17	20	21	25	26	27	35	2	4	7	8	9	11	13	23	24	29	3	1	2	0	108604	1366	0	519	10	1	1	1	0	
2	6	10	15	18	21	23	26	29	38	4	9	12	25	27	30	33	34	35	36	2	2	67	621	16813	0	0	2194	111	2	2	1	0	
0	4	6	7	13	15	16	28	38	39	5	8	14	19	22	23	25	26	29	30	1	3	61	528	358	605	0	15	90	0	3	1	0	
6	13	19	20	21	26	28	29	34	37	2	7	8	11	23	27	30	31	33	38	2	0	93	1612	704	0	159169	15	29	13	1	1	0	
1	3	6	17	24	27	28	31	34	38	0	8	12	13	14	22	23	33	35	37	3	1	28	304	15586	216	3862	0	128	5	2	0	0	
0	1	2	3	4	11	26	32	33	36	5	6	12	14	16	27	28	30	34	35	0	2	42	0	0	381	244	0	0	0	0	0	0	
1	2	4	6	7	23	25	32	35	36	3	8	13	15	16	18	19	20	30	33	0	3	66	1173	2095	7504	4218	16	99	21	1	1	0	
10	13	15	23	24	30	31	36	37	38	0	3	4	16	17	20	21	28	29	39	3	0	113	2292	381	2367	0	1322	20	20	2	1	0	
3	7	9	12	15	19	21	23	26	34	4	5	13	14	17	20	22	30	36	38	2	1	19	300	6136	0	481	635	0	7	2	1	0	
4	9	12	14	18	20	22	24	29	34	2	3	5	6	8	13	21	25	30	39	3	2	45	0	54175	39807	0	2540	0	18	1	1	0	
0	2	3	8	11	19	23	29	38	39	5	6	9	12	13	18	24	27	34	35	3	3	82	143	0	23900	0	402	2	0	1	2	0	
0	3	5	6	10	21	34	35	36	38	4	17	18	19	20	28	29	30	31	33	2	0	79	4292	0	1108	1310	225	0	1	1	0	0	
2	3	8	12	21	25	27	32	33	36	6	9	10	11	17	24	28	29	31	39	3	1	80	250	15195	0	131	0	0	2	0	1	0	
1	4	5	9	11	16	18	34	36	39	7	8	10	12	15	19	28	31	37	38	0	2	113	762	35441	0	72	1147	22	2	0	1	0	
0	1	3	10	11	17	23	26	27	39	4	6	13	14	18	30	31	32	35	36	0	3	19	443	549	0	0	11	27	0	2	0	0	
9	10	13	15	16	18	23	26	28	30	0	8	11	14	21	27	31	36	38	39	0	0	58	2593	27448	0	137410	1319	21	0	2	0	0	
3	8	13	19	22	23	24	34	37	38	1	15	17	18	20	25	29	33	36	39	1	1	87	162	0	24057	0	10	23	0	0	0	0	
1	2	3	5	9	16	19	21	27	28	0	7	12	14	15	17	31	34	37	39	1	2	49	3103	0	115497	66398	1689	24	3	1	1	0	
2	3	6	7	13	16	19	29	31	38	0	10	21	22	24	27	33	36	37	39	3	3	97	484	10966	0	47797	367	44	23	2	1	0	
0	2	5	10	11	17	25	34	37	38	6	13	22	23	28	30	32	35	36	39	1	0	86	1649	6995	0	27978	557	0	12	0	1	0	
4	5	6	14	15	21	22	23	24	36	0	2	12	13	18	28	30	34	35	38	2	1	12	0	46728	1025	0	375	0	2	0	0	0	
5	6	9	10	14	21	31	36	37	39	0	1	4	8	11	19	24	30	33	35	1	2	16	712	12042	0	1621	0	130	4	1	1	0	
2	4	8	18	24	25	28	31	32	33	0	12	15	19	20	22	27	30	34	35	0	3	47	0	23547	0	376	811	4	3	1	2	0	
0	3	6	7	9	22	23	34	37	39	1	2	4	14	15	19	20	25	26	30	1	0	52	3693	0	0	505	4	0	17	1	1	0	
1	4	16	17	21	22	35	37	38	39	2	3	8	15	18	23	25	28	31	33	1	1	36	335	15431	3599	403	0	125	0	1	0	0	
0	14	17	18	19	27	31	32	33	35	2	3	10	15	16	22	26	29	36	38	1	2	47	0	821	21305	6744	6	0	3	2	1	0	
2	5	7	8	14	15	16	25	27	33	1	4	10	12	13	18	19	28	35	36	2	3	48	583	0	688	42133	6	0	5	1	2	0	
0	9	12	15	19	22	24	25	32	35	1	10	11	14	18	23	26	34	36	39	2	0	30	1991	0	212646	30031	0	26	2	1	1	0	
4	9	16	21	22	27	30	32	35	39	2	3	8	11	15	31	33	36	37	38	3	1	109	417	1960	0	105044	0	15	0	3	1	0	
2	8	9	10	17	19	25	26	32	36	0	1	4	5	7	18	27	33	35	38	2	2	57	642	3895	0	1118	0	13	0	2	1	0	
1	2	5	7	15	19	20	21	22	38	4	6	10	25	27	28	34	35	36	39	2	3	75	357	0	40241	0	1365	42	3	1	0	0	
2	6	10	12	14	17	18	31	34	38	1	5	7	13	20	23	29	32	36	39	0	0	69	3049	0	1582	10885	0	64	20	2	1	0	
2	4	7	14	17	20	29	31	35	37	1	6	11	12	15	16	23	30	33	38	1	1	78	620	0	999	0	14	31	4	0	1	0	
11	12	14	15	16	24	28	31	36	37	3	4	7	8	10	17	18	22	23	27	1	2	83	1939	2522	2261	31440	4759	1416	7	1	1	0	
0	4	7	9	14	16	18	24	28	39	1	5	11	12	13	19	21	31	32	38	3	3	95	697	0	1361	150727	937	2	1	1	0	0	
1	10	13	14	15	19	22	24	27	32	0	3	5	6	8	9	11	30	35	39	0	0	72	3275	0	8161	526	0	107	4	1	2	0	
6	11	17	18	28	30	32	34	35	37	1	5	16	22	23	25	31	33	36	38	1	1	37	583	0	115174	188207	3315	541	6	2	1	0	
0	9	15	16	19	25	27	29	30	37	3	4	5	11	17	20	21	23	32	33	2	2	53	331	4636	133	0	13	22	4	0	1	0	
2	3	4	14	16	22	24	31	32	36	6	7	8	9	10	18	21	25	29	37	1	3	75	150	0	501	481	1223	0	3	1	1	0	
2	4	5	8	9	15	17	18	23	30	1	6	7	10	24	25	28	32	34	36	2	0	70	2130	44128	0	39061	3638	132	0	2	1	0	
4	5	10	12	14	17	18	19	27	29	1	2	3	7	15	16	20	24	38	39	0	1	77	2301	1097	171	0	12	33	2	1	1	0	
0	3	10	13	14	15	26	29	36	37	6	11	16	18	19	21	27	31	32	39	2	2	26	206	0	26550	0	11	45	3	1	1	0	
1	2	8	14	16	22	24	31	37	39	0	4	10	15	18	21	23	28	30	38	2	3	52	549	0	395	328	0	22	6	1	0	0	
7	14	16	17	18	21	22	23	27	33	0	1	10	11	12	13	20	28	38	39	3	0	24	2175	1661	788	816	745	7	3	1	1	0	
3	7	13	15	19	20	22	24	29	38	0	1	8	12	16	17	18	21	26	35	2	1	63	427	7516	0	0	2691	62	5	2	1	0	
4	10	13	15	18	21	24	36	38	39	3	7	11	12	16	17	23	26	30	31	2	2	44	402	426	31405	0	15	7	0	2	0	0	
6	7	9	11	14	18	26	30	31	34	1	3	17	19	22	24	25	32	38	39	2	3	78	354	4196	0	237	319	0	0	1	1	0	
1	9	18	20	21	25	31	35	36	38	0	2	3	6	11	12	14	15	30	33	1	0	28	4147	86992	8355	2575	0	28	2	1	1	0	
3	6	8	17	22	23	26	30	32	38	7	11	15	16	19	21	31	34	35	37	3	1	96	255	14805	0	0	12	39	3	1	1	0	
0	1	2	4	15	16	19	21	33	34	12	14	22	25	27	28	29	32	35	39	0	2	40	0	832	647	538	0	0	3	2	0	0	
0	1	5	12	18	19	24	26	28	38	2	4	11	17	22	23	32	34	36	39	2	3	59	0	26717	239	766	4	25	8	1	1	0	
0	3	13	17	22	23	24	27	28	35	1	4	5	6	11	25	30	33	36	37	3	0	22	1845	0	536	0	0	97	4	2	0	0	
3	5	10	11	15	32	34	35	38	39	7	9	12	14	16	20	23	24	26	37	3	1	67	1430	73371	233	1077	0	66	4	0	0	0	
5	9	13	18	20	27	33	36	38	39	0	2	3	4	6	7	14	21	25	37	2	2	9	387	317	531	889	0	8	1	0	1	0	
16	17	18	24	26	27	29	32	37	39	4	9	10	13	14	15	21	25	33	38	2	3	101	500	4174	2271	717	0	75	5	2	1	0	
12	13	16	18	20	30	31	34	35	37	3	4	6	11	17	19	26	27	33	38	1	0	96	5100	790	3361	17786	1060	46	28	2	0	0	
0	1	4	5	19	21	22	25	28	35	8	13	18	20	26	27	29	32	37	39	0	1	85	370	11008	0	0	513	16	2	0	1	0	
0	2	5	8	10	14	18	22	26	36	6	11	17	24	25	28	31	32	33	39	1	2	53	349	308	630	12901	0	512	11	2	1	0	
1	2	5	6	9	10	17	21	32	38	4	8	13	14	15	18	20	24	25	29	2	3	21	657	1677	0	6334	8204	0	14	1	1	0	
5	6	7	10	14	20	24	36	37	38	0	1	2	3	4	19	21	23	25	34	1	0	23	1246	159	21	0	20	2	0	2	0	0	
2	4	5	6	11	17	23	25	26	29	10	12	15	16	18	19	30	31	32	34	0	1	83	901	36544	977	2897	3898	272	0	2	0	0	
5	6	12	15	18	21	23	26	29	31	7	9	13	30	33	35	36	37	38	39	1	2	100	598	8422	0	454	0	0	3	1	1	0	
2	7	8	10	19	29	32	33	34	35	0	1	12	17	20	23	25	26	30	36	1	3	65	105	417	0	0	14	16	0	2	1	0	
2	6	8	14	15	16	17	26	29	32	0	1	3	7	11	21	23	24	25	33	1	0	54	2662	379	0	0	1774	7	1	1	1	0	
1	6	11	16	24	27	32	33	34	38	3	4	8	9	14	17	19	22	25	30	1	1	84	129	0	237	0	0	10	0	2	1	0	
2	8	16	17	19	22	23	26	31	37	4	13	14	15	24	27	29	35	36	39	2	2	76	414	4387	997	0	13	0	2	1	1	0	
1	9	10	17	19	21	23	30	34	35	0	5	11	13	14	20	25	29	31	32	2	3	56	208	464	0	315	331	0	0	2	2	0	
1	6	9	13	18	19	26	32	35	36	2	5	7	8	10	15	20	21	30	37	1	0	61	1567	20563	11500	0	1814	12	5	0	1	0	
7	9	12	13	21	24	26	29	31	36	0	8	17	20	22	28	30	34	37	39	2	1	101	0	375	0	0	1323	26	3	2	2	0	
1	2	5	10	11	12	14	20	21	33	6	7	9	17	18	23	25	29	36	37	2	2	63	0	0	469	343	0	13	0	1	1	0	
0	6	7	13	16	19	22	24	29	34	2	3	11	15	20	23	25	30	31	36	0	3	52	312	904	408	0	0	11	3	0	1	0	
0	4	8	9	10	11	16	27	31	32	3	7	18	20	22	25	30	36	37	38	2	0	50	1790	876	265	0	1214	0	9	2	0	0	
1	6	7	8	12	13	18	27	28	37	10	11	16	20	21	22	32	34	36	38	3	1	87	372	18872	7087	537	0	178	8	2	1	0	
0	5	9	12	13	16	19	32	37	39	3	4	7	8	20	27	28	29	30	35	2	2	104	593	1911	3607	491	213	3	2	2	1	0	
4	6	10	14	17	18	19	21	29	35	0	3	12	20	23	24	32	34	37	38	1	3	56	0	38101	20232	4981	469	0	7	0	1	0	
6	8	19	20	23	27	31	33	37	39	0	12	21	22	24	25	32	34	35	38	3	0	74	1866	0	751	1003	0	402	5	2	1	0	
3	4	6	7	23	25	27	32	33	36	9	11	12	14	18	21	28	31	34	35	2	1	66	635	3963	612	1361	1428	22	0	0	2	0	
0	4	13	20	24	30	31	32	34	36	6	7	11	15	18	21	25	27	35	39	0	2	46	313	0	942	10894	0	53	2	2	1	0	
0	3	4	9	24	26	28	30	31	33	1	6	8	11	17	32	34	35	37	38	0	3	87	1667	1594	33703	538	619	21	0	0	0	0	
9	13	16	21	22	23	28	32	38	39	0	6	7	8	14	18	30	34	35	36	3	0	98	2446	434	1024	0	0	556	10	2	1	0	
0	12	15	17	18	21	25	28	32	33	6	7	10	19	22	23	27	29	34	36	2	1	74	0	1169	0	1204	735	14	5	2	4	0	
6	10	19	20	24	26	31	33	35	38	9	14	17	21	22	25	27	36	37	39	0	2	35	577	119	714	0	535	0	16	1	1	0	
2	3	5	6	14	15	20	25	28	33	7	11	16	26	27	31	32	35	38	39	1	3	13	227	346	0	1486	5	0	4	1	0	0	
6	8	14	15	20	21	24	30	34	39	0	1	3	4	5	9	12	22	26	28	0	0	93	1272	224	131	187	0	485	12	1	1	0	
1	3	6	14	25	27	28	29	34	35	0	4	5	8	9	16	18	19	20	33	1	1	26	434	0	1769	0	1393	127	0	5	0	0	
7	8	16	17	18	19	28	32	34	37	9	21	23	24	26	27	33	35	36	38	2	2	72	317	775	0	0	5015	62	3	5	0	0	
7	10	11	14	15	16	19	25	33	36	2	4	5	8	17	22	24	27	29	35	1	3	85	631	0	33904	241195	4159	192	42	2	1	0	
9	15	22	23	26	27	28	30	31	32	8	10	11	12	16	17	20	24	29	34	3	0	23	2007	0	1700	70009	16	35	8	1	1	0	
1	3	5	6	9	13	21	23	24	28	12	15	16	22	27	29	30	32	34	37	1	1	63	2185	1550	633	2316	15	346	3	1	1	0	
12	16	19	20	22	23	27	30	36	38	3	7	13	14	17	25	28	31	32	35	0	2	32	817	29599	0	1921	1573	33	3	2	1	0	
2	4	8	9	10	24	31	33	35	38	1	13	19	23	26	28	29	30	32	36	1	3	47	1783	0	113415	422	0	27	3	1	0	0	
0	2	3	9	12	18	22	23	26	34	1	4	11	14	25	27	28	30	36	37	1	0	78	1909	0	0	33529	785	0	10	2	0	0	
0	6	7	20	22	26	27	30	32	39	1	8	12	18	23	25	28	29	34	38	0	1	56	834	2624	468	0	14	0	6	2	0	0	
4	8	9	11	23	25	26	33	35	39	5	6	17	18	21	24	28	31	34	37	2	2	70	372	6637	0	603	235	0	0	3	1	0	
1	3	11	12	15	16	20	23	30	35	2	6	7	14	18	26	29	36	37	39	3	3	54	315	316	0	813	0	10	0	0	1	0	
1	10	11	14	15	17	19	22	31	36	2	6	20	21	25	27	28	34	35	39	1	0	89	3513	3266	5338	218999	2788	178	4	2	1	0	
0	2	3	6	7	8	9	18	22	39	1	4	12	15	26	27	31	33	34	38	1	1	32	0	427105	3009	0	13	29	6	2	1	0	
0	6	8	13	14	17	28	30	36	37	3	9	18	19	22	24	25	29	32	39	3	2	100	408	8723	762	4085	0	98	3	1	0	0	
17	22	23	26	30	35	36	37	38	39	2	5	10	11	13	25	28	29	31	33	2	3	120	0	313693	2060	0	13	203	9	2	1	0	
7	10	13	14	16	20	21	24	26	31	4	8	9	11	18	19	22	28	32	34	1	0	60	3838	472	0	1931	905	238	0	2	1	0	
8	13	16	24	26	27	29	31	34	38	0	1	3	5	6	7	12	15	18	35	1	1	42	1163	51696	489	0	122	51	15	1	1	0	
1	5	11	14	15	16	22	30	32	39	4	6	8	9	12	17	19	25	33	34	3	2	85	557	278	0	654	0	13	0	1	1	0	
1	9	15	16	17	23	28	30	32	37	10	12	13	19	25	27	31	34	38	39	3	3	88	227	0	1007	340	268	0	16	0	1	0	
1	3	10	13	14	15	16	23	25	29	5	9	17	19	20	27	30	31	33	38	3	0	77	2409	13591	444	0	1776	43	3	3	0	0	
0	2	4	11	16	19	22	30	31	34	1	3	5	9	20	21	24	28	32	35	2	1	75	697	1265	1513	0	3302	90	0	3	0	0	
1	3	7	12	23	25	31	33	36	39	2	6	8	9	14	16	24	28	35	38	3	2	80	446	0	608	280	0	28	7	2	1	0	
0	4	5	7	21	28	30	34	37	38	9	11	14	16	19	20	24	27	31	39	1	3	85	1088	788	0	3029	2877	63	6	2	1	0	
0	14	16	17	23	26	31	32	37	39	4	9	10	13	15	25	27	29	36	38	0	0	55	1679	1093	496	5382	236	15	0	2	0	0	
7	14	17	19	22	23	29	31	36	39	3	8	9	11	13	16	18	32	34	37	1	1	104	0	29900	0	1123	14	27	0	1	1	0	
2	4	5	12	13	14	17	21	28	29	0	3	9	18	20	23	25	31	32	35	3	2	39	921	10586	305	662	336	23	1	0	1	0	
5	6	11	16	18	20	28	29	32	37	3	8	23	24	25	26	27	31	34	38	3	3	96	180	0	446	0	13	473	8	2	0	0	
1	7	10	15	19	23	24	29	30	34	0	2	8	11	16	18	21	22	35	37	0	0	62	1324	7747	238	0	408	0	2	1	0	0	
1	2	5	7	16	19	24	25	29	37	0	12	15	18	20	33	35	36	38	39	3	1	114	269	4190	0	1447	13	0	6	1	1	0	
0	12	18	20	22	23	26	27	32	37	4	5	8	9	10	16	21	24	29	33	2	2	82	1573	377	635	0	0	23	13	2	0	0	
2	4	13	15	23	24	27	30	31	33	3	9	10	14	16	18	20	21	28	29	0	3	17	163	0	204	0	559	6	8	0	1	0	
13	15	16	17	18	26	27	29	30	32	2	6	7	8	11	22	24	33	35	39	0	0	73	3818	12478	720	0	4854	29	5	2	1	0	
3	7	8	13	14	16	17	20	23	32	1	2	4	10	26	31	33	35	38	39	2	1	18	391	11791	297	685	192	0	5	1	0	0	
4	5	6	8	12	13	14	17	25	26	11	18	19	22	23	24	27	32	38	39	2	2	84	441	0	166	334	191	0	4	0	0	0	
2	10	12	13	17	20	22	26	27	39	1	5	6	7	9	11	14	24	25	36	3	3	14	0	155319	2273	1034	457	39	2	1	0	0	
6	14	17	22	23	24	32	34	35	37	1	5	9	13	19	20	21	28	29	38	0	0	42	1491	0	0	0	1680	0	6	2	1	0	
6	9	10	11	13	19	26	27	30	32	1	16	18	20	23	31	34	35	36	38	0	1	30	276	0	68905	0	2893	151	4	1	1	0	
0	3	6	8	9	13	17	20	21	30	1	7	11	12	15	26	31	32	36	38	3	2	33	515	0	0	838	1343	0	0	2	1	0	
6	11	13	14	17	19	23	29	37	38	1	7	15	18	21	24	26	31	32	39	3	3	86	1066	1000	35423	583	0	69	5	0	1	0	
3	5	15	17	22	28	29	30	35	36	1	4	6	10	12	21	25	27	31	37	0	0	47	1710	0	1662	25215	639	18	0	2	1	0	
0	3	5	8	17	27	28	30	33	38	4	6	10	12	13	21	23	32	34	39	3	1	81	302	17196	147	457	0	16	3	1	0	0	
0	1	4	6	17	20	22	30	31	39	5	10	11	14	15	28	32	33	35	37	1	2	19	0	35759	9481	414	456	125	2	1	1	0	
0	2	6	14	17	23	29	30	31	39	5	16	18	21	26	28	32	33	37	38	2	3	32	359	0	27748	0	1282	10	0	2	1	0	
0	1	10	11	16	17	22	25	28	35	2	3	7	9	18	20	29	36	37	39	3	0	80	1257	0	0	953	1263	35	3	0	1	0	
5	8	9	21	22	23	24	36	37	38	0	7	13	18	25	29	30	32	34	39	2	1	109	597	1062	0	0	0	5	3	0	0	0	
0	10	17	18	20	21	28	29	31	36	1	5	6	11	12	15	19	34	37	39	2	2	47	361	12549	2946	48128	0	0	5	1	1	0	
2	4	9	12	16	19	21	26	29	37	7	10	11	20	22	25	30	33	36	38	0	3	47	240	15424	824	13735	0	29	10	1	0	0	
4	5	16	20	24	25	28	31	36	38	2	3	14	15	21	22	23	27	34	39	2	0	91	2233	11677	174	0	1168	46	3	1	2	0	
4	8	11	19	23	24	34	35	38	39	0	5	6	9	20	21	22	27	28	29	0	1	60	1222	228	0	498172	4275	40	6	1	1	0	
0	8	12	13	23	24	30	32	33	39	1	5	7	10	11	18	21	22	25	27	1	2	53	0	0	111	0	7	498	0	0	0	0	
15	18	20	22	25	26	27	31	32	36	1	2	5	9	10	24	28	29	30	38	1	3	50	834	715	240	0	11	65	6	1	1	0	
4	6	8	15	17	21	22	23	25	27	11	12	16	18	20	30	31	34	35	37	2	0	54	1927	3076	0	13784	6910	336	4	1	1	0	
5	8	10	14	21	33	34	37	38	39	1	4	12	13	18	19	20	22	24	35	2	1	40	552	551	0	112688	3098	62	4	1	2	0	
0	3	5	7	15	18	22	29	33	39	1	4	6	10	20	26	27	28	30	37	0	2	89	150	0	113973	1084	1227	82	12	0	0	0	
1	9	11	13	14	16	20	28	29	31	4	5	7	18	26	30	32	33	37	39	1	3	79	459	4824	0	14898	0	3	5	1	1	0	
0	7	10	11	12	15	17	22	26	33	3	14	18	19	34	35	36	37	38	39	3	0	75	1155	1610	22354	0	574	0	0	2	1	0	
1	2	10	12	15	19	22	24	27	37	0	3	17	20	23	29	30	31	32	34	2	1	20	525	8273	0	0	1181	36	3	1	1	0	
12	14	16	17	18	19	20	21	26	36	2	3	6	9	13	15	27	32	33	37	2	2	66	1585	110033	38417	14443	1710	8	0	2	1	0	
6	8	13	14	16	19	25	27	34	38	1	4	5	7	9	10	18	21	22	26	2	3	79	295	0	18699	0	1502	96	4	1	1	0	
1	4	8	9	10	18	24	25	30	32	0	5	14	16	19	21	27	31	36	37	3	0	57	1868	0	1077	750	0	20	18	2	0	0	
4	6	7	9	11	13	17	18	31	33	12	15	16	22	23	29	34	35	38	39	0	1	76	286	0	2227	1640	3414	219	12	0	1	0	
0	5	14	15	16	19	21	23	27	34	3	6	7	13	24	29	30	33	35	36	1	2	46	0	75936	0	2406	1434	212	7	0	1	0	
6	11	13	14	17	19	28	31	33	36	0	5	8	9	12	15	21	22	23	24	3	3	63	0	82107	120160	20391	0	54	4	2	1	0	
0	7	11	18	19	22	30	33	35	37	4	5	6	12	15	20	21	23	25	29	3	0	28	1158	14362	1690	138	0	32	18	2	1	0	
2	3	7	11	13	16	22	27	28	30	0	4	8	9	15	17	18	25	36	38	1	1	56	154	0	435	233	0	0	4	1	1	0	
0	5	9	10	13	15	18	24	31	32	6	7	8	14	19	20	27	28	34	38	2	2	89	525	15692	0	8381	0	10	3	1	1	0	
4	5	7	19	22	23	30	36	37	39	8	13	14	15	26	29	31	33	35	38	2	3	99	215	0	0	1470	0	121	8	2	0	0	
4	8	12	16	25	26	28	33	34	36	2	9	13	15	17	18	22	23	31	38	1	0	66	1180	5029	193	0	655	0	14	1	0	0	
4	7	13	19	21	23	25	29	30	31	0	2	3	9	15	17	18	24	36	39	0	1	98	289	885	0	2213	0	35	15	1	0	0	
0	1	7	9	11	13	18	20	36	37	6	10	16	19	23	25	29	32	33	39	2	2	79	0	1648	1593	1114	417	0	0	2	2	0	
0	6	7	9	10	14	16	22	29	30	1	2	3	5	21	24	31	35	38	39	2	3	64	470	0	6533	205109	1507	42	0	2	0	0	
3	4	14	22	23	25	28	33	36	39	8	12	17	18	21	26	29	32	34	35	2	0	73	3198	265	426	216	313	0	7	1	1	0	
6	13	17	19	20	21	25	28	36	38	2	4	7	10	12	15	16	23	30	34	2	1	84	254	0	67065	5000	298	0	9	2	1	0	
6	14	19	24	26	27	29	30	32	38	0	2	5	10	11	12	18	36	37	39	2	2	120	344	0	154956	15945	6	0	25	2	0	0	
8	9	10	20	21	27	29	31	36	39	3	5	11	13	14	16	23	24	28	38	0	3	65	525	23025	0	0	1002	42	21	3	2	0	
0	2	4	6	7	19	28	29	31	33	1	14	15	24	25	26	34	36	37	39	3	0	64	2956	0	2597	2328	915	0	10	2	1	0	
7	9	10	16	20	21	24	28	35	36	3	8	11	12	14	17	18	23	29	32	3	1	77	302	0	28254	511	1172	4	2	0	0	0	
2	6	11	20	22	24	32	33	35	39	1	3	8	13	14	18	23	27	29	30	3	2	78	0	598	557	0	4578	14	10	2	1	0	
4	6	8	15	22	25	26	27	28	32	0	9	10	12	14	16	18	19	23	38	3	3	59	0	680	573	1262	3854	424	20	2	0	0	
0	15	21	23	26	28	29	32	34	35	1	2	5	9	19	20	33	37	38	39	2	0	109	3695	3219	59430	0	0	7	19	0	2	0	
2	5	10	11	13	20	30	31	34	37	3	8	12	14	15	22	24	25	35	36	0	1	13	161	165	146	0	27	13	0	0	1	0	
7	9	15	23	25	28	30	33	34	39	1	3	6	10	13	14	17	18	26	32	3	2	73	527	7458	0	8739	4239	15	5	1	2	0	
5	9	12	22	23	24	25	29	34	36	0	1	4	8	13	20	21	31	32	38	3	3	48	476	0	850	0	427	12	2	2	1	0	
0	4	24	25	30	31	33	34	35	37	3	7	8	9	10	12	22	26	29	32	2	0	74	1235	0	1772	1418	777	28	2	2	1	0	
3	9	12	14	15	21	23	33	37	39	0	13	18	19	22	26	29	34	36	38	2	1	90	252	0	1538	2676	0	33	6	0	1	0	
2	4	6	8	15	19	21	29	37	38	1	10	13	14	16	17	18	23	26	27	0	2	96	287	0	2178	1713	6	0	13	1	5	0	
0	2	8	9	14	15	23	24	30	39	3	5	6	13	20	21	22	33	34	35	2	3	11	436	6791	367	0	0	0	4	1	1	0	
13	15	18	20	21	27	28	30	34	37	2	3	9	11	14	17	23	31	33	36	2	0	53	4219	16501	0	844	210	10	4	1	1	0	
1	5	6	8	17	19	25	31	34	35	0	7	9	14	15	22	26	29	30	38	3	1	99	320	0	47471	285	1144	16	7	0	1	0	
1	5	6	21	24	25	27	29	32	37	0	2	4	9	11	12	14	18	38	39	0	2	87	1266	772	0	1525	4261	0	11	1	1	0	
1	6	15	16	19	21	22	28	36	39	3	5	8	13	17	24	26	27	29	37	2	3	88	263	174	344	684	5	0	4	2	0	0	
0	9	10	11	13	14	19	22	29	37	6	8	12	18	24	25	28	30	32	36	1	0	95	1458	0	75258	0	11	3	0	1	1	0	
2	9	21	23	25	29	35	36	37	38	5	6	10	11	16	18	19	24	28	32	3	1	99	381	0	98866	72090	6	0	2	1	1	0	
0	7	24	26	27	30	32	35	38	39	2	5	8	9	14	18	25	29	31	36	0	2	65	1339	582	1410	2458	15	0	9	2	1	0	
1	2	4	6	7	17	18	24	26	33	9	10	12	13	19	20	25	27	36	38	2	3	62	802	674	0	69232	2708	110	8	2	1	0	
2	3	4	12	13	17	20	25	29	34	10	14	15	21	27	28	30	31	35	39	3	0	79	1523	0	0	4423	2869	27	3	1	0	0	
0	3	5	13	14	17	19	21	36	37	2	4	8	10	16	28	30	31	32	38	0	1	69	0	476	457	0	12	109	6	2	2	0	
4	5	8	14	15	17	22	26	29	32	3	7	9	11	18	23	28	30	33	35	0	2	52	0	781	35348	0	2377	7	2	1	1	0	
2	3	8	15	16	18	22	24	36	39	4	7	13	19	20	23	28	29	30	38	2	3	112	261	0	91477	0	11398	129	5	1	1	0	
