Mode: 21 #Games: 1000
p0_0	p0_1	p0_2	p0_3	p0_4	p0_5	p0_6	p0_7	p0_8	p0_9	p2_0	p2_1	p2_2	p2_3	p2_4	p2_5	p2_6	p2_7	p2_8	p2_9	trump	first	fp	t_t0	t_t1	t_t2	t_t3	t_t4	t_t5	t_t6	t_t7	t_t8	t_t9
1	5	9	11	20	27	29	34	38	39	4	16	18	19	25	26	28	32	33	36	1	0	77	206	0	85	30	1302	10	2	0	0	0	
0	2	5	6	14	19	21	23	25	32	9	10	12	18	24	27	29	30	36	37	2	1	34	88	76	143	0	32	15	0	0	0	0	
2	4	6	14	16	25	29	31	34	39	5	7	11	12	13	17	20	26	32	33	1	2	40	78	0	59	24	0	2	0	0	0	0	
3	10	15	21	22	24	25	26	28	36	2	7	8	12	16	23	29	34	37	39	1	3	19	59	0	0	131	516	0	1	0	0	0	
2	12	13	27	28	30	31	34	36	38	0	5	6	18	19	22	24	32	33	39	2	0	51	1035	0	125	13	36	0	4	0	0	0	
4	6	7	12	16	17	20	22	26	29	2	8	9	11	13	19	21	23	25	32	3	1	71	482	84	0	38435	1538	21	1	0	0	0	
5	9	15	17	19	24	27	29	32	38	0	4	6	8	14	18	20	30	36	39	0	2	115	23	0	3294	4653	0	7	0	0	0	0	
8	15	16	17	21	26	28	29	30	36	0	1	4	7	9	11	18	19	33	38	3	3	71	83	0	0	3013	1	14	3	0	0	0	
2	4	8	15	16	21	27	28	36	39	3	6	7	11	13	20	22	25	32	33	0	0	50	255	1547	0	32	0	17	0	0	0	0	
1	2	3	8	12	17	21	23	32	34	7	9	10	15	16	18	29	30	31	38	3	1	75	56	0	35	0	3	1	0	0	0	0	
2	3	4	10	15	17	20	21	32	36	5	6	9	11	12	22	25	29	30	35	0	2	57	0	0	27	31	0	0	0	0	0	0	
4	5	12	13	14	24	27	32	35	37	1	7	18	19	20	22	26	28	30	38	1	3	42	143	0	0	0	3	0	0	0	0	0	
1	3	5	8	13	18	19	35	38	39	10	11	12	16	20	24	25	27	28	31	3	0	76	217	129	222	56	115	11	0	0	0	0	
0	3	12	18	19	22	25	28	31	34	5	7	14	16	21	23	32	33	35	38	2	1	67	67	40	45	0	3	0	1	0	0	0	
3	7	12	25	26	30	32	34	37	38	0	1	2	10	11	13	18	27	28	36	1	2	29	0	193	252	453	379	0	3	0	0	0	
0	4	6	7	8	13	20	26	35	38	1	9	10	14	18	19	21	29	32	37	1	3	97	23	0	100	158	0	16	0	0	0	0	
0	10	11	15	21	24	27	28	32	33	7	8	13	18	19	23	29	30	35	38	3	0	98	209	95	58	0	101	0	0	0	0	0	
2	7	8	10	12	14	23	25	28	38	6	9	18	19	21	24	29	33	34	36	3	1	83	19	32	0	29869	1	0	0	0	0	0	
10	14	18	20	22	23	27	28	32	39	0	1	4	5	6	8	21	26	29	37	0	2	94	249	7027	2673	415	178	7	1	0	0	0	
2	7	9	11	15	18	31	32	34	37	3	6	10	12	14	17	29	30	33	36	0	3	65	199	108	48	0	1120	5	1	0	0	0	
7	8	11	13	14	19	20	29	31	37	0	2	4	16	23	25	33	34	35	36	1	0	42	71	0	189	1752	57	0	0	0	0	0	
1	2	11	12	20	21	28	29	31	39	5	8	9	13	19	25	26	27	32	38	2	1	94	0	0	88	0	47	15	1	0	0	0	
7	8	10	21	22	24	30	37	38	39	0	2	6	13	19	20	23	25	28	29	1	2	73	0	31	0	10537	252	15	2	0	0	0	
4	8	9	15	20	23	27	30	31	39	2	5	10	11	14	26	28	29	37	38	1	3	45	123	51	0	457	360	3	0	0	0	0	
6	10	14	15	17	18	23	26	27	32	0	3	12	13	21	22	24	29	34	37	1	0	63	763	96	0	201	171	58	0	0	0	0	
4	5	6	8	16	18	19	25	26	31	2	3	15	17	21	22	30	32	35	39	2	1	57	86	16	27	0	63	0	0	0	0	0	
3	6	14	19	20	21	27	32	36	37	4	8	12	13	15	17	23	26	34	35	1	2	62	106	128	312	0	35	0	2	0	5	0	
3	9	16	19	24	25	27	31	32	37	0	5	7	12	18	30	33	35	38	39	2	3	59	29	1407	0	156	0	7	1	0	0	0	
0	1	5	9	11	23	25	27	29	30	2	7	10	15	17	18	22	24	32	35	3	0	48	460	0	747	212360	568	4	1	0	0	0	
1	12	13	14	16	24	28	29	31	38	0	3	5	9	11	17	20	22	23	30	3	1	40	25	456	0	146	0	18	1	0	0	0	
5	7	20	22	25	26	30	35	36	39	1	3	6	9	10	16	18	23	31	38	3	2	83	100	82	675	310	342	0	2	0	0	0	
1	2	4	12	15	33	34	37	38	39	0	8	11	13	17	19	21	26	35	36	2	3	29	124	3066	217	357	174	0	0	0	0	0	
2	5	8	9	15	20	21	29	36	39	3	4	7	22	28	30	31	33	37	38	1	0	64	303	42527	113	12090	336	1	0	0	0	0	
2	10	15	16	22	23	26	30	33	36	4	8	9	11	14	20	25	28	35	37	1	1	25	0	106	3	26	106	0	0	0	0	0	
2	5	7	13	17	18	20	26	29	39	3	6	9	12	16	19	22	23	27	33	2	2	108	107	446	0	4461	72	0	1	0	0	0	
1	8	11	15	21	22	23	31	32	34	0	3	5	14	16	19	26	27	36	37	0	3	31	23	0	0	0	2	0	0	0	0	0	
0	5	6	7	11	15	25	28	37	38	1	4	9	10	12	18	23	27	30	35	0	0	66	131	1588	47	0	3	0	0	0	0	0	
0	4	15	16	22	26	28	30	31	35	1	3	7	8	10	17	19	25	29	33	0	1	98	10	30	184	0	1312	50	0	0	0	0	
16	19	21	22	25	28	29	36	37	38	0	2	3	5	8	18	24	26	30	35	2	2	88	31	1025	0	205	211	11	1	0	0	0	
3	4	7	8	24	26	30	32	34	37	2	5	6	11	17	21	29	33	38	39	2	3	59	236	6477	31	0	320	11	1	0	0	0	
0	2	3	5	11	15	27	30	31	36	4	7	8	12	20	22	25	28	38	39	0	0	109	723	31	0	5859	147	6	5	0	0	0	
6	10	14	18	21	23	24	30	31	38	2	3	5	9	13	20	28	34	35	39	3	1	75	0	5009	1743	0	107	2	0	0	0	0	
1	10	11	19	22	23	24	25	28	38	3	7	12	15	18	29	31	33	34	36	1	2	79	97	0	0	500	133	4	0	0	0	0	
5	7	10	12	18	22	23	26	27	33	0	1	3	6	11	16	28	31	38	39	1	3	77	65	0	943	1376	0	11	0	0	0	0	
0	1	6	7	8	23	24	28	33	37	2	13	14	15	18	29	30	32	35	38	0	0	91	808	0	2040	43	656	8	1	0	0	0	
5	15	17	22	27	28	31	32	33	34	0	2	3	4	10	25	35	37	38	39	2	1	10	55	0	59	55	1	0	0	0	0	0	
1	4	5	6	10	20	23	26	27	28	0	7	9	16	18	21	22	32	36	39	0	2	105	807	1134	82690	3976	0	24	5	0	0	0	
7	9	12	17	20	23	30	33	35	39	1	2	3	8	13	16	19	21	31	36	2	3	84	67	190	4347	0	468	0	1	0	0	0	
4	5	9	17	19	21	25	28	32	37	0	1	3	10	13	15	23	27	36	39	0	0	43	215	0	5	23	0	1	0	0	0	0	
1	4	5	15	23	24	25	26	34	35	0	8	11	14	16	18	20	28	31	37	2	1	50	22	33	0	0	446	0	1	0	0	0	
0	4	5	7	8	21	25	26	33	38	1	2	6	13	16	18	19	20	27	34	2	2	74	261	0	1233	978	657	3	1	1	0	0	
0	1	3	4	6	13	22	23	38	39	5	8	9	11	12	19	21	27	28	37	2	3	62	89	0	0	173	292	1	0	0	0	0	
3	9	13	18	20	25	27	31	32	37	4	6	8	22	23	24	28	36	38	39	1	0	72	303	0	11647	175	140	1	0	0	0	0	
7	11	14	17	20	22	25	34	36	39	0	1	5	10	21	26	28	33	35	37	1	1	34	30	24	0	866	0	0	0	0	0	0	
1	5	6	7	8	9	13	17	28	32	3	10	12	15	18	19	23	27	31	38	0	2	116	140	0	0	1134	3	17	5	0	0	0	
3	9	11	15	20	22	27	29	33	35	4	12	13	14	16	17	25	32	36	39	2	3	92	19	0	73	23	0	12	1	0	0	0	
2	3	4	9	13	14	26	34	35	38	0	10	16	20	28	29	30	31	36	39	2	0	47	973	20	0	157	0	0	1	0	0	0	
5	7	10	11	18	21	22	25	26	32	0	1	2	9	14	16	24	33	34	37	2	1	35	62	0	0	0	149	1	0	0	0	0	
0	4	6	10	13	23	24	29	32	36	3	11	12	16	18	19	20	21	34	39	0	2	35	79	93	0	146	34	13	0	0	0	0	
4	6	22	24	25	28	30	33	38	39	3	5	7	10	12	13	15	18	36	37	3	3	83	44	4601	93	709	0	6	1	0	0	0	
1	6	8	9	13	16	21	25	27	31	4	11	12	14	18	24	28	29	34	35	3	0	15	603	60	0	115	51	0	0	0	0	0	
0	3	4	5	8	11	12	17	23	38	6	10	19	24	26	29	31	33	34	39	3	1	88	17	219	43	57	0	99	0	0	0	0	
0	10	16	17	20	21	30	33	34	36	1	2	4	18	19	23	25	26	31	38	0	2	39	0	32	0	140	1	3	0	0	0	0	
4	6	8	12	16	18	19	26	30	35	3	5	9	10	11	14	23	24	29	37	2	3	76	46	6690	0	167	0	6	0	0	0	0	
3	6	7	8	9	13	27	33	34	35	0	2	5	10	15	17	21	22	23	26	3	0	22	159	15	87	0	0	6	0	0	0	0	
5	8	15	16	17	23	29	35	37	38	4	7	9	13	14	21	24	26	31	32	1	1	38	27	0	3290	0	3	6	0	0	0	0	
14	15	18	19	24	30	32	35	36	39	5	9	10	11	12	13	20	27	28	31	3	2	81	113	0	22096	582	241	0	2	0	0	0	
10	14	17	20	22	23	25	26	29	35	0	1	7	15	16	19	28	36	37	39	1	3	104	145	244	129	125	347	0	1	0	0	0	
0	3	4	11	13	15	18	25	26	29	6	7	12	14	20	22	31	33	34	39	2	0	65	540	207	0	485	1	0	1	0	0	0	
0	2	10	19	23	31	33	35	37	38	4	9	11	13	17	24	25	28	30	32	0	1	45	0	162	125	0	58	0	9	0	0	0	
1	2	9	15	16	17	24	35	37	39	0	6	7	20	25	26	27	28	29	33	1	2	26	0	275	45	0	24	32	0	0	0	0	
3	10	11	12	13	14	21	25	32	36	0	4	6	15	19	20	26	27	29	39	0	3	11	3	10	0	37	50	8	0	0	0	0	
4	11	12	13	14	19	21	22	30	33	1	6	8	9	15	17	18	23	35	37	0	0	36	201	0	0	0	0	3	0	0	0	0	
5	7	10	11	18	22	23	29	35	39	3	6	9	15	19	27	28	30	31	33	3	1	110	13	0	560	0	1	0	0	0	0	0	
0	2	10	16	19	24	25	34	35	38	4	5	6	9	15	29	32	36	37	39	3	2	116	14	180	7	0	20	1	0	0	0	0	
0	9	10	16	17	20	26	34	36	38	2	6	13	14	15	19	24	28	33	35	1	3	49	27	3	0	31	0	15	0	0	0	0	
4	5	7	10	23	24	25	29	32	36	1	8	9	12	13	14	28	31	35	39	3	0	63	672	66	69	35	0	0	0	0	0	0	
1	2	3	4	9	13	14	22	26	30	0	7	11	18	23	27	32	33	36	39	3	1	61	0	26	0	30	832	3	0	0	0	0	
1	12	13	14	16	19	23	34	36	37	2	6	7	8	9	15	17	24	27	28	2	2	89	0	318	151	244	42	0	1	0	0	0	
1	4	9	14	15	19	24	28	36	39	7	12	16	18	21	23	31	33	37	38	2	3	55	55	8	74	0	2	18	0	0	0	0	
3	7	17	19	23	25	28	34	35	39	1	2	4	9	13	15	20	22	30	36	0	0	60	96	18	61	99	0	82	2	0	0	0	
12	13	23	25	26	28	31	34	36	37	1	4	5	10	16	19	27	29	32	33	1	1	49	0	635	270	4271	782	2	0	0	0	0	
7	10	15	19	23	24	30	31	34	36	1	3	4	5	12	17	21	22	37	39	0	2	37	0	0	82	54	83	0	0	0	0	0	
0	5	7	10	14	22	23	25	26	28	8	9	11	13	19	21	27	29	34	37	2	3	107	800	3031	135	8	0	1	0	0	0	0	
2	8	12	13	22	24	28	33	34	36	0	1	3	15	16	25	27	29	30	39	3	0	64	123	0	140	15	1	0	1	0	0	0	
1	8	11	13	20	21	26	28	32	37	2	4	14	16	24	27	31	33	35	38	1	1	12	72	0	38	0	2	2	0	0	0	0	
1	5	24	27	28	30	34	36	37	38	2	4	7	12	17	21	22	23	33	35	0	2	38	146	76	188	630	0	169	0	0	0	0	
3	11	15	19	20	22	24	27	30	32	2	4	5	7	10	13	17	29	38	39	2	3	59	86	0	1	5	0	3	0	0	0	0	
1	3	9	13	14	16	21	31	34	39	2	4	8	19	20	25	29	30	36	37	3	0	95	510	79	0	488	55	1	0	0	0	0	
3	11	13	15	19	25	26	28	34	38	4	8	9	10	12	18	22	31	32	36	2	1	72	47	539	0	0	105	7	0	0	0	0	
5	6	11	19	24	27	28	31	33	34	0	3	4	10	15	21	30	35	37	38	2	2	49	27	39	0	22	98	0	0	0	0	0	
5	9	14	17	24	25	32	34	36	39	0	4	6	7	11	13	19	22	27	33	3	3	60	79	120	9	0	2	0	0	0	0	0	
0	3	9	16	17	20	22	24	34	37	6	11	12	13	18	23	28	35	36	38	0	0	39	180	64	93	94	0	3	0	0	0	0	
2	6	13	14	15	21	22	24	25	32	0	3	5	8	12	16	23	26	28	31	1	1	9	0	29	0	1806	339	0	0	0	0	0	
0	4	5	6	12	16	28	30	32	39	7	8	17	20	21	24	33	34	35	36	3	2	62	0	11268	56	55	434	18	0	0	0	0	
1	2	4	10	13	21	26	29	32	33	0	11	14	15	17	22	24	27	30	35	1	3	42	0	62	61	0	110	4	0	0	0	0	
2	8	9	13	14	19	23	24	30	36	0	3	4	5	7	11	18	27	29	38	3	0	84	125	2214	0	16	0	0	0	0	0	0	
0	4	6	14	15	18	19	22	23	31	7	8	13	25	26	27	29	33	35	38	2	1	67	219	48	0	82	184	6	0	0	0	0	
0	1	3	5	14	15	24	26	27	29	4	9	10	12	13	16	17	19	20	21	3	2	42	175	0	568	1242	844	0	1	0	0	0	
0	6	9	12	14	15	25	26	35	37	3	4	7	18	19	20	22	27	30	33	1	3	43	91	10931	0	105	2	0	0	0	0	0	
2	7	15	16	18	23	25	31	32	37	0	3	4	5	6	10	17	24	26	27	2	0	71	203	0	422	913	338	4	2	0	0	0	
3	5	7	9	19	22	24	26	38	39	2	8	10	15	20	21	28	32	36	37	3	1	109	35	0	17659	296	1	8	0	0	0	0	
4	5	7	9	10	16	20	23	35	39	3	8	12	15	17	26	27	30	32	34	1	2	66	17	303	2118	22	0	12	0	0	0	0	
3	4	5	13	23	24	26	33	37	38	0	1	2	7	9	15	19	22	25	30	2	3	37	67	729	0	574	146	1	1	0	0	0	
0	1	12	16	26	27	29	31	35	37	8	14	17	18	20	23	30	33	36	38	2	0	81	249	135	63	0	87	10	0	0	0	0	
8	9	19	20	21	23	26	36	37	39	0	3	4	5	6	10	11	22	28	38	1	1	54	2	9	20	0	1	0	0	0	0	0	
1	6	7	8	16	22	25	28	34	37	5	9	11	13	15	17	20	31	33	36	3	2	41	0	5936	64	2240	173	1	0	0	0	0	
0	2	3	10	15	16	20	24	30	36	5	13	17	22	25	27	32	33	34	38	0	3	10	70	91	0	57	205	0	0	0	0	0	
1	10	12	20	23	25	26	28	29	36	0	2	4	9	13	16	19	27	32	39	2	0	102	752	83	0	399	0	14	1	0	0	0	
1	3	4	5	7	13	21	27	32	33	0	2	6	17	18	20	23	24	31	35	3	1	18	0	352	0	701	0	27	0	0	0	0	
2	6	7	8	14	19	20	22	24	32	0	3	5	10	15	18	25	28	34	35	0	2	47	193	0	601	257	1	0	1	0	0	0	
4	10	12	17	18	21	24	30	32	33	3	5	16	19	20	23	28	31	35	37	2	3	52	55	0	7606	1170	0	0	0	0	0	0	
2	11	14	18	19	26	27	32	33	35	3	4	8	9	15	22	29	34	36	37	2	0	71	399	470	1281	0	2	12	0	0	0	0	
2	4	7	10	13	17	19	33	37	38	5	6	11	14	24	25	30	34	36	39	1	1	105	148	40	23	370	260	29	0	0	0	0	
1	7	9	12	16	27	28	31	32	35	0	3	17	19	22	23	25	29	36	39	2	2	103	24	11	0	40	0	0	0	0	0	0	
3	6	12	28	31	32	34	36	37	39	1	4	9	15	16	19	21	23	24	27	1	3	74	434	111	5531	0	128	0	2	0	5	0	
0	1	8	9	12	15	17	28	35	36	3	4	13	14	25	26	27	31	33	34	0	0	82	332	6	0	244	2	0	1	0	0	0	
7	8	23	27	28	32	33	34	37	39	2	4	9	13	15	20	22	26	29	35	0	1	101	36	187	0	9447	1	4	0	0	0	0	
5	13	14	16	17	23	24	25	28	34	1	6	7	9	10	12	18	19	20	39	1	2	46	5	2470	0	104	1	14	2	0	0	0	
0	1	3	4	6	8	15	22	24	32	9	12	14	16	17	18	29	31	34	35	2	3	47	182	0	13564	296	1927	23	0	0	0	0	
2	9	17	18	21	23	26	28	29	31	3	4	13	20	24	30	32	34	36	38	1	0	48	1138	0	18205	242	2	0	7	1	0	0	
0	1	8	16	18	20	24	27	34	39	2	4	5	12	13	14	23	26	28	30	1	1	49	26	0	7838	0	602	3	0	0	0	0	
0	3	10	11	12	17	18	26	32	38	2	4	8	14	19	21	25	28	36	39	1	2	86	16	0	168	4463	0	40	0	0	0	0	
0	13	15	17	19	23	26	35	37	39	9	10	11	22	24	27	28	31	33	34	1	3	84	47	62	0	122	0	1	1	0	0	0	
2	4	6	12	15	22	24	32	35	39	0	3	5	7	13	17	27	31	34	36	1	0	28	158	9	187	20	0	3	0	0	0	0	
3	4	14	21	22	24	25	29	30	32	1	7	9	13	17	20	27	34	35	36	1	1	42	0	4804	0	103	81	2	0	0	0	0	
3	5	9	10	11	12	13	19	26	37	0	1	4	8	14	20	22	23	25	28	0	2	92	204	31	0	14967	74	9	4	0	0	0	
3	6	7	10	16	18	24	30	31	36	0	1	2	12	13	15	25	26	33	35	2	3	2	8	64	32	0	0	0	0	0	0	0	
0	1	2	4	6	17	24	25	28	39	11	12	13	16	18	23	30	31	32	34	1	0	65	316	96	0	87456	3	15	1	0	0	0	
3	5	6	16	19	20	23	27	28	37	0	1	10	12	18	21	24	26	30	31	3	1	19	46	0	66904	3427	0	4	0	0	0	0	
0	7	17	18	19	25	27	28	29	35	3	6	9	12	20	31	32	33	34	37	3	2	58	0	2	1885	2726	310	0	4	0	0	0	
0	1	2	13	17	21	24	25	27	32	3	4	5	15	16	20	23	28	29	38	2	3	64	109	36	0	2055	89	2	0	0	0	0	
0	5	10	14	17	21	25	31	33	35	1	4	6	12	13	15	20	24	27	28	3	0	24	172	0	162	2	9	0	0	0	0	0	
13	14	18	21	22	24	27	29	30	38	2	4	8	9	12	15	25	31	33	39	1	1	88	109	826	101	0	0	2	1	0	0	0	
0	5	12	13	16	18	25	28	29	36	1	8	14	15	24	27	32	33	34	37	2	2	70	20	142	54	0	290	6	0	0	0	0	
8	20	21	24	25	26	29	30	35	39	1	2	3	4	14	16	23	27	31	36	3	3	71	289	11937	1118	477	490	16	0	0	0	0	
7	13	16	17	22	25	26	28	30	38	0	1	2	4	8	14	19	31	32	35	3	0	74	549	80	20204	45	0	11	1	0	0	0	
4	5	12	15	17	25	27	31	34	39	0	1	7	13	16	19	22	23	36	38	0	1	52	33	14	0	34	53	0	0	0	0	0	
3	4	6	9	10	15	24	25	36	38	0	2	5	11	12	19	22	23	33	37	3	2	19	47	0	464	0	6	0	1	0	0	0	
1	6	13	14	15	20	22	27	33	39	4	8	16	17	26	28	29	30	32	35	3	3	64	64	22	0	158	23	0	0	0	0	0	
3	4	5	6	19	23	24	26	30	32	1	8	10	14	27	28	34	35	37	39	2	0	34	690	1319	0	9182	98	95	0	0	0	0	
3	15	16	19	20	22	23	26	27	28	9	11	12	13	14	21	24	29	31	37	1	1	114	3141	20904	72	2093	63	6	0	0	0	0	
3	6	10	14	16	20	31	35	38	39	0	11	13	19	21	23	26	29	32	37	1	2	104	63	170	1671	85	0	3	0	0	0	0	
0	5	9	10	14	20	23	30	38	39	11	12	15	24	25	27	28	29	31	37	1	3	88	25	123	140	0	467	3	0	0	0	0	
2	3	6	9	10	12	15	20	26	38	0	1	8	13	19	21	25	28	30	35	1	0	52	896	0	30385	445	36	2	0	0	0	0	
1	2	15	17	19	20	23	24	26	27	4	6	21	22	25	31	32	33	34	39	2	1	75	386	7951	0	53	141	0	0	0	0	0	
1	8	12	15	20	21	27	32	35	39	2	3	6	17	24	26	28	29	31	38	0	2	52	24	20	0	111	0	21	0	0	0	0	
4	9	10	15	18	21	26	28	30	33	1	2	5	11	12	13	17	20	27	29	0	3	49	20	83	44	0	34	0	0	0	0	0	
2	3	6	16	21	22	24	26	28	33	1	4	7	8	11	17	19	23	38	39	1	0	38	369	29	0	489	0	6	0	0	0	0	
2	5	8	15	21	24	26	30	34	38	1	4	6	11	14	16	25	28	33	36	3	1	43	38	18	8	0	2	1	0	0	0	0	
0	1	5	9	10	13	26	29	34	35	6	7	8	11	18	23	27	28	36	37	0	2	68	39	0	12	0	44	0	2	0	0	0	
4	6	10	18	21	25	29	34	36	37	2	11	13	15	19	20	22	27	31	39	1	3	81	42	451	37	0	3	5	0	0	0	0	
0	3	7	16	18	23	24	25	27	32	5	12	20	22	28	30	33	34	35	36	0	0	52	1033	29	20	67	0	40	1	0	0	0	
1	3	4	11	17	24	28	34	38	39	0	10	12	15	18	19	23	33	35	36	3	1	75	43	0	0	23	690	115	6	0	0	0	
0	6	7	12	18	19	20	25	30	31	8	10	13	17	21	23	27	34	35	36	1	2	59	51	6	37	57	0	4	0	0	0	0	
0	3	5	9	12	18	21	22	29	32	1	6	11	13	23	24	28	35	36	37	0	3	68	122	46	29	37	0	298	0	1	0	0	
0	1	7	9	13	15	20	34	36	38	2	4	8	21	25	26	28	29	30	35	0	0	74	465	126	0	118	1	0	1	0	0	0	
4	14	15	16	24	26	28	31	34	38	5	11	17	21	22	27	32	35	36	39	0	1	7	102	7	0	356	45	0	0	0	0	0	
3	6	7	17	20	23	25	31	32	34	10	12	18	19	27	28	30	33	37	38	0	2	26	0	3623	0	130	37	0	0	0	0	0	
8	9	13	17	18	19	21	32	34	36	0	1	3	5	6	11	14	27	31	37	0	3	100	0	58	56	3836	84	5	0	0	0	0	
0	4	5	11	15	23	27	30	31	32	6	8	9	14	18	24	33	34	36	38	3	0	59	160	9	0	55	0	3	0	0	0	0	
0	8	14	20	21	22	27	29	31	33	1	4	18	23	25	28	30	32	35	39	0	1	40	0	226	1316	0	2	13	4	0	0	0	
0	1	7	14	18	21	24	27	29	39	2	3	8	10	12	13	16	20	22	25	3	2	27	60	0	9919	0	3	0	0	0	0	0	
5	6	10	14	16	20	25	28	32	33	3	4	8	17	21	24	26	27	31	34	1	3	8	10	0	152	28	0	0	0	0	0	0	
1	8	10	17	18	20	26	32	33	35	2	6	7	9	12	14	19	28	30	31	3	0	56	70	0	68	397	48	0	0	0	0	0	
2	3	10	11	20	21	25	29	36	39	5	9	12	15	16	18	19	27	32	38	3	1	76	13	0	4111	77	0	0	0	0	0	0	
0	6	14	15	17	18	21	26	31	39	2	9	16	20	22	23	24	25	32	35	1	2	62	111	37	92	110	1	0	1	0	0	0	
9	12	19	20	22	23	25	26	33	36	3	5	10	16	17	18	30	31	32	39	3	3	31	0	0	349	0	2	1	2	0	0	0	
6	9	17	18	21	24	25	26	38	39	2	3	4	8	10	13	22	23	33	37	2	0	59	344	0	20109	0	4	0	2	1	0	0	
2	4	13	15	20	21	23	24	28	37	1	3	5	6	8	9	30	34	38	39	0	1	94	0	9618	26	0	1	4	1	0	0	0	
10	12	19	20	22	25	26	33	36	37	0	4	11	14	15	16	17	21	27	39	3	2	40	300	1144	6	1243	4360	38	1	0	0	0	
3	9	11	21	22	24	33	36	37	39	2	5	6	7	15	17	20	34	35	38	0	3	96	302	21	532	0	458	40	3	0	0	0	
2	4	8	9	15	23	29	30	35	36	1	5	13	16	17	18	21	31	32	39	2	0	62	312	3756	1277	0	148	10	0	0	0	0	
2	5	12	20	23	25	26	30	34	37	0	1	3	7	10	19	35	36	38	39	3	1	89	152	299	0	192	526	27	2	0	0	0	
0	2	7	10	16	18	21	31	32	38	4	6	23	24	26	27	28	29	33	36	3	2	81	131	211	0	0	333	4	1	0	0	0	
11	18	19	20	22	25	29	33	36	37	4	7	9	15	17	27	28	32	34	39	1	3	94	127	613	8491	102	336	5	0	0	0	0	
1	8	9	11	18	19	20	22	33	35	0	2	4	5	24	25	28	30	31	32	2	0	50	26	19	0	77	0	9	0	0	0	0	
3	5	11	17	21	24	25	27	37	39	9	10	12	20	23	26	28	30	31	38	3	1	78	124	49	28	0	318	0	0	0	0	0	
2	7	13	14	15	16	18	29	36	37	1	3	4	5	6	17	23	27	31	38	1	2	61	170	0	10405	788	254	53	0	0	0	0	
6	9	22	24	25	28	29	33	34	37	3	4	7	14	17	20	23	27	30	32	3	3	65	424	44773	673	47	43	10	0	0	0	0	
0	1	2	7	14	19	23	25	31	32	3	4	6	10	15	16	18	28	34	36	2	0	27	182	0	0	163	8	0	0	0	0	0	
0	8	15	22	25	28	31	33	35	37	2	5	6	7	17	23	26	27	34	36	3	1	56	0	36	0	664	316	2	1	0	0	0	
10	12	13	15	18	20	25	33	35	36	4	7	11	19	26	27	28	30	32	34	0	2	20	15	174	302	321	33	1	0	0	0	0	
1	2	6	7	14	20	23	24	32	38	3	10	15	25	26	28	29	31	33	34	1	3	15	20	305	0	388	0	6	0	0	0	0	
1	4	9	13	14	18	19	25	31	33	3	11	15	21	23	29	34	35	37	38	2	0	42	191	0	135	0	111	1	0	0	0	0	
8	10	11	12	16	22	29	31	32	35	1	2	3	6	7	18	23	24	25	38	3	1	77	0	11634	388	93	0	3	2	0	0	0	
0	3	7	8	9	10	12	24	27	39	4	11	15	16	19	28	30	31	37	38	1	2	104	270	125	0	393	0	41	5	0	0	0	
1	4	5	6	14	15	18	23	26	39	20	21	22	24	25	28	30	31	36	38	3	3	62	157	140	0	478	626	0	4	0	0	0	
1	4	10	19	25	29	31	37	38	39	3	12	14	16	18	21	24	26	32	36	3	0	84	291	36	0	6059	0	4	0	0	0	0	
2	5	9	10	13	15	26	30	32	37	0	7	11	12	21	23	28	33	34	38	1	1	25	149	123	0	155	1944	4	1	0	0	0	
8	11	15	16	18	19	24	26	29	39	0	6	7	10	13	17	25	32	33	37	3	2	64	459	0	11897	0	3	5	1	0	0	0	
5	14	15	16	20	23	26	29	32	38	2	3	4	9	11	18	19	28	34	35	2	3	92	32	0	8044	406	0	0	1	0	0	0	
1	5	6	10	15	17	19	20	25	38	7	8	12	16	18	21	22	27	28	32	1	0	65	104	45	43	0	120	0	0	0	0	0	
2	7	13	19	20	22	32	35	36	38	1	6	9	10	14	17	23	26	30	33	0	1	30	75	0	106	0	1176	16	0	0	0	0	
1	5	10	11	15	17	27	28	30	37	3	9	18	19	21	32	33	34	38	39	0	2	66	3	18	0	1730	2	0	0	0	0	0	
1	2	5	11	15	20	25	27	30	35	6	8	12	13	14	22	23	24	31	32	3	3	17	8	12	34	5	55	0	0	0	0	0	
0	12	16	19	24	26	29	31	35	36	7	9	17	18	23	28	30	34	37	38	0	0	60	167	147	44	49	56	1	0	0	0	0	
8	9	15	22	23	26	27	29	35	36	2	4	5	14	17	28	31	32	33	39	1	1	65	47	0	10417	98	0	2	2	0	0	0	
5	8	11	14	16	18	25	30	33	38	3	4	7	13	17	19	22	26	27	37	0	2	67	106	2677	29	0	2	0	0	0	0	0	
4	5	8	15	16	17	25	29	30	35	2	3	9	21	22	27	31	33	36	39	2	3	67	65	0	6159	6593	0	22	0	0	0	0	
0	1	13	14	16	17	23	29	33	34	4	7	8	9	18	24	30	31	35	39	1	0	95	146	0	100	363	1	0	2	0	0	0	
1	7	8	17	18	22	26	28	31	38	4	10	14	15	19	20	23	25	32	39	1	1	106	15	64	182	168	182	0	4	0	0	0	
0	2	8	9	17	21	23	28	36	38	5	15	16	24	25	26	31	32	35	37	3	2	82	33	0	21	778	163	1	0	0	0	0	
5	9	16	18	19	23	26	29	30	35	1	3	8	12	15	17	20	27	34	37	3	3	57	9	298	0	485	0	1	0	0	0	0	
3	5	12	17	20	29	34	37	38	39	0	1	4	6	9	21	22	26	31	32	3	0	103	138	63	37	0	0	8	1	0	0	0	
4	6	7	14	15	20	22	29	30	34	0	2	8	11	13	19	23	25	33	37	1	1	44	30	0	244	556	0	15	0	0	0	0	
2	5	15	16	17	18	21	25	28	31	4	10	11	20	22	23	30	34	38	39	2	2	76	0	52	182	1603	0	3	1	0	0	0	
1	7	10	11	13	21	22	23	29	36	8	14	15	17	19	20	25	26	28	31	1	3	64	45	34	20	0	74	10	0	6	0	0	
0	2	4	8	14	17	19	22	29	33	5	9	12	13	21	23	24	30	32	34	0	0	96	28	29	201	0	2	3	1	0	0	0	
0	2	3	6	7	16	20	26	33	36	1	11	17	21	22	30	31	32	35	39	3	1	52	0	60213	68	165	176	0	3	0	0	0	
1	3	11	16	21	22	23	27	33	37	0	4	5	15	17	20	24	29	32	34	0	2	18	66	25	14	0	1	0	0	0	0	0	
4	17	19	21	23	24	26	31	34	38	1	7	8	10	15	20	33	35	36	39	2	3	48	0	1718	0	543	245	10	2	0	0	0	
0	1	8	11	14	18	20	28	32	37	4	5	12	22	26	27	30	31	33	39	0	0	41	298	0	345	66	65	22	3	0	0	0	
0	5	8	9	22	25	26	27	34	37	2	3	4	13	15	16	28	31	33	36	1	1	10	427	120	262	6	0	6	0	0	0	0	
4	6	7	10	11	12	18	25	26	39	3	5	8	9	19	22	27	29	30	32	1	2	80	157	527	0	66	0	0	1	0	0	0	
6	10	12	19	20	21	33	34	35	37	0	4	14	16	17	23	24	25	32	39	2	3	41	118	86	0	16	83	0	0	0	0	0	
7	10	14	17	19	23	32	34	36	39	0	1	13	18	20	22	24	25	26	31	2	0	56	471	71	108	0	0	8	0	0	0	0	
1	6	10	11	12	20	31	33	34	35	0	5	8	17	19	21	24	25	32	38	3	1	43	21	0	0	0	37	0	0	0	0	0	
0	1	2	8	9	15	16	26	29	37	5	18	21	23	30	31	33	35	36	38	2	2	38	52	0	14677	0	2	23	0	0	0	0	
1	8	12	14	15	19	21	29	30	36	11	16	17	18	20	23	25	26	38	39	3	3	51	1	0	18790	0	109	0	2	0	0	0	
17	22	25	28	30	31	32	34	36	39	0	3	6	9	14	23	26	29	33	35	3	0	104	574	12303	192	102	2	2	0	0	0	0	
0	4	18	19	20	23	26	28	33	38	7	10	11	17	21	24	27	32	34	35	0	1	58	31	0	15187	305	226	3	2	0	0	0	
18	20	21	22	25	27	32	36	37	39	0	6	17	23	28	29	30	33	34	35	0	2	44	226	3955	557	0	86	2	0	0	0	0	
8	10	11	19	25	29	32	35	36	38	1	2	12	14	17	18	20	22	31	33	1	3	88	0	7215	306	38	171	5	0	0	0	0	
2	12	14	15	17	23	27	28	34	38	0	3	5	13	18	19	20	22	26	29	1	0	92	295	639	2381	1031	0	0	0	0	0	0	
1	2	5	10	11	13	15	19	23	39	3	9	12	14	16	22	27	34	35	38	0	1	34	0	14070	26779	1317	1	29	3	0	0	0	
0	1	6	7	9	23	24	27	28	37	5	17	19	26	29	31	33	36	38	39	0	2	97	0	35814	943	15132	2	6	0	0	0	0	
0	2	17	18	22	25	27	28	32	38	1	3	8	13	14	20	26	31	34	39	0	3	59	33	0	4011	0	154	5	0	0	0	0	
2	11	23	26	29	31	33	34	36	38	3	6	10	14	17	20	25	28	30	39	3	0	70	1238	188	1664	295	701	2	2	0	0	0	
1	3	9	13	18	19	22	30	32	36	4	7	10	15	16	24	26	29	34	37	2	1	44	105	299	41	274	0	0	0	0	0	0	
1	2	3	6	7	8	10	11	23	32	0	4	9	18	20	25	28	34	36	38	0	2	86	233	0	0	69	507	6	4	0	0	0	
1	4	5	7	17	18	23	27	32	33	8	13	15	16	24	26	35	36	37	38	3	3	65	27	22	0	0	14	0	2	0	0	0	
1	4	7	11	12	13	14	17	34	35	5	8	10	16	20	21	22	26	28	29	3	0	5	962	980	0	24	131	8	1	0	0	0	
9	10	12	13	23	29	31	33	35	37	0	3	4	11	14	16	19	20	25	36	1	1	71	0	24422	315	266	455	0	15	0	0	0	
2	7	16	19	22	30	31	35	37	38	0	3	4	5	13	15	17	28	32	39	1	2	65	170	74	18	0	0	3	0	0	0	0	
5	7	10	15	21	22	23	33	34	38	2	9	16	18	20	25	26	28	29	31	2	3	96	63	0	36	41	0	0	1	0	0	0	
2	6	8	15	17	22	23	28	31	37	1	7	10	11	12	18	19	25	30	33	3	0	25	133	44	27	0	90	0	1	0	0	0	
3	9	12	13	16	25	26	29	33	34	4	7	11	15	17	18	19	20	21	30	1	1	92	0	0	63	99	102	0	0	0	0	0	
3	11	12	14	16	18	33	34	35	36	1	6	8	21	22	24	26	30	38	39	0	2	50	833	40	9494	325	107	14	0	0	0	0	
1	3	5	7	16	20	22	24	28	30	0	4	18	25	27	31	34	35	36	37	1	3	40	0	198	115	1144	353	2	0	0	0	0	
1	11	14	17	18	19	26	27	35	39	2	4	5	10	13	15	22	32	36	37	1	0	86	267	102	1324	0	188	86	1	0	0	0	
9	11	16	17	18	23	24	26	30	39	1	2	3	10	13	19	20	25	34	36	1	1	79	472	118	0	5100	0	4	1	0	0	0	
0	1	4	7	11	19	26	27	35	37	9	12	15	21	23	28	29	31	34	38	1	2	60	24	0	6883	29	0	27	0	0	0	0	
2	6	7	10	14	15	19	20	26	39	0	9	11	12	22	24	25	28	29	36	2	3	110	31	179	471	117	0	0	0	0	0	0	
0	2	4	19	24	25	32	35	38	39	7	9	10	13	14	15	21	27	28	34	3	0	98	153	42	0	1627	138	3	0	0	0	0	
1	3	9	12	19	26	28	35	36	39	0	5	6	8	22	25	27	30	32	37	3	1	44	26	3	93	0	291	62	1	0	0	0	
1	2	3	4	10	11	13	17	24	25	0	8	20	22	27	29	33	37	38	39	1	2	63	137	0	104	122	0	0	0	0	0	0	
8	9	14	15	17	19	33	36	37	39	5	10	12	20	22	24	25	28	29	35	2	3	82	296	1490	196	1142	1402	3	0	0	0	0	
0	6	12	15	17	19	26	34	36	39	1	4	8	10	11	13	24	25	29	35	1	0	65	340	0	341	11699	3	2	0	0	0	0	
1	12	13	14	16	24	28	29	31	38	0	3	5	9	11	17	20	22	23	30	0	1	60	31	73	116	33	0	5	2	0	0	0	
1	3	4	6	13	14	18	29	31	37	2	10	16	21	26	32	33	35	38	39	1	2	37	104	119	124	80	0	31	1	0	0	0	
1	4	7	10	14	17	20	26	28	36	6	8	11	13	23	25	30	32	34	37	3	3	63	71	992	0	7108	3	1	0	0	0	0	
5	17	21	27	30	31	32	34	35	38	1	2	6	13	16	19	22	23	29	36	1	0	24	2464	60	0	686	303	3	0	0	0	0	
1	2	3	14	21	22	30	32	33	34	6	11	12	15	16	17	18	20	25	29	0	1	26	0	0	0	20	1	0	0	0	0	0	
11	15	17	20	22	23	26	27	31	34	0	8	9	10	16	18	25	28	30	32	2	2	77	116	0	458	952	909	21	1	0	0	0	
16	18	21	25	28	30	33	34	37	39	2	4	9	14	19	20	26	29	31	36	1	3	112	209	0	262	664	1154	42	1	0	0	0	
3	7	10	11	16	23	26	35	36	38	4	6	14	17	19	25	27	28	29	37	1	0	71	73	0	334	15	54	1	0	0	0	0	
0	1	2	6	9	21	24	25	29	30	4	7	10	11	14	20	27	32	37	38	2	1	61	174	58	0	65	295	2	0	0	0	0	
6	7	9	11	12	17	23	30	36	37	3	4	10	18	20	25	27	28	31	39	3	2	39	55	23	27	35	0	30	1	0	0	0	
1	4	12	15	20	22	23	26	27	31	6	10	11	13	14	17	28	29	34	39	1	3	80	41	96	0	175	32	0	0	0	0	0	
2	4	5	6	10	11	12	22	35	38	9	13	14	17	23	24	26	27	28	37	2	0	82	340	0	341	0	0	4	0	0	0	0	
1	8	15	16	17	20	29	30	32	38	0	2	5	6	7	10	11	22	25	34	3	1	28	41	226	42	129	0	17	0	0	0	0	
3	13	14	17	19	21	23	28	35	39	1	6	8	15	22	24	25	27	31	38	1	2	69	107	51	134	0	2	15	0	0	0	0	
1	3	7	12	13	15	20	22	30	35	0	5	6	8	11	17	24	26	32	37	1	3	33	31	0	308	587	0	61	0	1	0	0	
0	3	4	6	9	11	17	24	33	39	2	7	13	16	21	23	26	35	36	37	1	0	40	973	0	0	1052	516	0	2	0	0	0	
0	7	11	14	16	19	23	24	28	30	3	6	8	9	17	20	21	31	32	38	2	1	76	13	86	65	0	2	13	0	0	0	0	
1	6	9	12	18	22	31	32	34	38	0	4	5	7	13	15	19	26	28	33	3	2	50	77	0	220	0	409	1	1	0	0	0	
0	1	5	8	13	15	26	27	35	39	4	6	11	14	19	22	25	29	34	38	3	3	62	63	85	51	0	25	0	0	0	0	0	
11	13	14	18	20	21	22	25	27	34	2	3	7	9	19	29	30	32	37	39	2	0	103	1025	175	206	0	1	8	0	0	0	0	
2	6	7	9	13	14	16	27	30	36	3	8	15	20	22	25	29	33	34	38	0	1	51	0	363	841	206	156	15	0	0	0	0	
0	4	6	7	19	20	23	30	33	38	5	8	11	25	28	29	31	32	34	35	1	2	81	0	31606	266	114	0	14	0	0	0	0	
3	4	9	11	13	17	18	21	22	36	1	7	10	12	14	15	28	30	32	33	1	3	76	0	102	0	5748	1	12	2	0	0	0	
0	6	7	10	12	20	24	28	32	39	3	8	17	18	19	25	26	27	35	38	2	0	69	169	71	40	0	68	15	0	0	0	0	
0	1	5	16	18	21	25	35	36	38	2	8	12	15	20	24	28	29	34	39	0	1	67	57	0	126	940	40	0	0	0	0	0	
10	11	13	19	22	30	32	37	38	39	0	2	6	15	18	23	28	31	33	35	1	2	91	698	21404	17791	0	91	203	0	0	0	0	
4	7	13	21	22	25	33	34	37	39	0	2	9	12	15	16	17	19	29	38	0	3	59	36	32	0	374	0	7	0	0	0	0	
0	1	15	19	23	27	31	32	36	37	4	5	9	12	14	17	20	21	25	33	2	0	16	313	0	7389	0	275	2	0	0	0	0	
1	3	5	10	11	20	23	28	31	33	12	14	19	22	25	35	36	37	38	39	2	1	71	44	3	0	0	479	5	1	0	0	0	
10	15	21	23	24	25	27	37	38	39	0	3	7	9	16	29	31	33	35	36	3	2	99	105	4459	0	7196	523	4	1	0	0	0	
3	6	9	17	21	25	28	33	37	38	5	10	11	16	20	24	27	29	32	35	1	3	57	233	0	495	6	29	0	0	0	0	0	
3	4	18	23	26	27	29	32	33	34	0	8	16	20	21	25	30	35	36	38	2	0	42	151	0	280	0	415	23	1	0	0	0	
3	6	9	22	25	26	29	33	34	35	0	2	7	12	19	21	27	36	38	39	3	1	93	24	25	0	81	149	0	0	0	0	0	
5	9	11	14	20	23	26	27	32	35	0	3	4	13	19	21	30	31	33	38	0	2	62	30	0	230	4843	44	0	4	0	0	0	
1	10	13	19	21	23	28	34	36	39	2	4	7	11	18	26	27	30	33	35	1	3	86	63	635	611	44	0	0	2	0	0	0	
0	2	4	16	17	22	25	27	37	39	3	6	7	21	24	26	31	33	35	38	1	0	32	189	0	38425	0	4	23	1	0	0	0	
2	6	8	18	20	26	27	35	36	39	5	7	11	14	19	28	31	32	34	37	2	1	41	0	4799	1445	39	248	1	0	0	0	0	
5	6	11	16	22	32	33	34	35	37	2	8	9	15	17	19	23	27	28	29	0	2	105	0	229	4152	433	26	5	0	0	0	0	
1	2	3	7	11	13	17	19	33	35	6	10	15	18	20	22	26	30	32	39	0	3	86	131	0	418	161	130	19	2	0	0	0	
3	7	10	11	16	19	25	31	32	38	0	4	5	12	14	15	18	26	28	39	0	0	94	421	0	89	0	96	1	0	0	0	0	
5	7	9	13	18	19	22	28	33	38	2	6	14	20	21	24	29	31	34	36	0	1	76	37	70	0	131	0	67	1	0	0	0	
2	5	8	9	11	14	19	20	23	33	0	1	13	17	25	28	30	31	36	39	3	2	53	85	329	21	37	11	0	0	0	0	0	
5	6	8	13	15	22	26	34	35	37	1	3	4	16	17	24	25	27	28	33	1	3	5	31	0	23	0	43	1	0	0	0	0	
1	2	3	9	20	21	26	33	36	38	0	8	12	15	17	18	19	27	31	34	0	0	84	198	0	4	9	0	27	0	0	0	0	
0	6	8	9	11	18	20	23	24	26	4	5	7	12	16	25	29	32	35	36	1	1	82	22	0	11493	61	229	3	0	0	0	0	
4	5	6	9	16	18	24	26	32	39	0	7	8	12	13	19	28	30	31	38	2	2	60	63	0	5415	1434	23	3	1	0	0	0	
1	9	11	12	15	17	22	27	34	39	0	3	5	13	16	19	20	23	24	33	3	3	47	41	42	0	2734	0	22	0	0	0	0	
8	14	15	17	22	26	29	32	38	39	2	3	12	13	16	18	23	27	33	36	3	0	107	90	1418	1089	334	35	14	0	0	0	0	
0	2	4	7	10	14	16	21	34	38	8	11	22	24	26	28	31	33	35	36	0	1	10	103	0	38	0	120	4	0	0	0	0	
1	2	7	18	22	26	29	33	36	37	0	3	8	9	13	16	21	23	25	34	2	2	88	141	0	878	47	0	18	1	0	0	0	
1	2	12	16	18	19	22	29	37	38	4	9	15	25	26	28	31	32	34	39	2	3	82	84	0	15906	0	2	0	0	0	0	0	
0	2	3	4	17	20	22	27	28	30	1	8	9	14	16	21	25	26	34	36	0	0	103	552	348	0	12190	0	0	2	0	0	0	
0	3	6	9	14	16	21	25	28	33	4	10	18	20	22	23	29	32	34	39	1	1	40	220	73	0	202	852	0	0	0	3	0	
1	3	7	11	16	20	22	28	36	38	2	4	9	13	17	18	19	24	37	39	2	2	61	31	9	0	29388	1	0	3	0	0	0	
0	2	5	7	17	18	26	34	35	37	1	4	9	13	19	23	28	29	31	32	1	3	64	29	0	41	194	79	0	2	0	0	0	
3	10	13	14	15	21	24	25	26	28	0	1	7	8	12	23	27	36	38	39	0	0	74	1100	0	299	1281	918	354	0	0	4	0	
6	9	18	20	21	22	27	30	35	38	1	5	8	11	15	17	25	26	31	32	3	1	41	9	64	66	143	1294	0	11	0	0	0	
1	4	9	14	18	20	22	26	33	37	8	12	13	21	24	25	27	34	36	39	3	2	56	20	0	260	297	63	4	0	0	0	0	
5	11	19	21	23	25	28	31	32	37	4	8	12	13	17	18	20	24	30	38	2	3	73	0	10013	168	167	0	15	2	0	0	0	
0	2	3	5	9	14	20	36	37	38	1	4	10	13	17	19	28	29	30	32	0	0	87	546	0	14591	198	0	28	6	0	0	0	
1	5	11	20	25	28	30	31	35	36	0	4	12	15	23	26	33	37	38	39	0	1	71	117	90	24	0	68	1	0	0	0	0	
10	11	12	13	16	20	23	29	35	38	2	3	5	6	18	19	28	32	36	37	3	2	77	10	29	0	20	76	3	0	0	0	0	
1	3	7	12	14	25	26	27	32	38	0	8	9	16	23	29	31	36	37	39	3	3	65	33	1290	28	0	19	0	0	0	0	0	
8	9	10	17	18	20	22	35	37	39	2	6	7	12	15	21	24	25	27	32	3	0	38	198	0	328	1209	1	0	4	0	0	0	
1	5	9	10	18	24	25	29	33	36	0	2	3	8	17	27	30	32	34	39	3	1	98	43	15	0	446	0	15	0	0	0	0	
0	2	10	11	12	16	24	26	31	37	1	3	7	8	9	28	29	30	34	38	2	2	37	114	254	0	19	0	29	2	0	0	0	
7	12	17	18	23	24	25	33	36	37	4	5	8	11	22	30	32	34	35	39	1	3	54	23	32	0	2020	0	3	1	0	0	0	
6	11	12	14	19	22	24	25	32	33	0	8	18	23	28	29	30	31	34	35	2	0	78	201	27	52	0	2	4	0	0	0	0	
0	6	7	9	10	11	33	35	38	39	1	4	5	15	16	18	21	25	26	27	3	1	92	0	0	332	604	1	6	0	0	0	0	
6	7	19	20	23	24	25	26	38	39	0	2	4	9	15	16	22	30	31	32	2	2	69	186	0	10553	0	53	0	4	0	0	0	
8	9	10	12	14	17	21	27	35	38	4	18	23	28	31	32	34	36	37	39	0	3	40	180	0	30936	955	778	13	0	0	0	0	
1	7	13	18	22	25	29	35	36	38	3	4	9	11	14	17	19	31	33	34	1	0	105	375	0	11756	0	188	3	2	0	0	0	
4	17	18	21	22	24	31	35	36	38	1	2	8	11	12	14	15	16	23	32	3	1	47	156	209	292	0	0	2	0	0	0	0	
0	7	9	12	16	17	24	30	31	35	1	2	3	8	14	19	21	26	29	32	1	2	84	64	0	531	0	80	2	1	0	0	0	
5	11	13	19	22	25	28	30	31	35	1	2	4	8	10	15	17	33	37	38	3	3	52	14	0	594	29	135	0	2	0	0	0	
0	1	4	5	11	14	19	26	30	32	2	6	12	15	17	20	21	22	27	31	0	0	40	320	1890	33	14	0	1	1	0	0	0	
3	4	5	11	18	24	30	33	37	38	1	2	6	8	12	14	15	32	35	36	0	1	72	65	427	0	3059	86	4	7	0	0	0	
5	8	13	16	24	25	28	29	35	38	0	3	4	9	12	14	15	19	20	39	1	2	103	62	0	32963	0	189	42	2	0	0	0	
10	12	16	19	21	22	26	29	30	31	4	6	9	11	23	27	28	32	35	39	2	3	103	201	57	972	346	101	1	0	0	0	0	
1	3	8	15	20	21	31	32	34	38	0	2	7	16	17	19	24	27	37	39	1	0	57	117	37	0	131	182	7	0	0	0	0	
3	4	7	8	9	13	21	24	27	37	1	2	6	11	19	28	30	32	35	38	0	1	86	64	0	23742	282	2	0	1	0	0	0	
3	6	11	14	19	21	22	23	33	36	0	7	9	18	20	27	29	30	35	37	1	2	57	0	0	26	0	94	1	0	0	0	0	
0	3	4	9	10	19	31	33	36	39	1	2	8	14	22	23	24	26	27	32	1	3	64	7	165	82	4577	3	0	0	0	0	0	
0	7	8	9	10	14	16	26	31	37	2	4	5	11	18	21	22	36	38	39	1	0	91	363	0	209	158	228	1	3	0	0	0	
4	5	7	9	14	15	16	24	37	38	0	2	3	13	17	22	23	29	30	36	0	1	68	11	0	17556	221	908	74	0	0	0	0	
1	5	9	10	13	20	24	28	29	32	2	3	6	8	12	15	22	23	30	38	1	2	43	37	15	0	0	461	5	0	0	0	0	
7	8	14	16	19	24	25	30	33	39	0	5	9	13	17	21	29	32	36	37	3	3	87	44	0	20017	1338	113	15	0	0	0	0	
7	10	12	17	18	19	21	27	31	33	1	2	3	4	14	16	28	32	35	38	0	0	56	309	338	242	50	0	1	0	0	0	0	
0	2	5	7	8	19	23	31	32	37	6	14	17	21	25	29	30	35	38	39	3	1	116	112	0	882	41	2	0	0	0	0	0	
0	8	9	12	14	16	30	33	34	35	1	4	5	10	11	18	22	24	36	38	0	2	26	280	155	0	13064	207	5	0	0	0	0	
2	5	10	14	16	23	27	29	34	38	0	4	6	15	17	18	19	33	37	39	2	3	112	33	33	0	1693	0	173	0	0	0	0	
2	5	6	9	22	23	25	26	28	38	3	4	10	15	19	21	24	31	34	39	0	0	79	1555	0	12525	1390	2	3	1	0	0	0	
1	3	7	8	11	18	27	32	33	39	13	17	19	20	22	26	28	29	30	35	0	1	91	47	24	293	574	0	34	0	0	0	0	
3	5	7	8	14	17	28	30	32	36	2	13	20	21	22	23	29	34	38	39	0	2	78	0	8447	436	538	0	11	2	0	0	0	
8	9	14	15	16	20	24	35	36	38	1	2	6	11	17	18	21	28	33	39	0	3	90	2	178	29	0	3	0	0	0	0	0	
4	9	13	15	18	19	25	26	28	33	0	6	8	12	20	27	31	34	36	37	3	0	51	1297	2279	330	0	346	12	0	0	0	0	
1	5	10	12	13	14	15	21	24	36	9	16	18	19	20	23	27	29	31	33	1	1	90	85	14	0	205	253	5	0	0	0	0	
1	2	11	16	17	25	26	27	29	32	3	8	10	14	19	22	23	34	35	39	3	2	19	36	60	504	0	424	0	0	0	0	0	
3	5	15	16	17	19	29	34	38	39	2	4	7	8	9	13	14	21	27	33	3	3	63	0	15763	4233	98	120	0	1	0	0	0	
0	11	14	16	18	20	21	22	33	36	1	17	23	25	26	27	30	31	32	39	3	0	15	281	6	13	35	0	4	0	0	0	0	
0	9	12	23	24	27	32	34	35	37	5	7	8	11	14	15	18	28	33	38	2	1	45	173	0	39337	297	2	4	1	0	0	0	
3	4	6	7	13	18	25	34	37	39	0	2	11	16	17	24	27	31	33	38	3	2	81	0	14669	64	0	2	5	0	0	0	0	
0	1	2	9	11	12	15	16	20	39	3	7	14	18	19	21	26	35	36	38	3	3	70	23	0	2901	169	0	0	1	0	0	0	
0	5	10	12	15	21	26	28	33	35	3	4	6	7	11	13	22	29	38	39	2	0	58	490	86	0	17	177	0	0	0	0	0	
1	16	20	23	28	29	30	32	35	38	7	9	12	18	21	22	24	25	31	34	3	1	49	0	22104	155	905	134	0	3	0	0	0	
2	4	15	16	17	23	24	26	27	33	3	8	11	14	22	29	34	35	36	38	3	2	68	23	742	0	321	132	1	0	0	0	0	
1	3	5	9	19	22	24	32	33	37	4	8	10	11	15	17	23	28	30	38	1	3	50	39	0	31	0	2	12	0	0	0	0	
0	1	2	8	9	10	21	23	29	33	3	5	6	7	13	16	20	25	26	39	2	0	71	348	0	780	249	0	23	2	0	0	0	
4	7	8	14	21	25	31	33	35	37	0	10	13	17	20	24	27	29	30	32	3	1	63	380	0	144	203	137	1	0	0	0	0	
0	1	4	11	21	23	30	31	34	39	2	16	20	24	25	28	29	35	36	38	0	2	27	51	14	52	0	0	0	1	1	0	0	
3	4	8	9	10	20	22	28	29	30	0	2	5	7	13	16	18	23	24	39	0	3	87	109	6556	0	175	157	5	8	0	0	0	
0	3	5	8	14	15	19	20	38	39	1	2	7	9	10	16	22	23	34	37	2	0	62	56	0	693	147	236	1	0	0	0	0	
3	7	8	15	17	21	26	30	31	37	0	5	9	12	16	18	23	28	35	36	3	1	38	37	0	30	13	194	3	0	0	0	0	
1	8	9	14	20	23	30	33	36	39	6	13	16	17	18	21	26	27	28	37	3	2	89	52	0	18328	2240	0	13	2	0	0	0	
2	9	11	13	26	33	36	37	38	39	4	5	10	12	14	18	21	23	29	31	2	3	88	0	17288	0	70	0	9	1	0	0	0	
0	1	7	8	11	13	32	34	35	37	4	5	10	12	15	16	17	22	29	36	1	0	79	1396	214	242	47	99	0	0	0	0	0	
2	3	4	5	12	13	17	30	31	33	7	10	14	15	19	21	22	32	34	36	0	1	28	19	29	475	78	138	43	0	0	0	0	
0	15	19	21	26	27	32	34	37	38	6	8	11	13	18	20	23	25	28	30	1	2	50	162	35	132	104	0	2	0	0	0	0	
1	4	8	11	15	19	25	26	27	36	3	5	17	18	20	21	29	32	38	39	0	3	73	54	10	0	876	1	2	0	0	0	0	
2	3	9	10	15	17	18	23	35	36	0	4	8	13	19	21	25	26	32	37	3	0	23	231	91	2	0	200	9	0	0	0	0	
5	12	13	14	15	21	22	29	30	39	2	4	10	11	16	23	24	32	35	37	3	1	51	45	0	3362	7415	35	0	1	0	0	0	
3	4	7	11	14	19	25	26	37	39	9	16	17	20	23	24	30	31	34	38	1	2	90	38	0	3740	0	30	1	0	0	0	0	
4	5	6	20	21	23	30	33	34	36	0	1	2	14	15	17	24	29	37	39	3	3	76	409	57	60	0	219	0	1	0	0	0	
4	7	12	14	21	24	25	27	35	39	6	8	17	20	22	23	28	30	32	37	1	0	72	185	0	14801	166	3	8	0	0	0	0	
0	1	7	9	15	16	17	28	30	33	2	6	8	19	24	25	26	27	31	38	0	1	107	10	166	111	0	0	19	0	0	0	0	
2	5	9	13	15	17	23	26	30	36	4	11	12	19	25	29	32	34	38	39	2	2	46	73	106	52	6	0	22	0	0	0	0	
3	4	5	6	9	12	13	28	32	34	7	10	15	18	20	25	30	31	36	39	2	3	10	70	0	70	0	2	25	0	0	0	0	
1	13	14	15	17	22	23	27	32	37	0	9	16	20	21	26	28	29	31	38	2	0	105	38	549	106	83	132	4	0	0	0	0	
2	8	10	20	22	33	36	37	38	39	0	6	7	14	21	25	26	29	31	34	2	1	66	225	100	297	165	0	1	0	0	0	0	
6	11	15	21	23	25	27	31	35	36	1	4	5	13	17	19	24	37	38	39	3	2	68	69	0	46	31	17	0	0	0	0	0	
3	18	20	22	23	26	28	33	35	39	2	7	8	14	16	17	21	25	34	37	1	3	50	223	0	4454	143	0	0	0	0	0	0	
7	9	10	13	15	25	27	28	29	39	6	14	16	18	19	20	22	31	33	38	0	0	90	311	0	31679	27376	0	44	0	0	0	0	
9	11	14	17	21	22	23	28	31	33	4	5	6	7	12	19	20	24	35	37	1	1	61	23	0	0	1150	49	0	0	0	0	0	
2	3	4	8	12	13	16	17	27	28	0	10	15	19	21	22	23	24	26	34	0	2	83	365	4341	18	76	2	1	1	0	0	0	
2	8	11	13	21	26	35	36	38	39	7	12	19	20	23	24	27	29	30	31	0	3	30	126	0	68	2632	73	0	1	0	0	0	
1	9	12	13	17	19	23	29	32	35	6	7	16	20	22	24	25	26	34	37	2	0	104	763	38	0	179	0	13	0	0	0	0	
1	3	4	12	15	17	21	23	26	34	2	11	13	18	19	24	29	30	31	39	2	1	39	49	0	0	0	2	1	1	0	0	0	
2	3	6	10	16	17	23	26	29	35	8	12	13	15	21	30	31	32	37	38	3	2	59	0	62	847	47	1	1	2	0	0	0	
6	9	17	22	24	30	31	34	38	39	0	1	4	7	10	15	16	21	23	36	1	3	51	71	1369	430	0	122	1	0	0	0	0	
1	2	5	7	13	16	22	28	31	32	0	8	14	15	20	23	25	29	34	38	2	0	48	457	9	0	77	2	0	1	0	0	0	
1	4	12	15	22	27	28	31	36	39	3	9	11	17	19	20	30	34	35	38	3	1	93	28	0	206	0	16	27	0	0	0	0	
0	4	7	11	14	17	20	23	27	35	1	2	5	6	15	21	30	34	37	38	0	2	30	19	117	0	21	5	0	0	0	0	0	
0	2	14	20	24	26	30	34	35	38	1	6	7	11	17	19	25	28	33	36	0	3	29	33	14	35	0	0	8	0	0	0	0	
0	2	3	4	7	12	14	25	27	38	6	10	18	20	22	28	30	33	34	39	1	0	20	747	0	2157	0	64	22	0	0	0	0	
5	11	15	16	18	19	20	32	36	38	2	7	13	14	24	28	29	34	35	39	0	1	56	169	51	0	29541	1387	19	0	0	0	0	
2	6	11	15	18	20	22	30	35	37	1	3	8	9	12	19	25	28	36	38	0	2	103	30	24	35	0	2	2	0	0	0	0	
2	4	10	11	13	23	28	29	35	38	0	6	14	16	18	20	22	26	30	31	2	3	65	47	132	0	23	0	1	0	0	0	0	
0	1	8	13	15	16	20	22	26	37	9	10	12	19	23	24	25	34	35	39	3	0	39	423	0	6429	192	0	0	0	0	0	0	
11	13	14	20	22	23	26	30	31	36	2	12	15	17	21	28	33	37	38	39	0	1	10	19	0	8	226	142	0	0	0	0	0	
0	6	11	15	18	19	21	23	27	32	1	2	8	9	13	20	28	33	35	39	3	2	48	75	82	97	0	479	18	0	0	0	0	
4	7	8	15	16	17	31	32	33	35	1	3	5	9	12	14	19	23	29	30	0	3	68	39	253	207	321	1402	7	0	0	0	0	
9	14	15	19	20	22	24	27	36	38	0	1	4	8	12	13	21	30	35	37	1	0	71	338	4846	494	0	2	8	342	0	5	0	
0	3	8	11	14	17	28	31	32	33	2	4	10	19	20	21	29	30	35	36	3	1	64	320	4	1	18	0	10	0	0	0	0	
3	8	15	17	18	20	25	33	35	39	4	6	10	16	19	24	29	31	36	37	0	2	50	121	2195	0	12375	0	0	0	0	0	0	
1	2	9	11	14	17	26	27	30	32	5	15	16	21	22	24	28	29	34	36	3	3	4	14	33	0	192	56	0	1	0	0	0	
0	6	10	12	13	15	23	26	30	36	4	9	14	16	21	24	27	28	29	32	2	0	109	116	0	5	0	2	1	1	0	0	0	
10	11	17	18	20	23	26	29	33	39	1	4	7	8	14	16	25	34	35	38	3	1	103	49	0	6251	308	598	2	1	0	0	0	
5	8	13	15	23	24	25	33	34	38	6	9	18	19	22	26	27	32	35	37	1	2	52	36	24	0	1677	0	3	1	0	0	0	
2	6	8	15	20	22	27	33	38	39	3	11	12	14	17	21	25	26	30	32	2	3	64	21	78	0	0	397	7	0	0	0	0	
7	15	18	19	29	30	33	37	38	39	4	5	10	11	17	20	22	34	35	36	3	0	78	148	23020	694	298	1613	14	2	0	0	0	
7	9	12	13	17	18	21	23	29	39	1	2	6	8	16	19	24	27	28	30	0	1	117	9	5	191	97	0	93	0	0	0	0	
2	4	8	11	14	18	24	26	33	35	1	3	7	9	16	17	19	29	30	36	0	2	96	95	98	26	0	3	0	0	1	0	0	
0	4	8	11	14	23	25	29	31	34	5	7	19	20	24	26	33	35	36	37	0	3	39	100	41	47	22	125	2	0	0	0	0	
2	3	15	19	22	25	27	33	34	39	4	11	12	16	18	24	35	36	37	38	0	0	39	68	46	0	16157	440	30	0	0	0	0	
1	2	4	13	17	20	25	26	28	33	0	5	6	9	16	24	30	34	35	39	1	1	18	52	134	229	0	0	3	0	0	0	0	
7	11	17	19	23	28	31	32	33	35	0	2	10	12	15	20	24	25	26	27	1	2	35	135	60	42	0	190	3	0	0	0	0	
6	14	16	23	24	27	28	29	33	36	0	1	10	17	19	20	25	30	31	32	3	3	61	189	12610	5693	0	224	0	1	0	0	0	
3	10	14	25	27	31	32	33	37	39	0	2	5	9	17	20	23	24	28	30	1	0	27	512	128	0	34	0	12	2	0	0	0	
3	6	12	13	14	15	19	20	25	31	1	2	7	18	22	33	34	37	38	39	0	1	18	304	51	0	576	0	23	0	0	0	0	
1	9	10	15	19	20	21	29	31	36	5	6	12	14	16	23	25	27	35	37	0	2	46	42	0	0	131	8	0	2	0	0	0	
7	12	14	16	20	24	26	28	34	38	0	1	9	13	15	21	27	30	32	35	0	3	47	0	650	58	0	107	0	0	0	0	0	
0	3	9	12	18	22	27	29	31	38	2	10	14	16	20	25	26	32	35	37	0	0	50	165	28	18	0	3	4	0	0	0	0	
3	6	9	14	19	26	34	35	36	39	0	4	5	13	22	27	28	30	33	37	1	1	46	107	0	0	15697	1	0	4	0	0	0	
3	4	10	11	20	21	22	25	31	35	5	13	14	17	18	19	23	29	32	34	0	2	87	0	0	0	0	91	33	1	0	0	0	
6	9	12	15	18	20	27	28	34	38	0	3	7	8	13	16	22	24	29	30	0	3	38	5	147	0	39	0	3	0	0	0	0	
1	3	4	7	13	20	23	27	33	38	0	2	5	6	18	19	31	32	35	39	3	0	76	802	172	0	144	17	0	5	0	0	0	
11	15	18	19	21	22	23	28	29	37	1	2	6	7	8	10	17	24	25	38	1	1	30	510	1487	4006	0	2	0	1	0	0	0	
1	2	6	7	12	16	22	24	33	39	3	13	15	17	18	21	25	29	36	37	0	2	82	139	19	13	0	81	0	1	0	0	0	
0	4	7	10	12	24	27	28	30	33	3	5	20	21	23	31	32	35	38	39	3	3	57	81	9	352	0	55	0	3	0	0	0	
0	2	5	6	11	26	31	35	36	39	4	10	13	15	17	19	25	30	34	38	2	0	3	4056	3117	0	0	905	3	0	0	0	0	
0	8	12	17	19	24	26	28	31	36	1	6	7	9	10	15	23	30	34	35	2	1	53	30	0	4252	5386	0	5	1	0	0	0	
3	7	8	9	12	13	20	22	34	36	2	6	21	23	27	29	31	33	35	37	3	2	38	29	373	2624	964	239	0	0	0	0	0	
3	11	12	19	20	24	25	29	32	37	4	8	10	13	14	15	26	34	35	39	0	3	27	61	0	0	89	69	2	0	0	0	0	
1	3	10	12	16	18	20	29	33	38	2	6	15	21	23	32	34	36	37	39	0	0	62	553	0	450	92	309	0	1	0	0	0	
13	14	16	18	19	21	22	25	37	39	0	3	4	7	8	11	15	20	34	38	0	1	70	98	3767	372	820	27	1	0	0	0	0	
2	5	10	16	17	19	26	32	36	39	0	3	14	15	20	21	22	28	34	38	1	2	105	52	1296	21	0	59	0	1	0	0	0	
1	2	3	8	9	18	22	26	29	39	0	7	12	20	24	30	32	34	36	38	1	3	49	0	3725	6226	147	78	14	0	0	0	0	
2	6	10	13	15	21	25	32	35	39	1	3	7	12	16	20	23	27	36	38	3	0	45	184	0	2353	1600	112	1	0	0	0	0	
14	18	23	24	25	26	29	32	36	39	1	9	12	13	15	17	27	34	37	38	1	1	81	674	220	22832	1848	0	6	3	0	0	0	
4	11	19	20	28	30	31	32	35	39	1	3	5	8	10	12	13	24	25	29	0	2	53	85	0	340	0	1595	9	0	0	0	0	
3	5	7	11	16	22	25	32	35	39	0	2	12	15	17	27	29	33	36	37	0	3	21	77	3762	0	340	319	4	0	0	0	0	
10	11	14	24	25	31	32	33	35	39	1	2	3	6	13	19	28	29	30	38	1	0	97	124	127	79	67	32	0	0	0	0	0	
1	4	5	16	22	23	26	28	30	39	2	6	9	10	14	15	21	25	29	31	0	1	43	0	18708	0	634	536	0	1	0	0	0	
1	2	6	17	19	24	26	31	38	39	3	12	15	16	22	23	28	30	33	35	3	2	67	14	44	0	557	0	2	0	0	0	0	
0	5	6	7	21	27	28	30	31	33	2	9	10	13	15	18	19	25	36	39	1	3	97	35	106	94	462	379	2	0	0	0	0	
9	10	13	20	21	32	34	35	36	37	2	5	6	8	15	23	26	29	33	38	0	0	87	321	5275	1486	0	696	28	1	0	0	0	
2	3	7	12	21	25	29	31	33	36	1	10	11	13	16	19	20	22	23	27	0	1	19	110	40	279	697	0	1	1	0	0	0	
2	3	8	9	20	21	27	29	33	35	4	5	11	23	24	25	26	31	32	38	0	2	26	51	118	690	6820	0	12	0	0	0	0	
4	7	8	9	10	18	21	25	38	39	1	6	12	14	17	19	20	22	27	37	3	3	73	48	390	262	0	3	0	0	0	0	0	
0	2	5	10	11	19	28	29	35	37	4	7	14	15	17	20	24	27	31	38	2	0	95	364	0	1479	73	173	1	0	0	0	0	
5	6	8	15	19	25	27	28	29	32	1	4	10	13	20	22	23	30	35	39	2	1	84	0	16	34	0	26	0	2	0	0	0	
1	6	11	12	18	22	25	28	29	33	5	8	9	14	20	30	31	34	35	36	0	2	37	0	60	0	62	2	9	1	0	0	0	
1	3	20	21	24	27	28	33	36	37	0	5	12	14	15	16	18	23	32	39	2	3	80	67	42	190	0	782	6	4	0	0	0	
0	4	7	8	27	28	33	34	37	38	3	14	15	17	20	21	22	23	25	32	0	0	82	704	97	6478	142	41	0	3	0	0	0	
2	9	11	15	17	19	24	33	36	39	1	4	7	10	13	21	23	32	34	38	2	1	62	101	1717	49	0	17	4	0	0	0	0	
1	3	6	12	17	21	24	26	32	34	2	11	13	14	16	19	29	31	36	38	1	2	97	55	21	15	0	820	0	2	0	0	0	
5	9	17	20	24	25	27	29	30	36	3	4	10	11	12	14	21	28	37	38	1	3	72	101	0	305	101663	3	2	2	0	0	0	
3	5	6	8	16	19	22	25	29	39	0	1	7	9	10	12	13	28	30	34	0	0	102	82	0	40528	0	3	0	0	0	0	0	
1	8	11	17	18	19	21	25	33	39	6	15	16	26	27	28	30	32	35	36	0	1	33	77	131	457	0	3	1	0	0	0	0	
9	10	21	24	25	27	30	34	35	37	2	5	7	11	14	16	19	22	26	31	0	2	41	31	376	26	14	0	7	7	0	0	0	
1	7	8	9	18	19	22	28	34	38	6	13	14	15	20	23	24	29	30	37	3	3	56	55	3	0	2903	0	10	0	0	0	0	
4	7	8	15	22	28	29	37	38	39	2	3	11	12	16	18	19	23	34	35	2	0	82	91	603	0	818	152	25	0	0	0	0	
1	7	11	13	21	25	27	30	33	38	6	10	17	18	19	24	26	32	35	36	1	1	96	28	53	28	10	290	9	0	0	0	0	
0	1	2	12	14	21	23	24	31	36	4	6	16	20	27	30	34	35	38	39	3	2	55	50	0	467	0	0	0	0	0	0	0	
7	8	10	11	15	26	30	35	37	39	2	9	14	19	23	24	27	29	34	38	2	3	102	34	0	0	5069	100	0	3	1	1	0	
1	2	7	8	9	11	19	24	29	36	3	4	10	14	16	20	23	25	31	33	3	0	49	415	89	0	400	59	1	0	0	0	0	
6	11	12	14	15	19	24	26	32	36	3	4	5	7	21	23	28	29	31	38	3	1	35	19	0	158	0	587	0	0	0	0	0	
7	9	21	22	24	30	31	34	38	39	3	5	8	13	14	18	19	23	28	32	0	2	96	23	69	69	1152	0	67	7	0	0	0	
1	3	9	10	20	22	24	30	37	39	8	11	12	13	14	21	23	25	27	32	2	3	64	100	0	652	42	55	4	3	0	0	0	
0	2	9	14	17	19	20	28	32	39	1	4	5	10	11	13	18	23	26	29	2	0	55	559	0	40	13	0	30	0	0	0	0	
11	15	17	23	24	28	33	34	37	38	1	2	5	8	14	18	19	20	29	30	0	1	71	363	78	105	628	65	0	0	0	0	0	
7	9	13	17	22	23	26	31	36	38	1	2	8	11	12	15	25	28	32	37	2	2	46	23	0	108	223	32	0	2	0	0	0	
8	9	12	17	19	20	23	26	31	32	2	3	5	11	21	24	28	29	37	38	2	3	86	91	0	3714	2927	1	0	0	0	0	0	
2	4	5	10	12	20	21	37	38	39	1	3	6	7	8	9	11	15	27	33	2	0	6	157	479	0	19	1	1	0	0	0	0	
0	4	5	11	15	23	27	30	31	32	6	8	9	14	18	24	33	34	36	38	1	1	23	2	16	0	139	0	3	0	0	0	0	
2	6	9	19	20	21	23	25	29	38	4	8	11	13	14	24	27	28	30	31	3	2	61	92	0	85233	27086	344	0	0	0	0	0	
2	3	19	21	23	24	26	33	35	37	7	11	15	18	20	28	30	36	38	39	3	3	85	0	28612	46	68	0	18	1	0	0	0	
1	3	16	20	22	23	28	29	34	35	5	6	13	17	27	31	32	33	36	38	2	0	78	584	56	0	0	2	0	0	0	0	0	
1	3	4	10	18	20	26	28	29	39	5	6	12	16	21	23	25	30	31	32	3	1	21	98	49	4	0	0	3	0	0	0	0	
5	7	8	12	25	26	33	34	37	38	0	1	3	15	17	22	28	30	32	35	2	2	48	487	500	0	181	0	4	0	0	0	0	
4	5	11	13	16	21	26	27	31	34	1	3	7	10	14	15	19	30	35	36	1	3	73	35	14	0	0	160	2	0	0	0	0	
1	10	14	16	20	26	29	31	32	33	11	12	13	18	23	24	30	34	36	37	0	0	41	129	0	80	40	0	1	0	0	0	0	
0	4	6	10	11	12	14	19	22	26	3	5	13	17	23	24	27	28	33	35	3	1	29	121	0	67	38	0	0	0	0	0	0	
5	7	17	19	25	26	30	32	33	34	1	4	6	16	18	21	27	31	35	37	1	2	39	27	0	60	0	2	0	0	0	0	0	
5	6	10	11	14	29	31	36	37	39	2	3	12	13	16	17	21	22	32	35	2	3	23	50	0	221	47	0	25	0	0	0	0	
2	3	5	7	14	19	21	26	28	29	4	9	10	11	13	25	27	31	33	38	3	0	79	664	647	94	0	2	51	0	0	0	0	
0	1	9	13	14	21	23	32	33	39	2	4	15	16	19	20	25	30	35	38	1	1	29	42	0	67	45	0	0	0	0	0	0	
4	9	10	11	12	18	29	31	33	34	0	1	5	6	16	19	25	36	37	39	2	2	44	187	0	46	131	2261	90	0	0	0	0	
5	8	9	24	27	29	32	35	36	37	1	4	7	11	12	16	18	19	21	31	0	3	53	171	24843	0	294	1	0	2	0	0	0	
0	2	10	13	15	21	22	37	38	39	1	8	9	11	12	17	25	28	35	36	2	0	47	62	0	0	174	0	0	1	0	0	0	
1	5	6	13	14	23	24	26	33	38	2	10	17	18	20	29	32	36	37	39	0	1	66	17	343	68	0	74	0	0	0	0	0	
6	17	18	20	24	29	30	32	33	34	0	4	5	19	21	25	26	36	37	39	2	2	46	56	20	0	21	42	0	0	0	0	0	
0	5	12	19	26	27	30	32	34	38	4	6	7	11	14	16	18	29	37	39	3	3	78	48	18	0	4758	0	56	1	0	0	0	
4	9	13	23	24	28	29	33	37	38	10	11	12	16	27	30	31	34	35	39	0	0	89	650	0	13708	1472	511	1	0	0	0	0	
0	5	11	14	16	20	21	24	29	32	1	2	8	13	22	31	33	34	36	39	0	1	16	0	87	0	43184	389	44	0	0	0	0	
5	7	12	14	17	21	30	32	35	39	3	6	11	15	24	25	27	28	34	38	0	2	36	11	68	0	439	3	12	0	0	0	0	
4	9	10	13	15	19	20	28	31	32	1	2	3	6	16	17	23	25	26	38	1	3	65	62	41	46	0	0	2	0	0	0	0	
1	9	10	12	20	28	29	30	36	39	4	13	14	17	18	19	21	25	32	33	3	0	83	212	20	82	43	0	3	0	0	0	0	
5	10	12	14	16	19	25	29	30	37	2	3	13	17	18	20	26	34	36	39	1	1	82	44	0	208	566	112	1	0	0	0	0	
0	5	6	7	17	22	24	29	30	31	2	4	13	15	18	19	21	28	36	37	1	2	54	30	36	0	397	98	2	0	0	0	0	
4	14	19	24	25	26	27	30	31	37	2	3	5	6	8	22	28	32	35	36	2	3	66	145	0	214	997	1033	157	0	0	0	0	
6	9	10	14	18	22	24	26	28	38	0	3	7	8	13	15	16	23	27	32	1	0	67	355	0	10174	438	0	0	314	1	0	0	
0	2	5	10	21	24	29	32	34	35	12	13	23	26	27	30	31	33	37	38	1	1	4	284	201	8	0	0	0	0	0	0	0	
1	4	11	17	19	25	30	32	33	37	0	5	9	18	21	22	26	28	31	39	1	2	93	54	55	0	2112	134	2	0	0	0	0	
13	14	15	22	23	25	31	33	36	38	0	2	5	7	10	11	17	30	32	39	1	3	23	52	2833	66	205	1586	8	2	3	0	0	
10	11	15	16	19	24	27	33	37	38	0	2	8	12	13	18	21	30	31	35	1	0	65	218	247	4310	69	0	38	0	0	0	0	
4	5	7	9	19	22	25	28	30	35	0	6	14	15	17	20	24	29	37	38	1	1	56	36	0	98	163	0	6	1	0	0	0	
3	6	8	10	18	26	30	33	38	39	11	12	13	15	17	19	23	25	32	37	2	2	37	48	4290	78	384	169	0	0	0	0	0	
1	2	3	11	15	20	21	32	35	37	0	4	5	8	12	14	16	19	24	33	2	3	39	14	65	23	0	0	0	0	0	2	0	
0	6	9	12	17	18	22	29	33	34	1	3	4	11	15	21	24	25	28	31	2	0	78	131	72	0	0	0	3	0	0	0	0	
9	17	19	20	22	33	34	35	36	39	1	3	4	5	13	16	24	31	32	38	2	1	32	196	0	39080	73164	2	2	0	0	0	0	
0	1	8	14	19	22	24	31	34	39	2	4	7	11	15	16	21	27	30	38	2	2	69	49	3	6	0	58	10	0	0	0	0	
6	7	9	12	15	22	25	28	32	35	11	14	17	18	19	23	24	27	38	39	1	3	94	49	890	29	0	69	0	1	0	0	0	
6	8	9	12	13	18	19	20	26	33	0	1	3	4	5	10	23	28	31	39	3	0	87	343	2586	0	0	135	8	1	0	0	0	
3	6	11	12	13	22	24	27	31	39	0	1	2	7	9	15	16	19	37	38	3	1	41	53	0	14807	104	204	0	0	0	0	0	
1	2	3	4	5	13	18	27	30	33	11	12	15	20	24	25	26	28	32	36	0	2	33	65	0	494	10	162	1	0	0	0	0	
1	6	12	13	16	18	20	25	29	39	0	2	8	9	19	26	28	30	31	37	2	3	69	0	2922	0	188	77	4	0	0	0	0	
4	7	12	14	20	23	28	31	33	37	6	11	15	16	17	19	27	30	35	38	2	0	21	170	562	48	0	60	3	0	0	0	0	
1	3	7	8	10	12	14	15	22	23	0	2	11	13	16	17	18	19	21	33	2	1	17	0	0	321	41	316	0	0	0	0	0	
0	6	11	15	19	20	22	23	28	36	2	3	5	26	27	33	34	37	38	39	3	2	76	26	0	366	5	59	0	1	0	0	0	
2	6	7	17	20	21	23	25	27	31	3	16	24	30	32	33	35	37	38	39	1	3	20	0	0	5357	150	71	5	0	0	0	0	
5	6	8	11	12	15	21	24	25	37	0	9	16	17	18	20	32	33	34	36	0	0	42	38	670	0	95	2	7	0	0	0	0	
0	2	8	12	14	15	20	21	24	28	1	16	17	23	26	27	30	35	37	38	0	1	29	73	41	0	12295	205	9	4	0	0	0	
5	6	10	16	17	24	25	29	32	38	3	11	13	21	22	23	30	31	33	37	2	2	50	35	1283	0	182	0	20	0	0	0	0	
1	8	14	23	30	31	32	33	38	39	0	2	3	4	7	16	24	26	29	37	1	3	34	0	0	528	161	24	1	0	0	0	0	
5	10	12	14	15	20	21	27	31	32	0	9	17	18	19	22	26	28	38	39	1	0	58	31	33	0	0	3098	12	0	0	0	0	
6	7	8	11	12	14	17	21	31	39	1	5	13	20	27	28	32	34	35	36	1	1	23	78	3443	0	0	89	32	1	0	0	0	
2	5	7	9	20	21	23	26	27	39	8	11	14	15	16	17	18	29	36	37	2	2	75	241	198	848	435	3231	6	1	0	1	0	
0	12	14	17	31	32	34	36	37	38	3	9	10	13	16	21	24	25	27	28	1	3	65	941	482	611	0	1011	16	1	0	0	0	
0	3	4	17	18	29	31	32	34	36	11	12	19	20	22	24	25	27	30	38	0	0	75	30	0	0	70	0	0	0	0	0	0	
5	11	13	17	18	23	28	29	30	36	6	7	12	15	20	21	32	33	34	39	2	1	76	0	203	8542	1076	49	0	0	0	0	0	
1	6	11	12	15	16	18	21	32	33	4	8	10	14	19	25	29	34	36	37	3	2	65	93	23	514	0	0	8	0	0	0	0	
2	6	14	18	23	29	30	31	32	33	4	5	7	19	20	26	27	35	36	38	0	3	44	9	5	0	45	231	0	0	0	0	0	
3	8	15	16	18	19	27	32	36	37	2	5	6	9	11	20	22	24	26	31	0	0	63	187	0	17776	94	0	0	0	0	0	0	
0	2	4	12	14	17	20	30	31	34	3	11	15	18	21	22	23	26	28	37	2	1	38	20	10	0	790	81	9	0	0	0	0	
1	6	9	11	12	26	27	28	35	39	4	8	15	16	20	23	29	30	33	36	1	2	54	72	70	119	0	0	2	2	0	0	0	
1	9	13	23	27	28	30	34	35	39	2	4	5	10	14	17	22	25	32	38	2	3	78	0	213	16526	204	0	16	0	0	0	0	
9	15	19	21	22	28	32	33	35	39	4	7	14	18	20	24	25	26	30	36	3	0	78	313	16707	0	5210	1	2	1	0	0	0	
4	9	11	13	15	31	32	35	36	37	0	2	12	18	21	27	28	30	34	39	2	1	73	65	9	0	43	246	4	0	0	0	0	
3	4	24	25	27	28	30	32	33	39	2	8	10	11	16	23	26	36	37	38	2	2	80	324	0	501	14300	82	15	2	0	0	0	
2	4	5	11	17	22	23	26	33	34	3	6	16	18	19	24	28	31	36	38	0	3	62	26	0	148	940	0	0	0	0	0	0	
0	1	2	11	14	15	17	21	35	36	5	6	12	16	20	25	26	30	32	34	2	0	29	165	0	0	0	4	1	0	0	0	0	
1	2	8	10	20	21	22	23	33	36	3	5	6	12	14	17	18	29	30	34	0	1	68	0	5	23	55	1	1	0	0	0	0	
0	5	10	14	18	25	27	29	37	39	2	4	6	7	8	9	21	30	33	35	0	2	71	42	0	196	32	41	6	0	0	0	0	
3	5	7	12	16	18	20	25	29	32	2	11	15	19	22	23	24	33	36	38	0	3	42	95	93	773	0	1956	25	5	0	0	0	
2	4	14	26	31	32	33	34	38	39	0	10	12	17	20	21	23	24	27	37	2	0	59	167	0	0	0	1	11	0	0	0	0	
4	6	10	12	13	19	22	26	31	33	3	5	14	17	20	23	25	27	30	32	0	1	16	64	0	24	74	171	0	0	0	0	0	
3	11	18	22	23	25	27	30	34	36	5	6	10	12	13	20	24	31	35	38	2	2	32	47	462	0	984	0	2	0	0	0	0	
4	10	13	14	17	18	26	28	35	37	2	7	8	20	21	25	29	32	33	36	3	3	24	355	0	108	219	1	5	0	0	0	0	
0	5	11	18	23	27	33	34	37	39	4	8	9	14	15	16	19	24	30	32	2	0	73	415	2470	87	0	2	0	1	0	0	0	
6	15	16	18	20	23	30	33	35	39	4	5	7	9	11	13	14	24	27	38	1	1	71	0	11391	156	3763	166	2	0	0	0	0	
0	2	4	8	11	14	15	21	25	32	1	5	9	10	16	20	27	33	34	37	1	2	26	193	53	32	171	35	1	0	0	0	0	
2	10	11	14	20	24	29	32	36	37	1	6	8	15	18	22	30	31	33	34	3	3	31	8	617	663	6066	0	0	0	0	0	0	
5	6	18	19	20	27	29	31	32	35	4	7	8	11	24	33	34	37	38	39	0	0	89	58	0	131	114	1	0	0	0	0	0	
0	2	6	12	13	15	17	22	25	34	8	9	10	18	21	24	27	31	32	36	2	1	48	31	60	36	197	57	0	1	0	0	0	
0	3	13	15	17	19	21	25	36	39	2	6	7	11	12	14	18	20	34	38	3	2	24	39	0	491	200	454	0	0	0	0	0	
11	14	17	18	19	22	27	29	33	39	0	5	6	9	10	23	24	28	32	37	1	3	83	180	642	5767	1533	0	2	4	0	0	0	
7	8	15	20	25	30	33	34	37	38	0	5	9	12	17	19	22	28	31	32	2	0	40	350	0	140	1731	0	9	1	0	0	0	
1	8	14	15	18	22	25	27	31	33	5	10	12	21	26	28	30	34	37	38	2	1	70	205	26	109	0	34	0	0	0	0	0	
6	12	13	15	20	21	22	26	27	30	0	2	7	8	9	11	25	29	31	35	2	2	85	78	80	0	0	2	0	0	0	0	0	
0	1	2	9	15	16	22	25	31	36	3	4	7	17	18	20	23	26	34	35	3	3	46	15	0	31	63	2	0	0	0	0	0	
4	5	7	9	13	19	22	23	37	38	1	12	14	15	20	21	24	26	31	39	1	0	46	238	0	0	0	53	0	5	0	0	0	
0	1	2	5	13	22	23	28	34	37	3	4	10	14	17	18	25	26	27	31	2	1	42	0	5195	0	283	206	1	0	0	0	0	
0	1	2	7	21	24	25	30	32	39	10	12	16	17	20	22	26	27	34	35	3	2	34	220	26	167	471	2	0	0	0	0	0	
0	10	17	18	19	24	25	31	32	39	2	4	14	23	26	27	29	35	37	38	3	3	74	0	676	104	142	3	15	1	0	0	0	
6	9	11	16	22	23	29	32	35	38	4	5	18	19	21	24	25	26	31	39	0	0	108	148	0	10289	0	3	1	0	0	0	0	
2	5	15	18	20	21	25	32	35	38	1	9	11	12	14	16	23	29	37	39	2	1	63	54	16	63	0	136	1	0	0	0	0	
4	6	8	10	11	18	23	25	32	35	5	7	9	20	21	22	27	28	38	39	0	2	83	36	30	85	105	140	0	3	0	0	0	
7	15	17	20	22	23	28	31	36	38	12	13	14	21	24	25	30	34	35	39	1	3	39	0	59345	195	0	344	1	0	0	0	0	
5	9	10	18	19	23	27	28	29	33	2	4	11	13	16	25	30	32	35	37	3	0	55	62	0	12697	270	0	6	0	0	0	0	
1	7	11	13	19	27	30	31	34	38	0	4	8	9	12	14	17	25	28	32	2	1	24	35	0	11730	33	0	9	2	0	0	0	
5	9	13	19	20	25	32	34	36	37	1	2	3	8	11	15	22	26	31	33	3	2	88	23	26	112	0	2	8	0	0	0	0	
0	1	2	9	14	19	23	29	37	38	8	10	20	21	22	25	26	27	31	35	0	3	79	5	0	3604	9	0	2	1	0	0	0	
0	1	3	17	19	24	26	27	33	37	4	7	8	9	20	21	28	32	34	38	2	0	73	270	489	11	4	0	5	0	0	0	0	
0	3	4	7	13	17	18	19	20	35	1	5	6	9	14	22	24	28	31	37	3	1	16	0	429	172	227	0	0	0	0	0	0	
8	9	11	12	14	15	16	21	26	32	0	1	3	4	10	17	20	23	29	36	1	2	69	75	0	185046	43	0	0	0	0	0	0	
3	4	8	9	12	15	16	18	24	29	7	11	21	23	26	27	32	35	36	37	3	3	66	23	0	14225	7187	1	0	0	0	0	0	
1	2	3	11	15	17	19	22	25	29	7	8	10	12	14	20	24	27	36	39	3	0	47	773	0	0	282	586	1	0	0	0	0	
0	2	3	4	5	6	7	8	15	30	13	14	22	23	24	26	27	29	34	36	1	1	54	1315	13646	0	29	816	0	0	0	0	0	
6	8	12	13	18	20	25	30	31	33	0	4	5	11	19	28	32	34	36	38	3	2	82	37	57	85	30	27	1	0	0	0	0	
8	16	19	22	23	25	28	29	32	33	2	4	10	11	12	18	20	21	24	36	3	3	3	0	110	456	0	32	0	0	0	0	0	
2	5	7	9	13	14	27	32	33	38	0	4	8	11	16	21	22	26	30	34	1	0	11	113	19	0	0	0	38	2	0	0	0	
4	7	9	10	12	17	18	35	38	39	0	1	6	8	11	14	16	20	27	32	2	1	48	56	2535	56	53	18	7	0	0	0	0	
6	12	13	16	21	22	25	27	36	39	2	3	5	9	10	14	18	24	29	32	0	2	91	20	0	0	0	59	0	0	0	0	0	
6	7	9	12	13	16	25	27	29	31	1	5	18	19	20	22	28	33	35	37	2	3	70	68	1218	0	2384	0	1	0	0	0	0	
2	6	15	19	26	30	31	33	35	36	4	10	12	13	14	18	23	27	29	32	3	0	80	308	136	0	600	202	0	3	0	0	0	
6	7	19	21	22	24	26	28	31	38	1	5	9	15	17	20	23	27	29	35	2	1	118	0	9258	0	3	0	5	0	0	0	0	
0	2	9	13	19	20	23	24	35	36	3	4	5	8	10	15	27	29	31	34	3	2	74	65	0	15	0	117	2	1	0	0	0	
0	5	12	14	22	23	26	27	34	36	2	3	8	11	13	20	24	31	32	39	1	3	33	20	4	51	0	25	0	0	0	0	0	
2	6	18	19	20	21	25	27	35	36	1	3	4	5	10	14	23	26	29	30	0	0	60	302	0	2201	59	22	4	0	0	0	0	
1	9	11	12	14	16	20	28	37	39	0	3	7	10	18	22	29	33	34	36	1	1	71	43	0	2082	0	0	20	0	0	0	0	
0	3	5	10	14	22	25	26	31	35	6	9	11	13	19	21	29	30	32	39	1	2	89	66	0	77	136	48	0	0	0	0	0	
3	5	14	15	17	20	23	26	35	36	1	4	6	11	13	18	24	33	38	39	2	3	6	33	642	0	10	0	0	0	0	0	0	
8	11	18	25	27	30	34	36	38	39	0	3	7	9	12	13	24	28	35	37	0	0	97	1210	0	0	14125	2	174	0	0	0	0	
2	3	11	14	15	21	26	28	33	34	0	8	13	18	19	23	25	29	31	36	2	1	87	0	0	832	28	49	0	1	0	0	0	
0	1	7	10	16	17	18	20	24	25	4	5	14	15	19	30	31	32	33	37	1	2	58	312	1764	63	48	266	2	0	0	0	0	
0	2	10	13	16	23	26	27	36	39	1	3	5	9	15	19	29	31	34	35	2	3	68	11	168	29	0	2	20	1	0	0	0	
0	3	10	17	19	22	23	26	33	38	5	11	13	14	15	18	20	29	36	39	2	0	34	74	0	51	33	0	12	2	0	0	0	
3	4	5	8	11	13	16	21	29	39	1	17	18	27	31	32	34	36	37	38	1	1	69	28	36	3560	371	141	0	3	0	0	0	
2	7	8	11	18	22	23	26	34	36	5	9	13	14	15	21	29	30	31	39	2	2	30	15	6	28	0	21	1	0	0	0	0	
4	7	12	14	15	18	19	22	25	35	3	6	9	17	26	31	33	36	37	39	2	3	29	23	0	30926	0	3	50	0	0	0	0	
0	2	5	6	22	23	28	33	34	37	4	7	8	14	18	19	20	25	29	32	2	0	83	413	2591	619	0	38	2	0	0	0	0	
4	11	12	17	20	24	25	29	37	38	2	9	14	15	18	21	30	31	34	39	1	1	80	114	19	33	0	2	0	0	0	0	0	
11	18	22	26	27	30	31	33	36	37	0	3	5	6	14	16	17	20	35	38	3	2	95	763	54	0	51364	0	9	6	2	0	0	
0	1	2	13	17	22	29	30	33	38	11	16	18	19	20	21	23	24	26	28	1	3	64	0	0	171	0	3	10	0	0	0	0	
2	6	9	12	15	21	29	32	33	35	3	4	7	10	18	22	23	25	26	37	1	0	31	40	127	0	55	0	1	0	0	0	0	
5	6	10	16	17	24	25	29	32	38	3	11	13	21	22	23	30	31	33	37	2	1	58	98	0	194	1856	30	0	0	0	0	0	
6	7	12	15	16	20	21	23	38	39	3	5	11	17	19	24	26	27	32	37	1	2	62	7	62	23	17	0	11	0	0	0	0	
3	9	15	17	19	21	24	25	28	31	1	5	13	14	16	18	29	32	37	39	0	3	89	21	124	0	2068	1	0	0	0	0	0	
0	4	13	15	18	21	30	32	35	38	1	2	7	11	16	20	24	25	29	34	3	0	21	410	0	30	61	981	5	3	0	0	0	
3	5	7	8	19	29	30	32	34	36	4	6	9	17	20	21	23	24	27	33	2	1	106	0	14988	3441	1946	22	0	1	0	1	0	
2	3	6	10	12	22	27	29	30	31	11	13	14	17	18	25	32	36	37	39	0	2	15	36	0	67	82	441	9	1	0	0	0	
1	6	11	12	15	16	18	21	32	33	4	8	10	14	19	25	29	34	36	37	0	3	67	81	37	0	476	189	27	0	0	0	0	
3	6	9	12	14	18	22	27	30	34	1	2	8	17	19	21	26	28	32	33	1	0	60	169	56	0	29	0	2	0	0	0	0	
1	9	14	18	21	24	25	28	32	37	4	7	12	13	17	27	33	35	36	38	0	1	44	27	0	23454	0	3	16	1	0	0	0	
0	5	6	16	26	28	29	31	35	39	2	4	7	8	13	18	20	21	22	32	0	2	83	34	256	0	0	288	21	0	0	0	0	
5	8	9	14	15	21	23	26	29	31	7	12	16	17	18	24	27	28	35	38	0	3	77	67	0	335	1673	21	6	0	0	0	0	
4	9	10	11	28	29	30	32	36	39	0	3	6	12	18	23	25	26	33	38	1	0	77	55	0	0	0	2	0	2	0	0	0	
0	2	6	18	21	25	32	36	38	39	1	3	4	12	13	16	17	26	29	34	3	1	90	0	11938	71	73	0	0	1	0	0	0	
0	3	8	9	11	14	15	17	18	19	4	7	16	20	21	22	24	33	37	39	0	2	54	237	119094	37	3976	2	34	2	0	0	0	
0	2	6	8	18	25	26	29	36	37	4	11	13	15	17	19	23	24	31	39	2	3	75	53	1644	67	0	3	1	3	0	0	0	
1	2	5	14	18	20	25	28	30	34	0	6	7	9	10	12	21	26	33	38	1	0	37	133	18	0	10776	0	5	0	0	0	0	
11	15	17	18	25	28	29	30	33	35	0	1	2	3	9	12	13	23	31	32	1	1	59	75	47	58	0	3	8	1	0	0	0	
1	2	9	12	24	28	30	32	34	37	10	14	15	17	18	23	27	29	36	38	0	2	52	42	0	198	7564	0	0	2	0	0	0	
4	6	12	15	19	24	25	28	29	38	1	2	9	13	14	18	20	31	34	36	0	3	55	0	6881	1837	1685	58	0	0	0	0	0	
0	7	12	16	18	23	24	29	30	35	8	10	11	19	20	22	26	33	34	36	2	0	71	222	52	41	78	0	0	1	0	0	0	
4	5	8	10	11	13	18	32	34	39	0	7	19	22	24	26	28	30	35	38	2	1	63	325	155	159	74	68	3	0	0	0	0	
2	7	8	11	18	23	29	32	35	38	4	5	6	14	15	16	19	26	27	34	3	2	66	55	50	0	12155	1	0	0	0	0	0	
2	4	7	12	21	22	23	26	31	35	5	8	9	11	24	25	32	33	37	39	3	3	87	0	161	360	0	248	0	0	0	0	0	
0	2	3	10	15	27	28	32	33	36	7	14	18	20	21	23	25	29	30	34	3	0	63	109	47	0	14475	0	2	0	0	0	0	
5	6	10	23	26	28	36	37	38	39	7	8	9	12	13	21	22	25	29	31	0	1	72	66	3294	330	30	151	1	0	0	0	0	
0	2	7	10	11	15	21	27	33	35	6	16	17	19	23	25	34	36	37	39	2	2	14	6	0	86	57	0	1	0	0	0	0	
3	5	15	16	17	19	29	34	38	39	2	4	7	8	9	13	14	21	27	33	1	3	108	0	13251	73	626	0	1	0	0	0	0	
6	15	16	18	20	21	26	27	32	39	2	5	8	10	11	19	24	25	29	33	3	0	88	367	496	0	63	0	30	3	0	0	0	
0	3	5	11	14	16	22	24	29	35	2	6	7	8	9	10	21	30	36	38	1	1	79	0	1710	197	194	1013	0	1	0	0	0	
1	8	10	12	18	31	33	37	38	39	11	15	17	19	24	26	27	29	30	32	1	2	107	134	400	616	247	245	0	0	0	0	0	
4	5	11	14	16	20	24	26	31	34	1	2	7	17	19	21	27	30	38	39	1	3	54	14	4	205	0	35	0	0	0	0	0	
0	5	7	14	20	23	27	28	31	34	4	9	11	12	16	17	25	33	38	39	2	0	77	316	184	124	0	14	0	1	0	0	0	
1	5	7	8	13	14	27	28	34	38	4	6	11	12	17	23	26	29	32	33	0	1	82	26	17	24	0	2	0	1	0	0	0	
0	4	13	15	20	21	22	30	31	32	5	8	9	14	18	26	27	28	29	35	0	2	97	10	0	0	49	0	0	0	0	0	0	
4	6	11	12	16	20	29	33	37	39	0	9	14	15	17	19	22	27	28	32	1	3	120	53	0	2998	4236	0	0	0	0	0	0	
7	10	11	14	15	19	20	27	31	37	1	3	9	12	25	28	29	30	32	35	3	0	85	281	26476	144	469	294	0	1	0	0	0	
6	9	12	16	20	25	29	35	37	38	1	10	11	13	18	19	30	32	33	34	0	1	69	84	72	424	0	3	8	1	0	0	0	
8	12	18	21	22	25	26	27	35	39	0	6	9	10	14	17	20	28	30	31	3	2	37	35	0	194	7186	0	16	1	0	0	0	
8	9	10	11	12	14	16	19	25	30	0	1	4	7	15	22	27	31	34	37	3	3	65	0	16252	343	0	192	0	0	0	0	0	
4	5	12	13	21	23	24	34	37	38	0	10	14	15	25	26	27	31	32	35	2	0	42	97	0	0	0	9	11	0	0	0	0	
1	2	5	11	19	20	26	30	35	37	3	13	17	22	24	25	27	28	31	33	3	1	26	22	2399	0	24	16	0	0	0	0	0	
0	1	4	7	11	17	19	26	37	39	6	9	13	14	15	25	28	31	35	36	0	2	85	24	0	87	69	15	0	0	0	0	0	
4	8	9	14	16	19	22	31	32	39	2	10	13	17	25	26	27	28	30	35	1	3	70	0	114	94	66	0	0	4	0	0	0	
2	3	6	8	10	11	14	25	26	28	0	4	12	22	29	32	34	35	37	39	0	0	45	480	83	106	80	0	0	1	0	0	0	
0	14	15	16	23	26	27	28	32	33	2	3	5	25	30	34	36	37	38	39	1	1	31	0	0	534	500	0	0	0	0	0	0	
0	4	6	8	11	15	19	25	26	35	1	5	16	18	20	21	28	32	33	37	2	2	45	23	0	248	0	3	2	1	0	0	0	
1	4	7	8	10	17	18	30	35	39	0	2	3	5	11	13	25	27	29	38	2	3	87	108	248	2154	122	114	7	1	0	0	0	
8	9	12	14	18	19	24	28	35	38	1	6	13	17	20	21	22	33	37	39	2	0	75	203	0	1384	0	75	1	0	0	0	0	
2	3	5	13	18	21	23	27	28	33	0	8	9	19	20	22	26	30	37	39	0	1	97	0	9355	19	0	37	1	0	0	0	0	
0	5	6	8	14	16	22	29	36	39	4	18	19	21	25	27	28	30	32	35	3	2	70	18	0	24926	77	0	0	0	0	0	0	
3	13	15	16	19	24	25	29	34	36	7	8	14	20	21	23	30	31	32	35	1	3	25	24	71	0	304	2	0	1	0	0	0	
1	5	8	13	18	20	28	29	31	36	2	6	12	15	17	19	21	26	30	33	2	0	61	213	0	334	72	0	6	0	0	0	0	
7	8	9	14	16	22	26	29	37	38	0	2	3	12	13	20	27	31	33	35	0	1	52	31	0	1280	640	0	5	0	0	0	0	
1	3	5	8	9	11	18	27	33	35	12	13	14	15	19	20	23	26	31	38	1	2	72	0	9435	0	822	168	10	0	0	0	0	
5	8	10	11	12	13	20	21	23	34	3	6	7	9	14	26	29	32	33	37	0	3	66	0	1432	0	0	53	0	1	0	0	0	
3	7	13	16	17	18	25	28	32	39	0	1	6	9	11	12	15	19	22	34	0	0	87	173	0	204	12422	2	0	1	0	0	0	
1	8	10	15	17	19	22	25	31	35	3	16	18	21	24	26	27	28	29	32	1	1	54	73	39	72	0	41	0	0	0	0	0	
4	7	12	15	18	19	23	28	31	39	0	2	10	13	16	20	30	33	35	38	2	2	22	53	0	9919	155	63	0	1	0	0	0	
10	11	12	16	19	20	26	35	36	39	3	7	18	21	22	24	28	31	34	38	3	3	81	144	348	492	8539	0	6	0	0	0	0	
7	9	11	16	17	20	23	30	32	33	0	2	3	18	22	25	26	29	35	39	2	0	78	41	0	2387	72	0	33	0	0	0	0	
0	5	7	10	23	27	31	33	36	38	2	4	12	13	14	16	19	22	34	35	3	1	55	0	745	13	0	25	0	1	0	0	0	
3	5	7	8	14	19	22	23	24	26	0	1	4	12	13	25	31	34	36	39	3	2	45	144	0	2396	35	143	2	1	0	0	0	
1	9	12	16	22	24	33	34	38	39	2	5	6	8	14	15	18	27	35	36	2	3	35	11	49	36	0	2	0	1	0	0	0	
2	9	11	14	16	19	22	32	36	37	3	12	13	21	24	28	30	31	33	35	2	0	26	424	0	1794	269	30	1	0	0	0	0	
3	4	12	13	20	22	26	27	31	39	15	16	17	23	24	25	30	32	33	34	3	1	67	0	240	0	168	131	4	0	0	0	0	
0	4	7	12	13	17	20	21	29	30	1	5	14	18	23	28	31	35	37	38	1	2	46	57	0	0	0	33	0	0	0	0	0	
3	6	10	16	18	27	29	33	35	38	5	7	11	12	14	28	31	32	36	37	0	3	76	37	0	728	61	16	4	0	0	0	0	
3	6	13	22	27	28	29	33	35	39	0	2	4	14	15	16	23	30	31	34	2	0	36	212	0	0	184	2	7	0	0	0	0	
4	9	11	15	17	19	21	24	26	27	3	5	6	8	20	28	31	36	38	39	3	1	92	154	1683	291	515	1382	5	0	0	0	0	
1	3	4	12	15	16	28	31	37	38	8	10	11	13	17	19	22	29	32	39	2	2	73	46	0	18168	0	109	4	0	0	0	0	
6	9	14	15	18	21	26	33	37	39	1	3	5	11	19	22	24	27	28	31	0	3	57	50	0	1865	8407	8	0	0	0	0	0	
6	8	11	12	15	23	25	26	30	35	1	2	7	14	19	20	27	29	31	32	0	0	29	92	0	1274	22	32	7	0	0	0	0	
1	4	6	7	11	13	15	22	37	38	2	3	14	16	17	20	23	26	30	31	2	1	33	10	84	294	0	2	0	0	0	0	0	
1	4	5	9	13	25	35	36	37	39	2	3	10	15	16	17	21	23	24	34	1	2	53	221	236	0	8679	0	17	1	0	0	0	
2	10	11	14	22	28	31	33	34	38	3	8	15	16	17	18	21	29	30	37	3	3	49	110	69	30	0	0	3	0	0	0	0	
1	7	13	15	24	27	30	34	35	39	0	4	14	16	17	19	26	28	33	37	0	0	25	228	688	43	0	3	0	1	0	0	0	
1	3	4	8	21	24	31	32	34	38	6	9	13	14	15	17	22	27	28	35	1	1	48	587	283	9	21	314	8	0	0	0	0	
7	9	12	17	20	23	30	33	35	39	1	2	3	8	13	16	19	21	31	36	2	2	59	120	734	88	0	1	0	0	0	0	0	
0	7	14	15	18	19	21	26	29	37	3	5	8	20	22	23	27	31	33	36	0	3	45	66	676	190	0	227	39	0	0	0	0	
0	2	6	11	12	23	24	25	32	39	4	7	16	17	18	21	29	31	33	35	3	0	55	176	83	0	76	0	0	0	0	0	0	
3	6	8	16	21	22	23	24	35	38	0	7	9	11	18	20	32	36	37	39	0	1	84	27	0	7392	4685	0	0	0	0	0	0	
4	6	13	15	19	26	30	32	37	38	3	5	16	21	23	24	27	29	34	39	3	2	107	29	41	0	143	657	7	1	0	0	0	
3	5	21	29	30	32	34	35	38	39	2	6	9	14	15	19	20	27	33	37	2	3	62	315	0	15035	0	451	10	0	0	0	0	
2	4	17	18	27	28	31	32	35	39	3	7	11	13	19	21	23	24	30	33	1	0	71	346	0	7136	0	3	8	0	0	0	0	
7	8	9	10	11	14	20	21	38	39	0	17	18	19	27	29	30	33	35	37	0	1	96	27	14	0	20604	82	3	0	0	0	0	
2	8	16	18	20	22	23	26	36	39	1	3	5	10	15	29	30	33	34	35	1	2	30	69	57	0	4502	16	0	1	0	0	0	
2	3	9	15	20	29	33	34	35	39	10	14	16	19	23	25	26	31	37	38	2	3	101	38	0	391	0	2	0	2	0	0	0	
9	12	15	17	20	25	27	28	34	38	0	5	6	7	11	13	14	30	31	35	0	0	44	232	1783	961	2220	227	7	0	0	0	0	
2	4	5	6	7	17	21	26	34	39	0	9	12	14	25	27	29	30	33	36	1	1	13	44	177	0	5708	1	0	0	1	0	0	
2	4	8	15	16	17	18	20	21	23	7	10	11	13	14	19	24	25	36	38	3	2	35	408	1521	75	106	0	4	0	0	0	0	
0	3	4	7	18	21	24	26	31	33	8	12	16	23	28	32	34	35	36	37	2	3	86	72	0	45465	1115	0	26	0	0	0	0	
3	5	6	8	9	11	15	17	27	34	0	2	7	14	20	24	25	29	35	39	3	0	17	1046	7840	216	527	0	4	0	0	0	0	
4	11	15	19	21	24	28	31	36	38	1	5	8	10	13	16	20	29	32	37	2	1	63	49	581	0	6	9	0	1	0	0	0	
2	4	6	7	13	15	17	18	29	30	3	11	12	14	21	22	27	28	33	35	1	2	73	0	69130	5157	1387	199	1	0	0	0	0	
2	3	6	8	19	24	26	27	33	35	0	1	10	15	18	22	23	25	28	34	1	3	71	11	106	86	66	1071	0	1	0	0	0	
3	8	12	18	19	20	25	27	28	35	0	6	11	13	22	24	31	32	36	37	0	0	43	343	0	61	2038	0	326	0	1	0	0	
7	10	15	19	23	24	30	34	36	37	1	5	6	13	22	26	29	33	38	39	1	1	78	0	11957	1000	0	363	5	0	0	0	0	
0	3	4	5	13	20	23	30	31	33	2	12	14	19	21	25	27	29	36	39	1	2	41	41	3	0	154	51	0	0	0	0	0	
0	1	7	10	19	24	28	31	37	38	4	12	15	17	21	22	23	25	30	35	2	3	71	23	70	257	54	274	0	4	0	0	0	
0	6	19	20	26	30	33	35	36	37	1	3	10	11	14	24	25	31	32	38	1	0	22	1308	43	0	0	177	73	0	0	3	0	
1	3	7	9	19	21	26	34	35	39	0	10	12	14	18	20	25	30	36	37	3	1	66	44	0	285	78	92	0	1	0	0	0	
9	14	15	16	17	20	21	29	33	38	1	4	7	10	22	27	31	34	35	39	1	2	93	0	29951	0	244	1099	22	3	0	4	0	
10	17	18	20	22	27	30	32	33	36	1	6	13	23	24	25	26	28	31	37	3	3	68	97	155	129	982	300	0	1	0	0	0	
0	2	4	5	6	14	15	17	19	39	11	16	25	27	28	29	30	32	35	36	0	0	82	285	641	948	905	1959	175	17	0	0	0	
2	4	15	23	25	28	29	33	35	36	6	7	10	12	13	14	16	18	21	30	0	1	45	63	6	0	97	40	0	0	0	0	0	
5	7	11	12	25	26	27	31	37	38	1	2	4	10	17	19	23	28	29	36	2	2	71	47	146	0	0	0	0	0	0	0	0	
4	9	11	12	19	21	25	27	37	39	0	2	14	15	17	18	24	35	36	38	0	3	46	3	0	482	145	328	0	0	0	0	0	
9	10	13	17	25	26	31	32	33	39	0	2	4	5	7	12	15	16	22	24	3	0	44	124	0	3829	0	2	0	0	0	0	0	
3	6	7	9	11	17	22	24	33	36	0	1	12	18	21	25	26	28	37	39	1	1	56	43	52	0	917	0	5	0	0	0	0	
0	4	11	14	20	21	24	28	30	36	2	5	6	7	10	15	19	29	34	38	3	2	58	46	0	18	84	61	0	0	0	0	0	
3	15	17	19	22	25	27	31	32	36	0	1	4	9	10	11	14	20	26	30	2	3	38	56	78	0	45	0	0	0	0	0	0	
0	8	9	15	17	19	20	29	33	38	7	10	13	18	23	24	26	27	31	35	0	0	86	27	19	0	14	19	0	0	0	0	0	
4	6	8	10	14	17	19	26	33	36	7	9	11	12	13	18	23	29	31	38	2	1	49	113	66	0	16516	0	21	0	0	0	0	
0	3	7	9	10	11	19	20	23	32	2	8	12	16	17	22	31	34	35	37	2	2	35	57	47	0	98	0	0	0	0	0	0	
10	12	14	18	25	26	29	32	37	39	0	4	6	9	15	23	27	31	35	38	2	3	61	66	150	1310	0	187	16	0	0	0	0	
0	2	10	11	12	16	24	26	31	37	1	3	7	8	9	28	29	30	34	38	1	0	43	115	112	0	128	322	1	0	0	0	0	
1	6	10	13	15	18	21	26	31	39	5	7	11	12	14	20	23	27	29	30	1	1	77	69	0	137	372	0	3	0	0	0	0	
5	6	7	14	17	22	26	28	36	38	3	15	19	23	25	31	32	34	35	39	0	2	79	76	0	3468	334	0	1	0	0	0	0	
1	4	6	19	21	25	27	28	35	38	2	8	16	20	23	30	34	36	37	39	1	3	14	48	60	0	0	2	2	0	0	0	0	
2	5	6	9	16	18	19	26	29	36	0	1	7	8	11	17	23	24	30	31	3	0	56	84	0	10830	535	0	8	2	0	0	0	
0	7	17	18	20	25	31	32	34	37	1	2	3	6	9	24	29	36	38	39	1	1	37	269	0	57925	923	0	31	2	0	0	0	
3	5	10	11	21	23	30	31	34	36	4	7	13	16	17	22	26	27	29	39	3	2	52	17	32	0	0	0	3	0	0	0	0	
1	3	6	7	9	13	29	33	36	39	2	4	17	18	20	23	24	25	27	31	0	3	76	47	256	0	30306	0	13	3	0	0	0	
4	8	9	10	15	18	22	26	28	39	1	3	7	11	12	19	29	33	35	37	2	0	65	51	44	342	0	3	5	0	0	0	0	
0	1	2	6	10	20	23	26	27	28	4	5	9	18	22	25	29	31	33	37	1	1	34	138	5526	0	38	547	1	0	0	0	0	
0	6	13	19	20	21	25	35	38	39	2	5	8	9	12	17	18	22	32	33	2	2	39	41	81	0	12865	0	1	0	0	0	0	
1	8	10	11	24	25	26	36	37	38	2	5	12	14	16	19	21	34	35	39	2	3	45	2	2734	0	15	0	2	4	0	0	0	
1	2	4	6	12	18	30	31	33	39	0	5	13	24	25	26	27	35	36	38	1	0	38	347	147	247	12352	3	1	0	0	0	0	
1	2	3	6	12	13	20	21	33	34	4	5	7	9	10	15	16	19	26	37	0	1	36	0	11	0	0	0	0	0	0	0	0	
0	1	2	7	8	10	19	28	29	38	3	4	6	9	11	12	22	23	26	30	0	2	97	78	0	2562	0	2	0	0	0	0	0	
3	4	14	16	22	23	26	28	34	39	5	7	9	12	15	18	19	20	24	37	3	3	40	105	0	265	0	0	22	2	0	0	0	
1	9	11	12	15	16	19	20	21	37	2	5	7	22	23	24	27	30	34	36	1	0	78	425	205	547	0	2	0	0	0	0	0	
1	3	9	10	11	16	32	33	36	39	2	6	7	18	26	28	29	31	35	38	1	1	67	108	227	289	0	186	2	0	0	0	0	
3	5	8	10	13	17	18	24	27	36	1	4	7	14	15	19	21	25	30	33	0	2	70	0	8633	46	119	126	1	0	0	0	0	
4	7	12	15	16	18	23	25	28	37	6	8	14	19	22	27	34	35	36	38	1	3	99	168	2115	0	66	0	23	0	0	0	0	
6	12	14	15	18	21	27	30	33	36	1	5	11	17	19	20	24	35	38	39	2	0	62	476	7790	39	0	425	5	0	0	0	0	
4	7	8	12	17	23	30	33	35	39	3	5	11	13	18	26	29	31	32	38	2	1	31	8	1654	38	0	217	10	0	0	0	0	
5	15	17	23	24	26	27	30	34	38	0	2	4	7	11	20	21	22	29	32	1	2	7	6	0	49	16258	127	4	0	0	0	0	
4	10	13	15	21	24	31	33	37	39	0	5	11	14	17	18	22	23	27	38	1	3	60	91	136	0	740	2	36	0	0	0	0	
3	8	9	11	12	15	16	24	26	38	1	2	18	22	23	27	30	31	33	37	3	0	66	431	26	270	0	2	0	2	0	0	0	
2	4	16	19	22	31	32	34	36	38	9	11	12	17	18	20	21	28	35	37	1	1	100	99	65	1618	0	1180	4	0	0	0	0	
9	10	12	13	23	29	31	33	35	37	0	3	4	11	14	16	19	20	25	36	1	2	40	0	35319	0	0	96	10	0	0	0	0	
1	14	17	19	23	28	31	32	36	39	0	3	4	15	25	27	33	34	37	38	2	3	86	281	0	10537	792	0	39	1	0	0	0	
2	3	10	11	19	23	25	26	28	34	0	5	7	15	17	21	27	29	31	33	1	0	32	755	0	89	5770	0	11	1	0	0	0	
3	8	12	18	19	24	29	31	33	37	2	4	6	11	22	23	27	30	34	39	1	1	78	6	68	0	1523	0	15	0	0	0	0	
15	16	18	20	23	30	33	34	38	39	7	9	10	12	13	14	17	26	29	31	3	2	85	72	110	291	2143	545	1	0	0	0	0	
0	8	11	12	14	20	22	33	34	38	1	5	15	18	19	23	25	30	32	36	3	3	63	25	8	0	961	179	0	0	0	0	0	
9	10	14	18	22	27	30	33	34	39	1	6	7	8	15	19	20	21	24	37	2	0	73	188	7252	0	162	84	32	1	0	0	0	
0	8	12	13	14	15	17	24	32	36	1	3	16	18	20	21	23	26	34	38	0	1	51	156	0	122	0	2	3	0	0	0	0	
2	3	8	12	16	17	22	31	34	35	1	4	6	7	9	11	23	26	30	32	1	2	22	15	172	20	75	0	10	0	0	0	0	
1	2	10	20	25	26	29	30	32	34	0	5	6	15	17	19	21	24	28	39	1	3	49	0	0	0	52	39	0	0	0	0	0	
4	6	8	9	11	14	18	19	37	38	12	15	21	22	23	24	26	29	30	31	2	0	80	367	32	3426	946	1094	5	3	0	0	0	
8	13	14	15	22	31	32	33	36	39	2	3	7	12	19	20	24	26	28	38	2	1	83	65	598	0	179	103	1	0	0	0	0	
5	7	20	22	25	26	30	35	36	39	1	3	6	9	10	16	18	23	31	38	2	2	44	24	152	288	544	157	5	2	0	0	0	
5	8	12	13	16	17	18	19	31	38	1	3	6	7	9	15	20	26	32	39	2	3	68	95	0	106457	0	1399	68	1	0	0	0	
5	12	14	16	18	21	22	23	29	37	1	3	9	20	24	27	31	32	33	35	2	0	50	172	11313	577	19135	2	2	0	0	0	0	
4	6	9	10	16	25	34	35	37	38	3	5	7	8	12	14	26	29	30	33	3	1	32	0	609	12	167	1	0	1	0	0	0	
2	5	10	13	23	27	31	33	38	39	1	15	18	19	20	21	25	26	28	29	2	2	120	16	0	44	0	3	7	0	0	0	0	
6	7	11	13	16	22	24	27	32	39	2	5	8	9	19	25	29	31	33	35	1	3	92	64	32	0	4362	2	0	0	0	0	0	
4	5	7	12	15	18	19	27	28	29	0	2	11	20	22	23	25	26	33	36	1	0	40	138	334	66	992	790	9	2	0	0	0	
1	5	7	8	9	15	28	31	32	37	0	4	6	16	17	18	19	27	29	38	2	1	107	84	353	0	599	4	11	1	0	0	0	
1	7	8	11	15	17	19	20	21	28	0	6	14	18	22	31	33	34	38	39	3	2	67	53	58	352	292	387	8	0	0	0	0	
3	11	12	21	23	25	29	35	36	37	0	8	10	13	14	18	24	27	28	31	1	3	91	24	199	0	0	0	5	0	0	0	0	
2	5	6	12	15	17	20	29	31	35	10	11	14	18	22	25	28	33	34	38	2	0	61	173	746	1396	0	92	0	0	0	0	0	
0	8	12	14	15	18	21	23	31	32	1	2	4	6	7	9	24	26	27	39	2	1	91	71	0	168	0	102	15	0	0	0	0	
6	9	22	24	25	28	29	33	34	37	3	4	7	14	17	20	23	27	30	32	2	2	63	105	69	426	982	62	1	0	0	0	0	
0	4	7	12	13	15	20	26	29	37	1	3	14	16	18	21	23	25	28	30	1	3	19	170	33	63	9	0	1	0	1	0	0	
0	2	3	7	8	9	34	35	36	39	4	10	12	21	23	24	29	30	32	38	3	0	77	1653	57392	13854	53260	789	4	0	0	0	0	
8	10	12	17	23	27	29	34	35	39	0	3	7	9	11	13	19	30	32	37	1	1	113	36	29	0	59	3	0	0	0	0	0	
1	6	9	10	12	21	31	37	38	39	0	3	7	11	14	16	25	30	33	36	1	2	65	831	506	54	0	426	5	2	0	0	0	
3	4	8	16	18	23	24	32	36	38	0	1	2	6	15	21	22	27	34	39	3	3	26	36	10	13	0	0	0	0	0	0	0	
4	6	7	10	14	15	17	22	36	38	1	9	11	13	20	23	25	26	27	37	1	0	43	427	185	164	13	0	12	0	0	0	0	
0	2	9	14	25	27	30	32	34	35	10	11	15	16	17	18	20	22	28	31	0	1	33	99	0	995	35933	3	0	2	0	0	0	
3	9	19	20	22	25	27	34	36	37	2	7	11	13	23	24	33	35	38	39	2	2	73	59	0	0	7424	108	1	0	0	0	0	
1	6	8	11	13	18	19	24	28	35	5	7	15	16	21	25	33	34	37	38	0	3	38	86	0	539	21	0	39	7	0	0	0	
0	6	7	9	13	14	15	16	23	34	2	11	17	18	20	26	30	31	37	39	0	0	47	397	3520	392	0	2	5	1	0	0	0	
1	5	6	10	14	18	24	27	28	39	3	4	9	12	17	23	25	26	31	33	1	1	74	35	1506	25	43	0	3	0	0	0	0	
2	3	6	14	15	23	25	27	30	35	1	5	8	19	24	29	31	34	36	37	1	2	29	58	2	233	22	73	0	4	0	0	0	
1	4	15	17	21	31	33	36	37	38	5	9	12	16	19	20	23	27	28	30	2	3	97	51	0	488	0	629	17	1	0	0	0	
0	7	10	12	13	20	25	34	37	39	2	4	5	8	16	17	23	29	33	38	0	0	78	225	0	43	0	21	0	1	0	0	0	
8	14	15	17	19	21	24	32	34	38	4	10	11	13	20	25	28	29	31	37	3	1	75	0	10903	58	591	929	2	0	0	0	0	
7	8	9	10	18	19	21	23	24	33	1	6	11	25	26	28	29	30	35	37	1	2	108	50	10	0	1608	1	0	1	0	0	0	
1	12	15	16	17	28	32	34	36	38	2	10	20	21	22	24	31	33	35	37	1	3	23	0	437	45918	320	1	0	1	0	0	0	
0	6	10	11	12	14	20	24	37	39	4	5	15	18	22	23	29	30	32	33	3	0	41	209	0	18	0	2	0	0	0	0	0	
4	8	10	15	17	22	25	34	38	39	2	5	11	12	13	26	28	29	33	36	1	1	85	69	17	47	0	416	4	0	0	0	0	
4	8	10	14	20	26	27	29	32	33	0	11	12	22	23	28	31	36	38	39	2	2	86	0	0	110	371	0	6	0	0	0	0	
3	5	7	9	12	19	21	23	27	39	1	2	6	10	11	22	24	29	31	35	0	3	94	118	0	14200	2367	6	0	5	0	0	0	
8	11	17	19	26	30	31	33	38	39	4	15	18	22	23	24	28	29	35	37	2	0	110	181	12533	4005	176	1	31	0	0	0	0	
2	3	4	11	14	16	20	22	25	36	0	1	8	9	15	19	23	34	37	39	1	1	76	12	11	0	0	42	0	0	0	0	0	
3	10	12	20	23	26	29	33	36	38	1	4	9	15	16	18	22	24	27	34	2	2	56	0	662	67	207	1304	64	1	0	0	0	
2	3	6	12	15	22	24	31	37	39	1	9	16	19	27	28	29	34	35	36	2	3	76	91	0	202	480	3	1	3	0	0	0	
1	3	7	11	18	19	25	31	35	37	2	5	10	12	15	22	26	28	34	38	0	0	84	280	40	0	2782	0	9	2	0	0	0	
2	5	10	16	17	31	32	33	38	39	4	13	18	19	23	24	29	30	36	37	0	1	15	8	105	39	0	112	27	0	0	0	0	
0	3	6	10	15	18	19	20	26	28	8	12	16	17	21	32	34	35	37	39	2	2	65	791	254	564	58	161	0	2	0	0	0	
3	10	11	17	19	20	25	32	34	39	1	4	5	14	16	18	24	26	27	28	2	3	48	81	2488	27	0	0	18	0	0	0	0	
4	5	8	12	18	20	21	24	27	36	1	6	9	11	14	19	23	25	30	34	2	0	68	526	803	0	21	0	26	2	0	0	0	
0	9	12	18	19	27	28	31	34	37	1	4	5	13	16	21	22	29	30	32	3	1	71	38	3	0	129	73	0	0	0	0	0	
2	11	14	17	19	21	27	34	37	38	7	13	15	16	22	25	32	33	36	39	3	2	30	307	25752	0	195	301	6	0	0	0	0	
1	4	5	7	9	11	13	19	30	33	2	3	6	8	17	18	22	27	34	39	2	3	43	269	1393	0	460	308	1	0	0	0	0	
7	10	12	13	19	24	26	28	31	35	0	1	5	9	14	15	17	25	29	32	3	0	45	237	14832	42	26	0	4	1	0	0	0	
4	6	11	12	13	14	30	33	35	36	8	21	22	25	26	31	34	37	38	39	2	1	10	570	191	0	8733	696	20	2	5	0	0	
1	2	3	7	13	21	23	25	28	37	0	4	9	10	15	18	19	24	38	39	1	2	79	25	17	14	23	53	0	0	0	0	0	
0	6	9	13	16	17	27	29	32	36	1	5	8	14	15	21	31	33	34	37	3	3	31	14	0	255	0	395	4	0	0	0	0	
7	9	11	13	16	17	20	26	31	36	2	3	4	8	12	18	21	22	32	35	2	0	10	182	0	232	30	0	59	0	0	1	0	
1	4	5	9	14	19	28	36	37	39	3	6	10	12	22	25	26	30	33	38	2	1	77	0	7077	1729	0	3	1	0	0	0	0	
2	4	15	16	21	23	25	34	35	37	0	3	6	9	10	13	17	18	20	24	1	2	66	43	0	5815	0	593	6	0	0	0	0	
1	4	16	18	20	26	32	33	37	38	2	6	9	10	11	21	29	31	34	36	3	3	97	44	0	2138	45	154	1	1	0	0	0	
6	8	9	13	16	17	21	22	33	34	1	2	3	7	11	19	25	26	32	37	3	0	50	160	30	62	895	0	0	0	0	0	0	
1	9	12	17	23	25	30	32	34	39	2	4	7	10	11	18	27	31	35	36	0	1	60	10	16	0	7605	0	157	2	0	0	0	
2	9	14	19	26	27	30	31	34	35	13	15	17	20	21	23	29	32	36	38	0	2	43	16	55	0	2680	249	8	0	0	0	0	
3	4	6	7	10	15	26	31	33	38	2	18	21	23	25	27	30	32	35	37	1	3	15	108	185	138	0	126	17	0	0	0	0	
3	6	8	18	21	22	24	31	32	33	7	9	14	17	19	25	27	28	30	34	0	0	58	189	1005	7	0	0	0	0	0	0	0	
1	7	11	12	14	16	25	26	34	38	0	4	5	13	17	22	27	29	35	39	0	1	60	11	0	914	0	401	1	0	0	0	0	
1	6	7	10	14	15	18	28	34	36	8	11	12	20	24	27	30	33	37	38	1	2	83	0	21437	93	62	170	0	7	0	0	0	
1	2	3	4	9	18	25	29	30	32	16	17	19	21	23	28	31	36	37	38	0	3	93	21	47	0	78	160	0	8	0	0	0	
0	4	9	14	21	23	24	27	28	29	1	2	3	7	13	20	35	36	37	38	0	0	103	418	107	2018	382	2	11	0	0	0	0	
0	2	3	6	16	25	32	33	34	35	5	7	9	13	17	21	27	29	31	38	1	1	17	43	0	57	0	1	1	0	0	0	0	
5	7	8	9	19	20	30	37	38	39	3	6	12	14	15	17	28	31	35	36	0	2	120	136	166	14131	369	0	13	1	0	0	0	
4	5	7	8	12	16	20	27	28	39	0	6	10	14	15	17	18	19	30	31	0	3	80	36	166	104	0	3	109	2	0	0	0	
3	6	12	16	17	22	25	35	36	37	0	9	11	14	15	20	21	24	29	33	0	0	52	174	0	146	19824	0	14	2	0	0	0	
4	16	17	20	22	23	27	30	35	39	0	2	5	11	14	15	28	29	31	38	1	1	72	46	27	38	8	0	4	2	0	0	0	
0	2	4	11	16	18	22	23	27	36	1	3	6	10	17	20	26	28	29	38	0	2	52	144	26	66	2	45	0	0	0	0	0	
1	2	7	10	12	13	19	22	27	38	0	3	6	14	15	21	24	26	32	36	3	3	19	58	0	0	0	2	18	0	0	0	0	
4	5	7	9	13	19	20	30	31	39	1	10	11	18	23	25	28	33	34	38	3	0	84	420	351	232	159	0	7	1	0	0	0	
0	1	3	7	12	15	19	20	34	38	5	17	18	21	23	26	28	32	33	37	2	1	73	71	0	153	167	203	1	0	0	0	0	
2	4	6	14	15	18	25	28	31	33	0	9	12	21	22	24	26	30	35	39	0	2	56	32	0	94	9	36	2	0	0	0	0	
1	5	12	13	18	20	21	23	26	35	10	14	17	22	25	27	30	33	36	37	0	3	17	0	268	0	118	89	12	1	0	0	0	
9	14	15	16	20	21	25	27	29	33	4	5	6	7	10	11	23	28	36	39	2	0	75	462	6161	0	0	302	3	1	0	0	0	
0	7	10	18	22	26	27	36	37	38	1	8	12	14	19	20	28	30	35	39	2	1	72	58	1302	100	0	171	0	4	0	0	0	
7	8	16	19	22	26	28	34	36	38	2	10	11	15	20	23	24	30	31	39	1	2	55	62	2132	55	248	1849	0	4	0	0	0	
2	5	9	11	13	15	31	34	35	39	1	4	10	12	17	22	23	26	30	37	0	3	52	434	100	0	202	1	0	1	0	0	0	
0	8	12	13	16	17	19	23	32	37	10	11	14	15	18	20	22	26	29	33	2	0	18	252	0	186	0	201	3	0	0	0	0	
5	6	7	19	24	26	29	34	35	37	1	3	9	10	15	18	28	33	38	39	3	1	120	48	16	6	0	2	0	0	0	0	0	
0	3	10	14	15	16	23	24	33	34	4	8	9	11	26	27	29	32	35	38	2	2	58	71	30	0	39	0	3	0	0	0	0	
0	5	6	11	14	16	31	32	34	36	4	13	15	18	21	22	23	26	35	39	3	3	67	426	28	54	66	34	4	0	0	0	0	
0	10	12	13	15	16	19	22	26	31	1	3	4	7	18	20	30	32	34	35	0	0	37	524	0	216	140	43	36	0	0	0	0	
1	12	16	20	22	23	27	29	37	39	2	10	13	25	26	28	33	35	36	38	2	1	95	48	0	278	385	317	1	0	0	0	0	
5	6	10	15	16	24	28	33	36	38	7	12	14	17	18	21	31	34	35	37	1	2	65	44	737	6	293	45	2	0	0	0	0	
2	9	10	14	15	20	21	23	24	38	6	17	19	26	28	29	30	35	36	39	0	3	76	64	161	13	2	0	1	0	0	0	0	
4	9	13	19	24	26	32	37	38	39	0	1	6	18	23	25	27	29	31	35	2	0	93	945	0	44169	0	67	2	0	0	0	0	
2	3	5	15	16	17	24	25	28	34	4	9	18	19	22	23	29	30	33	38	2	1	70	56	129	40	136	0	3	1	0	0	0	
1	8	11	12	15	25	28	29	33	37	2	5	7	13	14	17	30	35	36	38	3	2	64	4	53	0	42	107	2	0	0	0	0	
2	13	15	18	23	26	28	32	33	37	3	4	6	9	10	12	17	20	34	35	3	3	40	0	1713	14017	460	558	20	0	0	0	0	
5	8	11	12	17	25	29	32	35	39	2	3	7	13	14	18	19	21	28	36	2	0	86	57	0	128	705	883	1	0	0	0	0	
7	13	15	21	28	30	34	36	38	39	1	4	5	10	12	19	22	23	32	35	3	1	77	75	0	204	932	780	22	4	1	0	0	
1	9	22	24	25	26	27	32	34	37	3	4	7	8	10	15	19	21	29	36	3	2	28	1258	280	723	73084	995	11	1	0	0	0	
3	6	10	13	14	15	20	27	35	39	0	1	7	8	12	17	22	25	33	36	1	3	54	38	0	30	68	22	4	3	0	0	0	
5	6	16	22	24	26	27	31	32	37	0	3	4	7	9	12	25	28	29	33	1	0	29	400	194	20	64	233	0	0	0	0	0	
0	2	3	7	8	22	26	27	33	38	5	10	11	24	25	29	30	31	35	36	3	1	89	167	114	0	307	145	0	5	0	0	0	
1	3	4	6	11	16	20	22	29	37	5	14	18	26	27	28	31	33	34	39	0	2	23	0	328	1746	264	3	1	0	0	0	0	
3	5	10	19	21	25	29	33	37	39	1	4	7	9	15	18	28	32	34	38	2	3	112	44	197	4516	60	0	7	0	0	0	0	
6	12	14	17	18	19	29	37	38	39	2	4	5	9	16	25	26	32	33	35	0	0	110	560	8461	0	11352	4	44	0	0	0	0	
0	4	12	23	24	29	33	34	35	36	3	8	9	10	11	13	15	16	26	27	3	1	33	7	93	184	0	280	14	3	0	0	0	
8	11	12	17	18	19	22	24	27	33	0	2	3	10	16	20	26	28	29	32	0	2	52	661	0	201	132468	0	31	1	0	0	0	
1	11	15	20	27	30	33	34	36	37	2	3	5	9	18	19	21	23	24	32	3	3	76	156	1396	33	0	0	1	0	0	0	0	
4	5	9	10	14	20	23	28	30	35	6	8	15	17	21	25	26	36	38	39	2	0	61	184	2355	259	62	0	33	0	0	0	0	
1	7	15	16	22	24	28	32	33	35	3	4	11	14	17	20	25	30	31	34	0	1	10	6	73	31	0	2	0	0	0	0	0	
2	5	10	21	23	24	29	31	33	34	3	4	7	11	12	13	16	17	19	36	3	2	17	123	127	0	0	56	3	0	0	0	0	
5	6	11	12	20	26	27	32	34	35	4	7	9	10	17	18	23	24	25	33	1	3	31	123	0	159	0	0	4	0	0	0	0	
4	10	14	17	19	21	28	30	33	37	1	3	7	8	9	18	20	24	27	39	2	0	99	312	245	1486	225	2144	17	0	0	0	0	
1	7	9	10	16	17	21	22	26	32	6	8	11	13	14	18	24	25	33	35	1	1	89	81	9	8	26	0	7	2	0	0	0	
1	3	13	16	23	29	35	36	37	39	2	4	5	10	21	22	27	32	34	38	2	2	44	34	601	98	110	10	0	3	0	0	0	
1	3	5	7	9	18	19	20	27	36	12	13	15	16	23	26	30	31	35	38	2	3	37	19	218	37	0	3	0	5	0	0	0	
3	5	20	21	25	27	32	35	36	39	1	2	12	15	16	17	23	24	29	33	1	0	55	789	233	117	488	117	0	4	0	0	0	
4	5	14	16	19	23	30	33	34	38	6	7	11	12	17	20	27	32	35	39	2	1	20	43	82	37	0	49	13	0	0	0	0	
7	8	15	20	21	28	29	36	37	39	12	18	19	22	24	25	31	32	33	34	0	2	39	9	652	0	0	277	0	1	0	0	0	
2	3	9	13	17	23	24	26	29	37	4	5	6	7	8	11	12	15	27	30	1	3	70	41	41	269	0	93	8	2	0	0	0	
8	14	15	16	22	23	24	26	27	37	4	11	12	20	21	28	29	30	33	34	3	0	34	1828	4241	0	3181	0	9	2	0	0	0	
0	3	5	6	7	8	10	14	17	21	11	16	19	24	25	29	31	33	34	38	1	1	66	55	97	214	0	683	19	2	0	0	0	
0	5	12	15	20	29	32	34	35	36	2	3	9	11	16	19	23	24	31	33	0	2	67	117	0	287	177	0	4	0	0	0	0	
0	1	4	6	16	20	22	24	25	35	2	7	8	9	21	23	31	32	37	39	3	3	97	0	15821	0	93017	322	104	2	0	0	0	
2	4	6	10	17	20	26	27	31	34	0	5	12	21	24	28	30	35	37	39	3	0	38	680	33	0	740	228	1	0	0	0	0	
1	3	5	6	10	14	19	20	27	32	0	8	12	15	17	23	24	34	37	39	2	1	61	69	3	0	410	315	0	0	0	0	0	
2	8	9	11	19	22	31	33	37	38	4	6	7	15	21	23	30	32	36	39	0	2	84	65	19	63	0	292	0	3	0	0	0	
0	5	10	12	19	20	27	33	34	39	2	6	11	15	21	23	25	28	29	38	3	3	90	14	0	351	156	2	0	7	0	0	0	
3	7	8	10	21	27	30	33	35	36	4	6	9	12	17	22	29	31	32	38	0	0	94	426	75	0	210	2	0	3	0	0	0	
0	5	7	9	16	18	19	20	26	38	2	6	11	14	21	23	24	28	29	32	1	1	49	54	71	0	7282	1	0	8	0	0	0	
1	4	6	8	15	21	26	28	29	30	3	5	16	18	20	23	25	35	37	39	3	2	63	99	175	170	0	322	3	3	0	0	0	
4	5	8	11	17	24	25	28	33	36	0	2	3	9	14	21	27	29	35	39	3	3	60	76	108	1071	0	14	0	1	0	0	0	
1	2	4	10	16	27	33	34	35	38	5	7	11	12	18	19	26	28	31	37	0	0	69	148	0	280	4012	0	4	1	0	0	0	
1	4	9	13	21	24	25	28	30	37	7	10	14	16	20	22	27	31	33	34	0	1	54	106	0	522	8376	264	20	3	0	0	0	
6	7	8	10	11	12	24	25	34	39	0	2	3	4	15	17	21	26	36	37	2	2	47	37	7964	0	0	19	0	0	0	0	0	
5	6	10	13	20	21	26	29	35	37	4	9	12	14	18	19	22	24	25	32	2	3	86	145	0	228	139	21	0	0	0	0	0	
4	6	9	13	16	28	30	32	35	39	1	2	8	12	26	29	31	33	34	37	0	0	78	401	0	830	4498	148	29	1	0	0	0	
3	10	13	15	17	18	26	28	34	35	0	4	5	6	7	14	24	31	33	38	3	1	36	172	0	47087	1030	925	0	2	0	0	0	
2	4	7	8	16	23	25	27	36	39	11	12	13	17	20	29	32	33	34	38	0	2	84	0	10823	1218	109	2	0	0	0	0	0	
0	2	3	15	18	24	27	32	36	38	5	6	11	14	19	23	25	34	37	39	3	3	92	55	0	3297	0	2	2	0	0	0	0	
4	6	7	13	14	15	27	28	33	36	5	10	11	17	21	22	26	29	31	37	1	0	83	211	0	48	0	4	1	0	0	0	0	
3	4	10	11	16	18	24	25	29	37	0	5	13	19	21	26	28	30	32	35	3	1	18	0	0	124	860	181	0	0	0	0	0	
3	11	13	14	21	26	28	29	35	39	1	8	10	17	22	25	30	31	32	33	3	2	54	22	0	0	2533	1	6	1	0	0	0	
3	5	6	10	18	26	28	32	34	35	1	7	11	14	16	19	23	27	36	39	1	3	52	53	60	22	55	49	0	0	0	0	0	
0	10	12	13	17	24	25	30	31	34	2	4	5	6	8	21	26	28	36	38	3	0	41	805	0	715	410	64	2	0	0	0	0	
1	2	3	11	14	25	27	30	37	38	0	5	7	12	16	21	22	26	29	34	2	1	61	0	0	248	0	10	0	0	0	0	0	
0	1	5	13	17	18	24	32	37	38	7	10	20	23	25	28	29	35	36	39	2	2	88	36	240	0	767	186	38	1	0	0	0	
4	6	8	14	27	29	32	33	34	36	0	5	9	12	17	18	21	22	28	39	0	3	64	132	0	1339	73	0	0	0	0	0	0	
5	8	12	19	21	24	28	31	33	39	3	4	10	11	14	15	32	34	35	38	3	0	77	213	0	8586	7359	0	8	0	0	7	0	
2	3	7	13	16	17	18	22	33	34	0	5	6	10	11	14	15	20	31	39	2	1	40	20	3876	55	35	0	0	0	0	0	0	
3	6	8	10	11	12	14	19	20	29	5	16	21	24	31	33	34	37	38	39	1	2	66	97	45	0	134	480	36	4	0	0	0	
3	14	20	22	23	25	26	29	31	36	2	5	6	8	11	16	21	30	32	33	3	3	46	0	34120	242	52121	17	0	0	0	0	0	
0	1	7	13	15	19	21	32	34	36	3	5	6	9	10	11	12	14	24	29	3	0	15	200	0	381	92	0	2	0	0	0	0	
0	4	7	8	13	19	24	29	30	34	3	5	12	17	21	23	25	27	28	36	2	1	104	150	81	35	0	45	0	0	0	0	0	
1	3	4	6	21	23	32	33	34	37	0	2	7	8	9	14	16	22	31	36	0	2	87	153	306	4173	0	180	55	1	0	0	0	
1	3	8	9	11	16	23	29	31	36	0	4	5	14	17	26	28	30	32	34	2	3	33	96	0	59728	0	721	10	1	0	0	0	
0	5	9	12	13	15	18	21	25	32	2	3	8	11	14	24	31	34	37	39	3	0	45	1247	181	42	77	55	1	0	0	0	0	
0	2	4	13	18	30	31	33	35	38	7	8	11	16	22	24	29	34	36	37	0	1	43	1050	604	22491	334	2	0	0	0	1	0	
5	6	7	13	14	22	24	27	29	30	2	3	11	16	18	20	28	32	34	36	0	2	46	0	166	3040	0	0	0	1	0	0	0	
3	8	9	12	17	23	29	33	36	37	0	2	10	16	18	19	21	26	28	32	3	3	74	11	86	19	49	0	33	1	0	0	0	
7	14	16	18	28	30	32	33	36	37	2	4	6	11	20	21	22	27	29	39	0	0	60	192	0	38319	12322	159	47	0	0	0	0	
6	11	12	16	19	25	26	30	33	35	0	4	5	10	17	18	27	29	31	39	2	1	42	85	0	0	38	59	22	3	0	0	0	
1	7	16	17	19	30	31	33	34	35	4	5	8	12	13	22	24	26	32	38	3	2	100	59	319	195	1111	2	0	0	0	0	0	
0	5	7	9	11	20	23	28	29	33	4	10	19	21	24	25	26	34	36	37	2	3	80	0	0	413	133	156	3	0	0	0	0	
3	4	7	13	19	27	29	31	32	38	2	5	9	12	15	28	33	35	37	39	0	0	53	100	1019	0	29	0	5	2	0	0	0	
3	4	11	18	25	27	30	31	32	35	0	2	5	7	8	10	15	22	26	39	0	1	86	151	0	0	63	2	0	0	0	0	0	
1	3	7	10	15	25	33	34	36	38	0	4	5	13	17	24	26	29	35	37	3	2	65	156	65	26	78	0	5	2	0	0	0	
6	10	12	15	16	18	25	32	33	37	0	7	11	14	19	20	21	22	28	30	2	3	28	109	21	0	39	276	6	0	0	0	0	
1	9	14	15	18	19	23	28	33	36	4	6	8	13	21	30	32	37	38	39	2	0	43	319	0	455	2	8	0	0	0	0	0	
0	1	11	16	19	22	29	30	32	36	2	3	4	8	9	13	18	24	27	33	2	1	47	158	37	81	70	0	40	0	0	0	0	
1	8	9	13	14	26	32	33	37	38	0	4	6	11	19	27	31	34	35	36	0	2	102	70	0	0	0	712	32	0	0	0	0	
8	13	14	15	26	31	33	36	38	39	0	6	7	10	17	22	23	27	32	34	0	3	47	0	18368	518	423	368	9	0	0	0	0	
1	5	10	23	28	32	33	34	36	39	3	6	8	12	14	19	22	24	35	38	1	0	21	188	0	404	148	229	3	1	0	0	0	
1	7	8	11	18	24	26	33	35	39	3	4	5	10	13	14	15	19	20	23	3	1	34	39	276	835	0	228	0	0	0	0	0	
5	7	11	12	15	16	19	20	21	28	13	18	22	25	26	29	34	35	37	38	0	2	39	91	145	537	0	1	0	2	0	0	0	
8	9	23	26	27	30	31	35	38	39	2	5	6	12	16	18	19	20	34	36	2	3	39	82	1144	596	14792	0	24	0	0	0	0	
1	5	12	22	25	28	30	32	34	37	4	7	9	11	13	19	23	24	31	33	1	0	37	285	0	282	24304	502	10	1	0	0	0	
2	3	9	12	13	16	20	29	31	39	7	11	18	21	24	26	32	34	35	37	3	1	55	130	0	43358	93	268	0	0	0	0	0	
7	8	10	12	13	16	20	21	22	27	3	5	6	18	24	28	29	30	31	34	0	2	69	1041	0	1837	416	172	6	0	0	0	0	
9	11	15	28	30	31	33	34	35	37	4	8	12	16	17	18	19	27	32	39	1	3	75	65	0	158	11	0	0	0	0	0	0	
6	8	11	18	24	25	30	33	35	39	4	7	10	12	17	19	28	31	37	38	3	0	91	147	0	22	0	2	1	0	0	0	0	
0	6	12	19	20	26	28	33	38	39	4	5	7	8	10	15	22	25	34	35	3	1	100	90	0	30118	590	427	0	1	0	0	0	
7	10	13	22	27	28	34	35	36	38	5	9	11	16	18	24	25	26	33	39	3	2	53	228	732	929	0	124	0	0	0	0	0	
0	5	9	12	13	15	24	28	32	34	2	14	16	18	26	29	30	35	37	38	3	3	92	41	105	50	135	40	0	0	0	0	0	
4	8	10	11	15	17	19	25	29	30	0	1	6	9	12	26	27	37	38	39	3	0	120	276	0	3502	0	1249	2	0	0	0	0	
4	9	17	18	24	25	28	32	34	37	0	1	2	5	6	13	14	19	20	33	2	1	59	378	0	13494	0	122	1	0	0	0	0	
4	5	8	12	21	22	24	26	28	33	1	3	11	13	16	20	23	32	34	35	0	2	20	80	0	753	15076	527	0	5	0	0	0	
0	3	4	9	14	20	26	35	37	38	5	7	8	10	11	18	19	32	33	39	0	3	97	120	81	14	40	0	2	0	0	0	0	
1	8	10	12	15	17	22	30	34	35	0	5	14	16	21	24	28	32	33	38	2	0	16	624	0	17108	221	0	3	0	0	0	0	
3	4	8	9	10	14	15	24	28	39	2	13	17	18	21	29	30	31	32	33	0	1	97	25	55	41	1565	86	0	2	0	0	0	
3	7	9	12	14	23	27	30	35	37	1	5	8	15	16	24	25	26	38	39	1	2	27	43	37	10	160	1	1	0	0	0	0	
3	4	5	16	19	20	21	24	31	33	1	2	6	11	14	15	25	34	35	37	0	3	49	2	11	86	13	0	9	1	0	0	0	
1	4	5	10	21	22	24	30	31	32	2	6	14	15	19	20	27	28	33	35	1	0	32	169	0	0	2	0	0	3	0	0	0	
0	2	17	18	22	26	29	32	34	39	7	9	11	16	20	21	23	25	30	38	3	1	76	54	37	38	0	19	0	0	0	0	0	
4	5	13	15	19	21	29	30	31	32	0	1	3	8	11	20	24	27	35	37	0	2	59	47	420	0	19	0	1	0	0	0	0	
3	7	11	13	16	19	23	24	30	36	4	6	8	15	20	21	25	31	33	35	3	3	45	16	0	16262	0	75	0	1	0	0	0	
4	9	12	13	19	22	28	31	33	34	2	5	8	16	17	18	24	29	30	32	2	0	85	109	0	96	139	14	0	0	0	0	0	
8	9	11	17	19	22	26	32	34	37	7	15	18	20	21	24	28	29	30	38	2	1	91	114	0	618	59	14	4	0	0	0	0	
3	5	6	11	12	22	24	28	33	39	2	4	7	9	13	15	18	21	26	32	1	2	59	0	14	13	0	3	2	0	0	0	0	
3	5	7	10	15	25	27	30	33	39	0	4	6	12	13	16	20	21	28	31	0	3	70	42	39	16	62	0	0	1	0	0	0	
1	13	19	24	25	26	29	31	36	38	0	10	11	14	15	18	22	23	33	37	0	0	15	806	0	29349	0	681	27	0	0	0	0	
3	4	5	6	17	19	22	28	30	37	1	7	10	12	15	18	20	27	29	33	0	1	71	49	1056	130	0	83	10	3	0	0	0	
2	7	8	12	15	18	23	25	26	34	0	1	5	6	10	14	17	21	27	39	2	2	61	53	253	0	1456	1	1	0	0	0	0	
4	9	14	20	21	26	27	29	30	37	0	2	6	10	11	12	18	22	31	39	2	3	84	38	40	0	7241	255	20	1	0	0	0	
3	4	5	6	18	22	23	25	32	38	2	9	17	19	20	26	27	30	36	37	1	0	42	617	0	64	7	0	23	3	0	0	0	
5	11	16	18	23	25	26	27	34	36	4	7	8	10	15	19	20	24	29	38	0	1	76	77	366	29	0	2	6	0	0	0	0	
0	3	10	15	19	21	26	28	38	39	5	7	8	18	22	23	25	27	29	31	3	2	94	27	0	16194	0	477	3	0	0	0	0	
2	5	13	16	17	23	27	28	30	31	1	4	7	9	11	12	21	26	29	33	3	3	56	36	48	0	201	0	6	0	0	0	0	
4	7	9	12	13	19	23	25	26	33	5	6	8	10	14	21	28	31	32	34	2	0	60	583	984	0	429	86	0	0	0	0	0	
2	5	6	13	16	25	28	30	31	32	0	7	9	10	11	12	19	20	26	33	3	1	60	10	0	0	0	30	2	0	0	0	0	
18	23	24	26	29	30	31	34	36	37	0	1	3	5	7	11	13	25	38	39	1	2	57	0	120328	103	381	182	3	0	0	0	0	
4	5	8	12	17	20	22	23	24	25	2	6	7	11	21	27	31	32	36	38	3	3	34	123	81	63	0	0	6	0	0	0	0	
0	11	15	18	20	29	34	35	38	39	1	4	7	8	9	10	22	27	30	37	0	0	84	410	226	75	0	2	5	0	0	0	0	
4	5	9	19	24	26	27	28	30	32	2	3	7	10	12	16	18	22	25	33	1	1	64	0	13170	1162	0	3	5	0	0	0	0	
2	3	4	16	17	25	28	29	34	39	5	11	15	18	19	21	32	33	35	36	0	2	75	12	0	23639	815	0	5	0	0	0	0	
0	4	6	7	15	23	24	28	34	38	8	11	12	13	19	20	22	25	36	37	3	3	46	0	12253	1499	427	193	2	1	0	0	0	
3	4	5	13	14	17	18	19	24	32	0	2	6	10	12	26	29	30	36	37	1	0	72	139	68	0	0	191	65	0	0	0	0	
2	3	4	5	13	17	19	22	23	39	0	7	8	18	25	27	29	30	34	36	3	1	83	0	0	86	0	0	0	0	0	0	0	
2	6	8	9	21	24	26	30	36	37	1	3	5	10	17	25	28	31	32	33	2	2	20	142	321	101	159	0	0	0	0	0	0	
3	4	14	21	23	24	25	32	34	39	0	1	5	8	17	20	27	35	36	37	3	3	68	0	13	148	0	0	17	0	0	0	0	
0	9	10	12	14	17	20	29	31	33	2	4	5	8	22	26	28	35	36	38	1	0	63	1047	137	114	0	25	0	0	0	0	0	
0	1	2	3	13	20	23	28	32	37	6	9	11	19	21	27	29	30	35	39	1	1	76	0	24802	0	0	12	0	0	0	0	0	
6	8	12	17	22	25	28	29	33	34	0	4	10	11	13	15	18	23	27	30	2	2	59	22	0	0	291	235	4	0	0	0	0	
1	8	9	13	14	16	29	35	37	39	5	17	18	19	23	24	31	32	33	36	3	3	108	0	4169	189	660	2	0	0	0	0	0	
0	6	9	11	12	15	18	22	29	37	2	4	13	21	23	24	25	31	35	36	1	0	84	452	11	0	32	45	3	1	0	0	0	
1	2	6	13	15	21	24	27	35	38	0	4	7	9	10	14	16	20	26	34	0	1	36	23	14	156	0	24	1	0	0	0	0	
0	1	5	11	17	20	23	33	36	37	2	3	8	9	13	15	21	27	32	35	2	2	49	32	0	2	10	37	0	1	0	0	0	
1	6	10	19	21	23	26	29	37	38	8	9	11	12	17	22	28	30	33	39	0	3	116	44	0	1	0	1	0	0	0	0	0	
0	1	13	19	26	27	29	30	32	33	4	9	15	21	22	23	25	28	31	39	3	0	75	180	85	7601	0	101	0	0	0	0	0	
3	5	7	19	23	25	27	35	38	39	2	8	9	10	17	20	28	32	33	36	1	1	60	105	137	58	188	1	0	0	0	0	0	
9	11	14	15	19	20	23	24	29	37	0	1	2	3	8	17	25	28	31	39	0	2	102	0	51121	7194	3080	549	0	0	0	0	0	
5	6	14	15	20	21	27	28	33	34	4	7	9	10	11	19	25	26	38	39	3	3	90	5	0	42	5	0	18	0	0	0	0	
1	6	7	10	19	34	35	36	37	39	0	2	9	11	12	13	14	22	30	32	1	0	50	799	324	0	219	194	20	2	0	0	0	
1	5	8	9	11	18	23	24	34	39	6	15	16	19	22	25	31	32	35	37	1	1	94	38	0	5399	0	276	2	0	0	1	0	
0	2	4	9	10	12	15	19	22	29	13	16	18	24	25	27	31	34	36	37	2	2	77	61	0	15740	27807	97	17	0	0	0	0	
1	4	8	9	14	15	17	21	22	27	5	6	12	18	24	25	28	32	37	38	3	3	65	100	4780	90	9	454	47	3	0	0	0	
4	16	19	20	22	25	27	31	34	39	0	1	2	7	8	21	23	29	33	35	2	0	83	569	86	1410	312	15	3	2	0	0	0	
4	6	9	14	22	26	27	30	32	34	3	7	8	10	13	16	19	28	31	39	3	1	78	152	104	0	365	81	2	0	0	0	0	
2	3	10	11	13	16	18	21	24	26	5	6	12	14	19	27	33	35	38	39	1	2	75	113	581	298	202	533	40	0	0	0	0	
9	13	14	17	24	30	32	36	37	39	2	4	16	21	22	25	27	28	35	38	3	3	97	81	63	0	14027	118	2	2	0	0	0	
0	3	15	17	20	22	24	26	31	37	4	6	16	18	19	23	25	30	32	35	0	0	34	209	19	0	1757	272	0	0	0	0	0	
4	8	11	18	24	26	29	31	33	36	0	2	6	9	10	12	13	14	28	30	3	1	48	67	144	0	241	0	6	1	0	0	0	
0	1	2	5	6	11	13	17	33	34	4	7	8	12	14	19	20	26	28	31	1	2	73	152	402	299	227	229	4	0	0	0	0	
2	9	10	15	16	20	27	28	29	39	0	6	14	17	19	21	26	31	36	37	1	3	107	26	0	19147	0	3	5	1	0	0	0	
1	3	10	11	14	20	23	30	33	34	4	7	17	19	24	25	26	31	35	37	3	0	28	173	0	138	17	0	5	0	0	0	0	
4	7	13	18	21	23	28	30	37	38	1	6	10	12	15	16	19	20	22	33	1	1	86	29	79	90	54	0	62	0	0	0	0	
0	1	9	12	17	21	23	27	33	34	3	8	13	15	20	22	24	28	29	31	3	2	85	24	30	0	0	78	1	0	0	0	0	
6	8	14	16	18	19	26	30	33	39	4	7	10	12	24	25	27	29	34	36	2	3	76	81	0	0	2277	1	6	0	0	0	0	
