Mode: 21 #Games: 1000
p0_0	p0_1	p0_2	p0_3	p0_4	p0_5	p0_6	p0_7	p0_8	p0_9	p2_0	p2_1	p2_2	p2_3	p2_4	p2_5	p2_6	p2_7	p2_8	p2_9	trump	first	fp	t_t0	t_t1	t_t2	t_t3	t_t4	t_t5	t_t6	t_t7	t_t8	t_t9
3	6	13	16	19	21	26	33	34	37	7	8	11	12	14	15	24	27	29	36	3	0	65	358	1329	370	142	98	0	4	0	0	0	
2	5	8	11	20	27	30	33	37	39	6	7	9	10	15	18	21	22	23	31	2	1	56	78	0	624	316	0	26	0	1	0	0	
3	11	14	18	19	26	27	28	29	31	0	5	6	10	15	21	23	25	32	36	1	2	71	92	4849	3698	485	797	0	7	1	0	0	
5	6	9	13	14	16	21	22	23	33	3	7	8	20	25	30	31	34	35	37	2	3	30	78	355	5288	0	0	0	2	0	0	0	
4	5	9	11	16	17	24	29	36	39	0	1	6	7	13	14	20	23	25	28	0	0	103	364	0	78	0	4	51	3	1	6	0	
1	9	15	16	19	20	24	26	36	39	3	4	8	13	22	27	28	33	35	37	1	1	84	104	0	10343	0	3	6	0	0	0	0	
0	8	13	14	18	21	24	31	34	35	4	7	15	27	28	32	33	37	38	39	0	2	80	47	0	231	215	102	6	0	1	0	0	
10	12	14	18	20	21	26	35	36	37	3	5	7	8	13	23	24	25	28	33	3	3	54	71	631	35808	0	4	46	5	1	0	0	
0	1	19	21	25	26	28	29	35	36	7	12	16	17	20	32	33	34	38	39	2	0	93	877	85	0	316	0	150	5	2	0	0	
5	8	15	22	23	25	32	36	37	38	1	3	17	18	19	20	24	28	35	39	2	1	66	0	403	10944	0	454	12	3	1	0	0	
6	8	9	13	18	19	20	27	36	37	1	2	5	10	15	21	23	30	38	39	2	2	81	133	257	0	98	0	30	4	0	0	0	
2	4	5	10	15	21	24	30	37	39	1	9	13	14	18	20	26	34	36	38	1	3	43	109	0	306	0	168	30	3	0	0	0	
3	5	6	9	12	13	14	37	38	39	17	19	21	23	24	25	32	34	35	36	2	0	50	766	3278	0	719	205	0	0	1	0	0	
2	4	7	14	21	27	28	31	32	35	0	6	8	11	16	22	33	34	36	37	0	1	52	155	38	55	303	0	0	1	0	0	0	
2	4	10	15	18	19	23	26	36	37	0	3	5	6	7	12	13	22	24	30	0	2	62	57	0	268	0	838	142	3	1	0	0	
0	10	11	12	14	15	23	27	34	36	6	8	9	16	19	24	29	30	31	39	0	3	89	52	0	137	141	132	8	7	0	0	0	
3	8	9	10	12	14	18	21	22	24	2	20	23	27	28	30	31	33	35	37	2	0	69	1226	5226	704	329	4	113	5	0	0	0	
0	2	9	16	18	25	32	35	37	38	4	8	12	13	17	28	29	30	33	34	1	1	65	82	221	3233	0	130	3	0	1	0	0	
1	3	5	16	19	20	21	25	26	37	2	7	11	13	15	22	29	31	32	38	2	2	77	277	246	15657	106	0	61	1	1	0	0	
1	4	5	8	9	10	17	29	30	39	2	6	13	14	15	18	21	26	33	34	2	3	34	250	13782	167	354	0	0	35	1	0	0	
2	7	8	13	16	20	23	26	30	32	0	4	10	12	17	19	21	24	34	35	0	0	74	223	66	0	208	1	0	2	0	1	0	
3	5	8	13	14	31	36	37	38	39	9	11	12	16	19	21	27	29	33	34	3	1	102	251	8478	7551	0	0	9	2	1	0	0	
6	7	15	19	21	22	23	29	35	39	2	10	17	24	27	31	33	36	37	38	2	2	82	50	0	40	0	292	0	3	1	0	0	
2	8	9	10	18	19	22	31	37	38	1	7	14	17	20	24	27	28	29	32	2	3	97	161	6548	0	0	2050	4	1	0	0	0	
6	8	10	19	22	25	27	30	34	39	0	1	11	15	16	17	21	29	33	38	2	0	68	403	118	0	12188	126	1	2	1	0	0	
3	4	6	10	12	20	22	25	26	34	0	17	18	23	24	27	28	31	32	33	0	1	6	43	841	0	0	52	24	1	0	0	0	
1	8	9	13	16	18	24	25	30	36	11	17	22	28	29	31	32	33	38	39	2	2	69	76	269	7356	0	4	13	1	0	0	0	
1	8	9	10	11	12	14	24	25	35	0	2	4	7	16	18	19	31	33	38	0	3	106	0	4732	0	51	0	39	13	0	0	0	
1	2	4	13	14	17	20	22	27	35	9	11	16	19	23	26	31	36	37	38	2	0	84	112	0	0	821	104	15	6	1	0	0	
4	8	14	17	25	26	27	30	36	38	0	1	3	10	11	12	22	23	32	34	1	1	20	110	896	18	0	50	0	1	0	0	0	
2	9	14	18	19	20	22	23	24	25	3	6	17	21	27	28	32	33	34	38	0	2	66	344	180	476	396	3	26	0	0	1	0	
4	6	15	16	17	22	24	28	32	35	0	1	2	8	9	10	11	14	36	39	3	3	34	145	21	65	73	187	0	3	1	0	0	
1	3	5	10	15	22	23	24	25	28	7	13	20	21	29	30	31	35	36	39	2	0	80	834	316	246	743	1582	21	2	0	0	0	
3	13	15	17	22	24	26	28	30	34	4	5	9	10	11	12	21	29	38	39	2	1	86	138	4157	226	262	0	0	0	1	0	0	
3	5	9	13	20	24	25	32	35	36	0	4	6	8	11	21	23	26	38	39	1	2	30	93	48	0	282	922	9	0	0	0	0	
0	2	6	8	12	16	22	25	34	36	1	19	20	28	29	32	33	35	37	38	1	3	59	107	54	376	0	0	49	1	0	0	0	
1	2	5	6	17	22	24	25	29	38	9	11	12	16	19	23	30	31	32	34	0	0	65	895	91	4032	0	4	9	5	1	0	0	
2	7	11	13	17	18	23	27	33	39	3	10	14	20	21	25	28	29	35	36	2	1	106	210	1721	73	86	0	64	0	1	0	0	
0	1	8	14	18	21	26	29	32	39	7	9	12	16	17	22	24	35	36	37	2	2	113	76	39	0	84	0	16	1	0	0	0	
3	5	7	11	12	21	25	26	30	36	6	10	13	15	17	19	23	28	33	39	0	3	59	170	0	359	1063	0	13	7	1	0	0	
7	8	14	15	20	24	26	33	37	39	2	9	11	16	17	21	25	28	34	36	2	0	92	249	0	175	0	1421	111	11	1	0	0	
2	7	8	10	18	22	23	24	31	37	1	6	12	17	19	20	28	29	35	38	0	1	34	37	0	230	1125	0	2	0	0	0	0	
1	3	11	12	14	15	28	35	36	38	4	5	7	8	16	21	24	25	31	32	3	2	65	39	0	0	29122	689	71	3	1	0	0	
6	9	12	14	15	23	24	26	27	28	5	17	18	19	20	30	31	33	36	38	3	3	70	276	0	919	326	0	7	5	0	0	0	
8	9	14	18	19	25	26	28	32	36	0	4	5	7	11	21	27	33	38	39	3	0	82	227	0	494	63	0	17	0	1	0	0	
0	1	2	6	7	8	9	13	22	30	12	15	17	18	23	29	33	36	37	39	0	1	118	660	0	927	25660	674	65	7	1	0	0	
0	3	10	13	14	18	20	24	38	39	1	2	8	9	12	23	30	32	33	35	0	2	76	26	75	66	64	0	0	1	0	0	0	
8	10	13	15	25	26	33	34	35	39	2	5	6	9	16	18	27	29	31	38	2	3	73	0	9426	65	146	2	86	0	1	0	0	
1	2	4	10	11	13	16	25	31	32	3	8	9	14	22	26	27	30	35	37	2	0	21	404	0	9867	0	0	5	2	1	0	0	
9	13	20	23	29	30	34	35	37	38	1	3	8	10	16	21	22	24	26	36	1	1	59	245	0	30534	0	193	7	3	0	0	0	
2	4	11	15	18	19	23	33	37	39	1	3	5	6	7	21	24	26	27	34	2	2	72	120	0	679	1011	403	23	2	0	1	0	
8	11	13	16	18	26	29	33	34	36	5	6	9	10	14	24	25	27	30	31	3	3	63	45	168	96	2481	0	0	2	1	0	0	
4	5	14	17	22	24	25	28	30	34	7	12	13	16	18	20	21	27	33	36	1	0	52	437	137	0	0	510	5	2	1	0	0	
1	5	8	17	25	28	31	32	36	37	0	4	6	7	9	20	21	23	29	38	3	1	91	0	6739	13	0	82	17	3	1	0	0	
0	4	5	6	8	18	28	29	33	37	2	10	11	19	20	23	24	32	34	35	2	2	67	382	10858	0	22979	2	6	9	0	1	0	
1	6	7	13	14	15	21	23	27	39	2	11	12	16	17	19	22	25	26	32	3	3	30	0	12610	1843	819	799	49	5	0	0	0	
3	4	5	11	12	19	23	27	36	39	6	20	24	25	26	29	31	33	35	37	3	0	106	380	0	145	0	3	52	2	0	0	0	
3	8	11	16	17	22	25	27	34	38	2	7	9	10	21	24	31	33	35	37	1	1	50	48	0	26	0	675	5	0	1	0	0	
3	5	10	11	19	20	24	29	38	39	1	4	8	12	13	16	23	30	32	35	1	2	71	106	0	289	11026	0	14	2	1	0	0	
0	5	7	10	17	21	27	30	35	36	3	8	12	13	15	23	26	28	32	34	0	3	26	63	23	42	0	51	1	0	1	0	0	
2	7	17	19	22	23	29	35	37	39	4	5	6	10	12	14	15	18	27	30	2	0	74	193	0	238	2058	1	0	1	0	2	0	
3	8	13	16	17	29	30	31	36	38	1	7	12	15	24	25	28	32	35	37	0	1	37	142	4390	158	0	221	1	0	0	0	0	
2	5	6	8	13	18	28	29	35	38	4	7	15	21	23	24	26	34	37	39	2	2	108	83	53	556	0	4	0	1	0	0	0	
0	11	14	16	21	23	29	32	34	35	1	2	3	5	13	18	19	25	27	39	0	3	77	302	112	5303	0	1412	8	1	0	0	0	
2	10	14	20	22	23	25	26	33	39	1	5	6	11	15	19	30	31	34	38	2	0	60	839	180	171	303	123	3	0	0	0	0	
2	4	8	10	13	22	25	30	34	39	5	7	9	11	14	17	26	31	33	38	2	1	43	38	75	83	0	553	0	2	0	0	0	
3	5	11	13	18	25	28	33	34	36	0	6	12	14	16	20	21	22	27	32	0	2	39	36	1322	53	0	56	3	1	0	0	0	
1	3	6	9	14	18	23	24	30	38	0	4	8	11	12	16	27	31	35	36	3	3	30	0	209	8326	156	79	0	12	0	0	0	
5	6	9	10	24	25	28	29	33	38	2	3	4	8	11	21	23	31	34	37	0	0	62	755	1535	0	6993	0	13	1	0	0	0	
11	12	20	25	30	31	36	37	38	39	5	7	8	14	15	21	23	24	28	33	0	1	63	98	0	96	60	1246	20	4	1	0	0	
2	5	7	25	30	33	34	37	38	39	3	11	17	20	21	27	28	32	35	36	2	2	31	193	630	0	699	639	18	2	1	0	0	
0	1	10	14	20	22	23	25	29	31	7	9	16	17	18	21	24	28	35	39	2	3	89	0	194	352	0	0	10	2	0	0	0	
3	13	16	20	26	27	29	30	35	39	0	11	14	18	21	23	24	33	34	36	2	0	86	568	0	133	422	4	0	5	0	0	0	
2	3	9	15	28	29	30	35	37	39	1	4	5	7	14	18	22	23	31	34	0	1	66	0	826	15794	0	121	1	0	0	0	0	
3	4	6	8	9	16	22	24	32	34	0	2	5	7	10	14	25	28	30	35	2	2	3	503	3755	0	640	0	84	0	1	0	0	
2	4	6	8	10	13	17	20	30	38	1	9	15	19	23	25	27	28	34	36	1	3	97	319	185	137	0	70	4	1	0	0	0	
4	12	17	18	21	29	30	31	37	39	0	3	6	7	13	15	19	20	26	33	1	0	78	614	97	81	62	0	29	0	1	0	0	
2	8	9	10	13	14	16	22	32	39	3	5	7	17	18	19	23	25	28	35	1	1	110	75	1623	0	36	0	14	2	1	1	0	
2	7	10	11	17	20	27	34	36	39	1	3	5	12	14	16	18	21	25	29	1	2	61	164	0	264	163	68	0	19	0	0	0	
3	8	11	22	24	28	32	33	34	35	1	4	6	12	19	25	30	36	37	39	2	3	63	107	3551	0	847	0	164	14	0	0	0	
2	3	4	6	12	17	19	23	30	32	1	7	11	14	16	21	22	24	26	31	3	0	30	505	99	18	102	1	0	0	0	0	0	
2	5	13	19	20	22	27	29	32	34	0	7	11	18	23	28	31	37	38	39	2	1	103	99	0	241	3214	0	3	0	1	0	0	
0	5	9	11	13	19	29	32	34	38	3	14	16	17	18	21	25	35	37	39	1	2	103	77	3008	0	12476	15	1	0	0	0	0	
0	6	7	9	10	17	24	32	33	39	11	12	15	19	20	22	25	26	35	37	3	3	88	122	0	0	15104	202	73	1	1	0	0	
2	8	11	12	15	17	20	33	34	36	0	4	7	9	13	22	26	28	32	38	3	0	55	374	41	46	44	164	0	3	1	0	0	
0	1	3	8	15	20	22	24	36	37	2	7	9	11	14	17	27	30	31	38	0	1	92	0	7308	173	118	89	0	12	1	0	0	
4	11	16	17	19	24	26	30	35	36	6	7	13	20	22	23	25	34	37	38	1	2	65	81	0	0	1076	831	25	6	1	0	0	
4	5	6	16	17	22	29	34	35	37	0	2	15	18	19	20	30	31	33	38	1	3	71	208	1424	146	1657	211	0	4	1	0	0	
1	2	4	5	7	18	29	32	33	36	3	13	14	16	17	21	23	25	30	35	3	0	32	849	85	294	0	4	33	3	1	0	0	
0	3	7	8	10	20	25	28	29	31	2	5	14	19	21	23	26	32	37	38	2	1	79	0	359	171	195	2	0	2	1	0	0	
1	3	8	12	14	20	24	27	34	37	0	4	5	7	9	11	28	30	33	35	3	2	72	305	3123	70	0	3	0	2	0	0	0	
9	10	14	17	26	29	30	32	33	34	7	15	16	18	19	22	25	28	31	38	1	3	105	269	0	18204	8877	0	0	1	0	0	0	
5	8	15	16	18	22	27	29	34	38	2	4	6	9	12	17	19	24	26	28	0	0	106	669	448	66	0	4	23	0	1	0	0	
4	5	8	11	13	15	16	18	21	33	3	7	17	19	23	27	30	32	37	38	3	1	86	184	165	0	459	129	4	3	0	0	0	
1	4	5	9	12	18	22	25	27	35	8	11	13	14	20	23	24	32	33	37	2	2	31	82	113	160	0	3	4	0	0	0	0	
1	2	4	8	13	15	21	23	29	33	0	6	16	24	25	27	34	36	37	38	3	3	49	132	5442	124	0	87	0	2	1	0	0	
1	4	11	13	15	19	20	25	33	37	0	2	5	6	7	9	10	14	16	39	2	0	49	582	0	267	185	326	25	3	0	0	0	
3	5	9	18	22	24	29	36	37	38	10	11	16	20	25	27	30	31	35	39	3	1	67	58	594	0	1819	2	0	5	1	0	0	
2	6	12	13	18	19	32	35	37	39	4	5	7	8	9	14	15	26	30	36	3	2	107	249	1983	709	155	1	0	3	0	0	0	
2	5	10	13	14	15	18	27	28	33	4	8	9	17	19	20	32	34	37	38	2	3	87	133	0	26587	0	905	26	0	0	0	0	
0	3	5	10	13	14	19	20	28	36	2	4	11	21	25	26	27	35	38	39	3	0	64	601	46	0	362	0	19	2	0	0	0	
2	10	13	20	24	26	27	29	33	36	1	12	14	17	23	25	30	32	34	38	0	1	19	115	126	126	0	508	8	1	0	0	0	
3	8	9	11	19	21	22	25	30	33	0	4	10	17	20	29	31	32	37	39	1	2	46	91	3245	67	0	31	0	1	0	1	0	
4	7	10	12	14	15	17	23	31	38	0	2	5	9	16	18	25	29	30	33	3	3	39	0	1139	227	0	3	3	0	0	0	0	
4	6	7	9	11	12	13	31	35	36	8	14	15	19	20	21	26	27	37	38	0	0	48	546	0	0	345	13	0	10	1	0	0	
2	7	11	18	20	21	25	29	38	39	3	8	12	15	22	23	24	32	34	36	1	1	87	96	0	166	0	3	0	6	1	1	0	
6	7	9	10	24	28	29	32	33	38	13	15	17	19	21	25	26	30	34	35	0	2	47	72	80	0	0	446	77	2	0	0	0	
2	7	12	14	15	16	18	23	31	34	4	8	9	10	13	26	27	32	33	38	2	3	15	83	0	34	0	734	0	4	6	0	0	
0	4	6	7	20	22	30	32	36	37	3	5	8	17	24	26	29	31	38	39	1	0	32	848	2935	79	118	489	12	0	2	0	0	
0	6	7	13	14	16	22	26	33	35	1	4	8	9	15	28	30	36	38	39	0	1	101	56	0	165	750	0	3	1	0	0	0	
4	5	10	15	18	23	24	25	28	34	2	7	13	14	17	19	22	29	37	38	1	2	102	93	1130	0	329	0	10	1	0	0	0	
0	3	4	5	11	13	14	22	24	36	1	15	25	27	29	30	31	35	38	39	3	3	100	58	131	0	182	94	0	1	0	0	0	
4	9	15	16	17	21	23	33	34	37	7	10	12	18	20	22	25	30	31	35	0	0	19	470	55	0	190	1	0	6	0	0	0	
1	5	6	11	13	15	26	27	29	39	0	2	3	18	23	24	28	31	34	38	1	1	58	45	1465	0	192	71	9	0	0	1	0	
3	5	6	7	17	20	30	32	37	38	8	15	16	18	25	26	27	28	34	39	2	2	79	252	0	327	1784	471	10	2	1	0	0	
0	6	7	11	22	24	28	29	34	38	1	5	13	20	23	25	26	32	33	37	1	3	18	0	138	93	0	127	0	9	0	1	0	
2	13	18	19	21	26	28	30	35	36	1	3	5	7	17	25	29	31	38	39	0	0	88	476	94	0	80	2	0	3	0	0	0	
2	3	8	9	12	17	22	23	26	29	0	1	13	19	20	27	28	31	35	37	3	1	45	303	322	261	593	331	15	0	1	0	0	
2	3	5	7	8	9	11	13	23	36	1	10	15	17	18	22	24	30	33	37	1	2	86	318	0	821	67182	0	44	5	1	0	0	
2	11	13	16	20	21	30	35	36	37	5	8	9	10	15	17	19	23	24	29	1	3	98	355	0	213	129	249	0	4	0	0	0	
3	4	6	14	19	21	22	24	34	35	0	1	8	9	12	16	18	26	31	33	0	0	62	508	22	124	0	226	7	0	1	0	0	
2	3	8	19	21	25	29	32	36	37	6	13	14	15	20	22	30	33	34	35	0	1	46	98	199	63	0	3	8	0	1	0	0	
3	6	12	13	17	18	22	27	31	38	1	2	7	16	19	21	23	24	25	28	2	2	78	107	0	177	95	175	0	3	0	0	0	
1	5	8	13	16	20	23	29	32	36	6	7	17	22	27	30	31	33	35	37	1	3	41	59	91	0	63	0	2	0	0	0	0	
6	9	18	21	26	31	33	36	37	38	0	1	13	15	22	25	27	34	35	39	2	0	43	772	0	40975	17501	342	23	5	0	0	0	
3	8	12	17	20	25	26	27	34	37	9	14	16	18	19	21	32	33	36	38	1	1	103	146	4026	54	57	0	4	0	0	0	0	
3	4	5	8	16	21	22	31	34	39	0	10	12	17	19	24	26	27	30	37	2	2	58	172	1970	0	0	0	11	0	1	0	0	
1	2	3	5	6	8	13	21	22	26	9	10	15	18	24	28	29	35	36	37	1	3	50	756	0	0	0	199	7	3	1	0	0	
2	3	5	7	16	23	24	33	35	37	6	8	9	13	15	18	19	22	31	34	0	0	93	156	0	1307	15467	1900	34	6	0	0	0	
1	5	8	10	11	16	17	18	32	35	0	3	9	13	21	22	26	27	28	33	1	1	91	377	7449	752	1023	2	126	0	1	0	0	
0	2	3	4	8	10	26	30	34	37	1	7	14	16	23	24	25	32	38	39	1	2	22	142	3889	0	0	98	0	1	0	0	0	
0	3	4	10	11	19	23	32	34	39	5	8	9	16	21	27	28	29	37	38	3	3	105	0	13331	28	0	678	2	1	0	1	0	
5	6	9	11	16	23	25	28	31	34	2	10	15	18	20	26	30	37	38	39	3	0	106	327	141	177	843	0	0	1	0	0	0	
11	12	16	19	23	25	26	29	37	39	5	6	15	18	20	24	27	31	33	35	2	1	108	53	0	40966	2601	345	13	2	0	0	0	
1	2	3	4	9	11	14	18	25	36	0	8	12	17	22	28	32	33	37	38	3	2	57	0	5940	20	0	1	0	1	0	0	0	
5	10	12	21	22	23	30	33	34	35	0	3	7	8	9	15	18	26	31	38	3	3	59	0	340	17	0	0	30	4	1	0	0	
2	4	7	12	15	18	21	22	26	34	0	3	13	20	23	29	30	32	37	39	2	0	54	451	135	78	0	96	0	0	0	0	0	
0	1	2	3	4	6	16	22	33	34	11	13	14	19	20	30	35	36	37	38	3	1	72	0	7070	0	0	307	20	2	1	0	0	
6	13	20	28	29	30	33	36	37	38	4	7	10	11	14	16	18	22	27	39	3	2	90	0	588	561	2304	1814	93	3	1	1	0	
0	6	11	20	24	26	30	32	34	37	3	4	7	13	14	16	17	19	23	27	0	3	53	74	5828	191	0	3	0	2	1	0	0	
1	2	4	6	11	18	19	23	26	31	9	12	16	20	22	25	29	32	34	39	0	0	71	588	0	260	20635	0	5	1	0	0	0	
1	2	4	7	26	27	31	32	36	39	5	8	9	10	13	16	19	20	21	22	0	1	91	347	637	627	274	3	7	3	1	0	0	
1	4	8	15	17	20	27	32	33	34	6	12	18	21	22	23	25	28	38	39	0	2	31	73	0	103	92	0	58	3	1	0	0	
2	8	14	20	22	25	26	34	38	39	3	6	7	10	12	27	29	30	36	37	0	3	53	74	0	111	811	0	94	1	0	0	0	
3	6	7	11	18	26	35	36	38	39	1	4	8	9	10	12	17	19	25	30	2	0	17	551	0	87847	0	5	330	3	1	0	0	
4	9	10	15	16	23	24	27	29	39	6	8	12	13	14	18	19	20	37	38	3	1	71	129	2145	0	75	0	56	2	0	0	0	
3	6	18	20	24	30	32	33	34	37	7	8	9	10	14	16	19	21	22	36	0	2	70	195	0	114	705	25	0	1	1	0	0	
4	5	8	10	24	27	29	31	32	35	0	2	6	13	16	20	22	23	33	34	0	3	59	0	167	14489	0	109	15	1	0	0	0	
0	5	12	13	17	18	22	32	33	34	1	6	14	15	19	20	24	28	36	39	0	0	50	334	0	131	10295	152	0	0	0	0	0	
0	2	4	9	14	27	34	35	37	39	1	5	10	13	19	20	23	24	25	31	1	1	65	0	21375	468	0	2	90	1	0	0	0	
12	13	16	17	18	21	29	31	35	36	0	5	7	10	11	19	24	26	37	39	0	2	87	169	524	502	521	0	15	3	1	0	0	
0	2	3	10	13	21	24	28	37	39	5	6	8	15	20	25	32	34	35	38	2	3	81	37	0	0	143	153	0	6	0	0	0	
2	3	8	13	18	20	23	29	33	39	0	9	11	14	15	19	26	30	32	38	1	0	102	784	0	122	0	3	5	1	1	0	0	
1	3	6	14	18	22	23	34	37	38	4	10	13	15	24	27	28	31	35	39	1	1	16	27	0	60	173	0	2	1	0	0	0	
1	11	22	24	26	29	30	31	32	39	0	5	9	12	15	16	17	33	35	38	1	2	86	93	0	0	0	1119	27	1	0	0	0	
7	8	11	12	18	19	22	25	30	37	1	3	10	13	15	17	26	28	29	35	3	3	48	137	0	458	200	0	66	3	0	1	0	
1	8	9	14	16	20	21	25	34	36	0	3	6	12	18	26	29	31	32	35	2	0	49	363	0	149	23	0	2	0	0	0	0	
3	10	14	18	20	22	28	30	33	38	0	2	5	8	9	11	16	17	21	31	2	1	35	111	1433	0	0	2193	13	0	1	0	0	
2	8	9	10	13	14	16	22	32	39	3	5	7	17	18	19	23	25	28	35	1	2	92	145	12632	0	0	272	24	1	0	0	0	
0	9	10	12	16	19	22	24	28	35	1	2	3	6	14	15	23	31	33	38	2	3	25	0	12253	197	192	0	75	0	1	0	0	
6	7	9	14	15	19	21	28	30	39	1	3	8	11	18	20	23	29	31	37	2	0	81	179	1071	0	5114	0	1	0	0	0	0	
3	6	10	12	22	24	27	29	32	38	4	5	7	8	11	13	18	21	35	36	2	1	72	71	0	120	387	0	0	3	1	0	0	
1	2	3	16	17	18	32	33	38	39	0	10	12	14	15	25	29	31	34	36	2	2	24	181	345	107	71	0	0	3	0	0	0	
2	5	15	16	19	25	26	30	34	36	0	1	6	7	8	21	28	32	33	37	2	3	55	72	0	68	0	151	2	1	1	0	0	
0	1	6	7	20	25	31	32	36	39	2	9	10	11	16	19	22	30	34	37	1	0	54	1335	4736	884	0	180	0	1	1	0	0	
5	13	15	18	20	25	28	33	34	37	2	3	8	11	12	16	17	23	29	35	1	1	82	0	19085	60	180	367	13	0	1	0	0	
0	6	11	21	22	27	28	30	36	37	1	5	13	17	19	20	26	31	38	39	3	2	66	71	128	0	650	388	3	1	0	0	0	
6	14	15	16	17	22	28	31	33	38	2	5	10	11	12	13	19	20	32	39	3	3	48	67	0	0	1101	3	5	1	1	0	0	
2	13	19	20	25	28	29	36	37	39	1	4	7	8	17	22	24	26	30	34	3	0	62	302	259	1338	0	176	99	7	1	0	0	
0	4	10	12	13	14	25	30	32	36	5	7	8	9	16	21	26	27	31	38	2	1	23	47	0	5416	0	0	2	1	0	0	0	
0	3	13	24	25	27	28	32	34	39	4	5	7	15	16	17	19	21	29	35	0	2	77	121	2156	84	0	506	0	1	1	0	0	
2	3	6	8	10	15	25	28	32	36	0	5	12	14	16	19	20	24	31	33	0	3	48	82	115	86	0	57	0	7	1	0	0	
0	8	9	17	21	24	25	29	32	34	12	13	15	30	31	33	35	36	38	39	1	0	47	1569	0	803	631	0	820	2	1	0	0	
2	3	7	12	21	24	26	31	36	39	0	1	4	10	13	15	22	23	37	38	2	1	76	0	645	299	10188	0	27	3	0	0	0	
1	2	3	9	18	27	30	32	35	39	0	7	16	20	21	25	26	29	33	36	2	2	78	95	1973	0	8337	4	0	0	0	0	0	
0	3	7	11	19	23	25	27	31	36	2	5	6	9	17	22	26	29	32	35	0	3	95	53	0	619	247	637	37	2	0	0	0	
0	3	5	7	12	15	20	21	27	32	4	8	10	22	23	24	29	30	33	36	0	0	47	618	89	0	346	236	25	1	1	0	0	
3	4	6	13	17	19	27	31	35	36	0	7	10	11	21	22	24	28	33	39	2	1	59	51	1324	102	0	0	0	7	1	0	0	
0	1	6	10	12	19	34	35	36	37	5	8	14	17	22	24	27	29	31	32	0	2	24	779	4972	163	77	665	38	8	1	0	0	
1	7	12	14	15	18	20	22	23	31	0	8	13	16	17	25	28	29	37	39	2	3	69	92	47	0	0	270	8	3	1	0	0	
3	9	12	17	20	21	22	25	28	32	4	7	8	10	16	24	29	30	38	39	2	0	113	546	0	168	241	460	8	0	1	0	0	
2	8	12	15	17	19	31	35	37	39	0	5	6	11	21	22	23	25	27	33	2	1	77	778	196	477	0	4	98	0	0	0	0	
1	3	7	8	20	23	28	32	36	39	10	14	19	21	24	26	27	30	31	33	0	2	47	1211	325	5638	229	331	4	0	1	0	0	
3	4	11	12	19	21	23	28	32	39	6	7	8	10	16	17	25	27	34	36	0	3	54	91	83	79	0	0	29	2	0	0	0	
0	2	3	7	9	14	16	19	20	39	1	4	5	10	17	25	26	27	31	34	1	0	96	2081	10164	56	0	4	2	0	0	0	0	
3	4	13	21	22	28	29	30	32	33	2	6	8	9	18	26	31	34	38	39	0	1	120	220	3667	35	0	0	5	1	0	0	0	
6	11	14	16	18	20	21	28	29	32	0	9	10	13	17	25	30	31	36	37	0	2	36	274	0	313	79	1	0	0	0	0	0	
0	4	5	20	24	28	29	31	32	34	9	11	12	14	17	19	23	27	30	35	3	3	32	399	11511	1041	19154	462	0	1	1	0	0	
0	3	4	8	11	19	25	27	36	37	10	12	15	16	18	28	31	32	33	39	0	0	75	394	0	7555	35	91	0	2	1	0	0	
1	4	16	17	20	21	27	31	38	39	0	5	11	12	13	15	24	28	30	34	0	1	14	103	0	218	6181	63	4	1	0	1	0	
2	4	5	8	11	17	26	27	33	38	1	9	16	20	22	25	34	35	36	37	2	2	42	75	51	40	134	0	7	0	0	0	0	
0	2	8	24	28	30	32	33	35	38	1	4	6	13	15	18	23	25	29	37	1	3	64	136	101	0	468	101	20	1	0	0	0	
0	1	4	13	18	21	23	27	33	36	2	6	12	19	22	25	35	37	38	39	0	0	56	171	1341	0	575	30	2	1	0	0	0	
3	6	8	11	15	22	25	26	37	38	1	2	5	14	16	23	24	30	34	36	0	1	20	64	3400	69	0	9	0	1	1	0	0	
2	3	4	8	9	20	23	27	28	30	0	5	7	11	12	14	18	19	34	35	0	2	78	132	6392	21733	0	1140	141	10	1	0	0	
0	9	19	24	26	28	33	34	37	38	2	8	11	12	15	20	25	27	32	35	1	3	59	0	24023	0	342	0	15	5	1	0	0	
2	8	12	15	18	21	24	26	38	39	13	14	16	17	19	22	23	31	33	35	0	0	78	819	712	0	843	1552	7	1	1	0	0	
2	3	10	11	12	18	24	27	31	34	1	5	6	9	15	21	29	30	33	38	1	1	46	0	0	98	342	114	0	3	0	0	0	
4	12	14	19	25	26	27	32	35	36	2	9	13	15	16	21	28	34	37	38	0	2	20	213	1657	1108	10030	0	141	1	0	0	0	
0	4	7	10	11	13	16	17	21	26	2	12	15	22	28	30	32	34	38	39	3	3	74	533	293	86	766	625	33	0	1	1	0	
2	3	7	15	16	18	22	31	36	38	0	4	5	6	9	13	14	26	27	29	3	0	53	463	7871	0	59	108	0	1	5	0	0	
2	10	25	26	28	30	35	36	37	38	0	1	6	15	16	20	22	24	31	39	3	1	70	158	0	623	445	1	85	4	1	1	0	
1	5	7	23	27	28	29	30	34	36	0	10	12	13	20	24	25	31	35	37	2	2	30	181	212	761	0	3	10	4	0	1	0	
0	3	7	8	18	20	25	32	36	38	2	14	21	22	24	26	27	31	34	35	2	3	53	0	33944	322	209	839	13	0	1	0	0	
1	10	11	19	25	26	27	28	37	39	4	6	9	14	17	18	21	22	24	35	0	0	73	441	217	437	72	2	1	0	1	0	0	
0	12	21	23	28	31	34	35	37	39	5	11	14	16	20	24	26	30	32	33	1	1	2	0	345	0	289	634	54	2	0	0	0	
7	8	16	24	27	30	31	32	34	37	0	1	4	5	15	20	28	29	35	38	3	2	77	103	0	9280	0	321	12	2	1	0	0	
2	5	6	9	13	19	29	30	34	36	10	12	14	16	17	20	24	32	33	37	1	3	84	92	279	210	459	0	759	0	1	0	0	
5	11	12	24	25	28	30	31	35	36	1	2	13	21	23	26	32	33	34	39	1	0	0	465	0	0	34	245	5	1	0	0	0	
0	1	5	13	16	17	22	27	29	35	7	10	11	14	15	26	34	37	38	39	2	1	28	60	0	5210	0	3	11	0	0	0	0	
0	5	13	14	21	22	26	30	35	39	1	4	6	7	10	19	23	24	29	37	3	2	82	31	0	303	1230	0	0	0	1	0	0	
0	1	12	15	17	21	25	26	35	39	2	5	6	8	11	16	18	23	31	36	2	3	31	35	42	116	0	330	1	0	0	0	0	
0	1	6	7	8	11	16	20	25	35	3	10	12	15	18	21	27	28	29	31	3	0	4	638	0	472	240	387	10	0	0	0	0	
3	12	17	22	26	28	30	31	37	39	9	14	16	19	20	21	23	29	35	36	3	1	81	0	52	0	207	39	5	1	2	0	0	
3	11	13	15	16	18	27	31	32	39	0	2	4	6	9	10	20	36	37	38	0	2	49	0	163	178	141	300	22	0	0	0	0	
4	5	9	11	18	26	28	30	34	38	0	1	6	7	12	16	17	20	21	32	0	3	41	58	35	0	211	3	0	4	0	0	0	
1	9	12	14	28	29	30	32	33	37	3	8	10	17	24	27	34	35	36	38	1	0	75	957	40	0	2397	0	7	2	0	0	0	
0	11	21	22	23	29	30	35	36	38	7	8	10	13	14	16	17	27	28	32	1	1	94	110	105	0	0	415	20	4	1	0	0	
1	3	8	9	11	13	16	18	24	25	0	4	5	22	27	29	31	34	35	39	0	2	63	1004	437	149	0	4	13	2	0	0	0	
6	8	16	17	24	26	31	34	35	37	1	4	5	7	14	18	25	28	33	39	3	3	68	30	0	4583	0	143	1	0	1	0	0	
9	11	12	16	18	19	25	27	30	38	0	13	14	15	29	31	32	34	35	39	0	0	56	1005	0	12538	25924	395	79	2	1	0	0	
2	8	9	10	24	25	29	30	32	36	1	6	12	14	15	19	21	28	34	39	2	1	113	0	338	113	2018	151	17	1	0	0	0	
4	6	8	9	14	15	16	32	33	34	2	10	11	18	19	22	24	26	28	30	1	2	96	113	2136	350	20654	203	0	5	0	0	0	
0	3	9	13	24	25	29	32	34	38	4	5	7	11	14	20	28	30	33	36	0	3	80	144	3052	0	165	74	0	3	1	0	0	
10	12	13	20	21	23	31	33	36	37	0	4	6	7	8	16	24	26	27	35	1	0	7	393	76	229	31	172	36	0	0	0	0	
4	5	7	13	15	24	30	32	36	38	2	8	14	16	19	20	21	25	33	39	2	1	71	114	3111	141	0	0	46	6	1	1	0	
0	4	15	18	22	31	34	36	37	38	2	6	7	13	14	19	20	25	30	39	2	2	50	167	3086	56	0	4	0	4	0	0	0	
1	7	13	26	32	33	36	37	38	39	4	8	12	14	19	22	25	27	28	30	1	3	29	288	8721	8442	0	410	0	3	0	0	0	
3	4	14	15	19	20	26	29	30	35	2	5	6	7	24	31	33	34	38	39	0	0	69	231	0	555	17351	179	50	4	1	0	0	
3	5	6	7	8	17	19	21	23	39	0	4	10	12	20	22	26	33	34	35	1	1	31	0	14284	0	459	1002	49	1	1	0	0	
1	3	6	14	15	16	19	27	28	34	2	7	8	13	18	20	23	25	26	39	1	2	75	148	0	275	5128	1	0	3	0	0	0	
2	3	4	9	10	11	16	22	23	34	0	6	13	14	15	20	27	29	30	39	3	3	64	228	0	617	0	167	4	0	0	0	0	
0	1	2	9	10	11	23	28	37	39	3	4	6	14	16	20	24	29	34	35	2	0	95	157	0	1749	0	203	46	4	1	0	0	
1	5	7	12	13	15	17	22	29	34	0	6	9	10	28	30	32	35	37	39	3	1	82	79	1097	45	2356	0	5	0	0	0	0	
3	4	6	9	10	11	18	23	32	37	2	13	14	24	28	29	30	31	36	39	1	2	88	0	99	295	127	83	0	0	1	0	0	
6	13	14	15	16	20	21	24	34	36	2	3	7	10	17	22	27	28	30	31	2	3	45	102	0	58	56	4	1	0	0	0	0	
3	4	7	8	12	16	18	19	23	33	0	5	6	22	24	25	26	28	35	38	2	0	42	741	0	2426	614	501	0	0	1	0	0	
1	2	3	4	7	8	13	18	21	37	0	6	12	15	16	25	26	27	32	33	3	1	2	127	0	157	117	0	1	1	0	0	0	
2	5	11	13	14	17	27	28	36	37	0	9	10	15	22	24	26	31	32	33	2	2	48	51	0	197	238	0	5	0	1	0	0	
2	3	4	7	9	20	26	29	35	39	1	5	12	13	15	22	24	31	34	36	0	3	91	45	2835	2679	147	308	34	8	0	0	0	
6	7	14	19	22	28	29	31	37	39	3	4	5	11	16	17	21	25	30	38	0	0	86	328	130	4248	0	0	17	5	0	1	0	
10	13	17	22	25	28	29	30	33	37	2	8	9	11	14	15	16	19	21	26	0	1	59	524	2179	1961	557	2	43	3	0	0	0	
1	5	6	7	11	12	18	31	33	38	0	2	3	4	9	13	15	21	35	37	2	2	14	659	185	312	0	4	5	1	1	0	0	
3	8	13	17	19	21	27	28	29	34	4	7	9	10	12	15	26	33	38	39	0	3	108	0	33076	2098	0	212	0	2	0	0	0	
7	12	13	21	22	23	30	35	36	39	1	2	4	6	9	15	17	26	29	37	1	0	62	473	31301	0	285	3	16	2	0	2	0	
0	1	9	10	11	14	22	27	29	31	7	15	16	20	23	28	32	34	35	38	3	1	78	37	0	239	294	400	3	1	0	0	0	
1	4	7	14	15	17	23	25	30	31	2	3	5	9	10	19	21	22	24	38	1	2	25	87	117	4465	0	884	22	0	0	0	0	
0	9	15	17	18	21	23	29	32	36	7	8	11	16	24	25	26	30	35	39	1	3	81	84	0	8396	27	44	0	1	0	0	0	
0	4	6	7	8	9	11	29	30	34	2	3	17	18	20	23	24	32	36	37	1	0	55	686	20229	10593	226	0	12	0	1	0	0	
2	4	5	6	8	10	11	25	26	35	15	16	17	19	22	27	28	32	34	36	3	1	46	220	235	0	5557	2	0	0	0	0	0	
7	8	12	14	18	22	26	29	33	37	0	1	11	21	23	24	30	31	32	35	3	2	65	49	0	15414	0	106	38	1	0	0	0	
0	5	8	11	15	23	24	25	34	38	2	3	10	18	28	29	31	35	36	39	3	3	99	82	0	108	0	38	6	0	1	0	0	
0	1	15	17	20	21	22	23	25	39	2	3	11	13	14	18	19	28	31	35	0	0	42	399	3987	89	470	0	0	2	0	0	0	
0	1	2	13	19	24	28	34	35	37	3	4	15	17	25	27	29	31	32	33	1	1	31	42	0	45	65	105	0	0	1	0	0	
3	7	9	10	17	18	21	24	27	33	4	8	12	20	25	28	30	35	36	37	0	2	53	131	107	0	330	1197	0	5	0	0	0	
5	7	8	11	12	16	21	26	29	34	1	6	10	14	23	24	31	36	38	39	1	3	45	0	10232	235	158	0	154	0	1	0	0	
0	3	6	7	16	27	34	36	38	39	8	12	13	19	20	25	26	32	33	37	1	0	63	1094	36135	530	907	972	12	3	1	0	0	
3	8	9	11	12	15	24	30	31	35	0	6	13	14	16	23	26	36	37	39	3	1	58	0	2319	0	0	118	10	0	1	0	0	
0	2	6	10	16	18	19	24	30	34	7	13	15	17	25	28	29	37	38	39	2	2	66	276	238	93	0	38	0	0	1	1	0	
1	7	18	22	29	31	32	34	38	39	3	5	6	8	10	14	16	27	28	36	3	3	94	99	0	12480	0	351	0	15	0	0	0	
0	12	14	15	19	20	30	31	32	33	2	4	10	21	28	29	34	35	37	38	3	0	102	202	266	193	0	80	0	3	0	0	0	
2	12	15	19	20	22	23	25	36	39	1	7	10	14	16	21	26	27	33	34	1	1	48	189	3321	0	56	66	3	0	0	1	0	
3	5	6	7	8	17	25	26	29	31	0	10	11	16	21	22	27	30	33	34	1	2	4	0	0	622	263	97	32	1	0	0	0	
0	9	10	16	17	18	31	32	33	39	4	7	11	13	14	22	28	30	37	38	1	3	90	66	0	17650	84	163	14	2	1	0	0	
1	4	5	9	10	22	27	29	30	39	2	7	11	13	14	21	23	35	36	38	0	0	88	346	79	2777	107	0	66	1	1	0	0	
7	8	10	13	22	24	25	27	35	38	0	3	4	6	9	12	20	23	29	32	0	1	115	33	0	8331	0	86	0	9	1	0	0	
1	4	5	7	17	18	20	28	29	38	0	9	13	14	16	21	23	24	31	35	2	2	71	121	45	0	13516	0	60	2	1	0	0	
0	2	11	14	15	20	30	34	35	39	3	4	10	19	23	24	31	32	37	38	3	3	85	108	1820	436	131	0	53	8	1	0	0	
3	9	11	12	13	16	20	26	28	38	4	7	10	14	15	21	25	27	29	33	1	0	69	202	71	0	336	3	22	2	0	0	0	
2	7	9	10	13	16	23	25	27	29	3	5	8	12	14	15	20	22	34	39	0	1	89	361	2388	511	328	86	4	2	1	0	0	
1	13	15	19	22	25	32	34	36	39	2	3	5	11	17	21	23	26	28	33	2	2	65	78	0	834	35099	1	0	2	1	0	0	
0	7	9	12	14	22	32	33	34	36	4	5	15	17	23	24	27	28	30	35	1	3	42	190	44	0	0	287	13	1	1	0	0	
0	8	10	20	24	25	29	32	33	39	3	5	11	14	15	18	27	28	36	37	3	0	86	471	0	792	14238	268	8	1	0	0	0	
2	5	6	9	11	13	18	19	33	37	0	3	10	14	16	20	21	29	31	32	3	1	71	570	14296	172	0	401	0	2	1	0	0	
1	3	9	11	18	20	25	31	37	39	4	5	8	21	22	23	26	29	35	36	2	2	73	50	168	0	589	170	5	0	0	0	0	
0	2	3	10	17	19	28	30	31	36	7	11	15	20	25	27	33	34	38	39	2	3	39	45	42	0	162	288	0	2	1	0	0	
3	4	5	6	8	11	12	16	25	39	2	7	14	15	19	20	24	27	29	35	0	0	81	705	0	611	0	3	275	8	0	0	0	
5	13	17	22	24	25	27	31	32	33	1	2	16	18	20	23	28	30	36	39	0	1	19	46	0	0	2116	501	5	2	0	0	0	
4	5	6	7	8	15	28	34	35	37	9	10	12	13	18	20	26	27	29	33	3	2	78	0	572	12320	0	5	0	9	1	0	0	
9	10	12	13	23	25	27	31	32	36	7	8	16	18	19	22	26	28	35	37	0	3	64	0	7624	37	232	149	0	3	0	0	0	
4	6	8	9	11	21	23	29	31	33	3	12	14	15	18	28	32	35	36	37	3	0	58	557	0	598	343	304	204	0	1	0	0	
0	17	20	21	23	24	25	27	34	38	2	6	7	12	13	14	30	31	33	37	3	1	18	0	209	480	10296	0	3	1	0	0	0	
1	10	11	15	19	22	26	30	32	35	2	5	7	12	14	16	18	20	29	36	2	2	20	106	0	145	0	290	41	0	0	0	0	
1	3	10	13	15	16	22	29	30	32	0	9	11	12	25	35	36	37	38	39	2	3	31	240	0	314	1518	879	0	2	1	1	0	
0	1	10	15	18	22	23	26	38	39	3	6	13	16	19	20	29	32	33	37	1	0	88	153	0	151	2014	0	19	1	0	0	0	
1	2	5	12	19	24	34	36	38	39	3	7	10	14	17	18	27	29	30	32	0	1	82	101	0	232	0	3	21	1	0	0	0	
1	3	5	6	16	22	23	29	31	36	2	8	13	14	17	26	27	30	37	39	0	2	79	172	64	93	0	66	0	0	1	0	0	
12	13	14	15	18	24	29	31	32	35	4	5	8	9	19	21	22	34	36	38	0	3	75	277	407	346	595	395	1	0	1	0	0	
5	7	8	10	16	19	20	22	28	36	0	1	6	13	17	18	30	33	34	37	1	0	48	717	87	0	2365	4	10	0	1	0	0	
1	4	6	9	10	16	19	23	25	27	2	8	15	18	29	31	32	33	35	37	3	1	90	407	285	235	0	3	18	0	1	1	0	
0	6	16	18	24	26	30	31	32	34	8	9	10	11	19	22	25	28	35	38	1	2	67	20	0	46	30	39	0	0	0	0	0	
4	5	9	14	15	18	23	25	29	36	0	1	6	7	8	13	16	20	30	37	1	3	82	361	6809	0	8583	395	6	2	1	0	0	
3	5	13	15	20	24	26	30	32	36	4	8	10	11	16	17	18	29	33	38	3	0	70	389	80	0	113	0	10	3	0	0	0	
3	12	19	21	23	25	31	32	38	39	5	9	13	14	15	17	27	33	35	36	3	1	83	107	64	0	197	503	11	3	0	0	0	
0	2	20	23	24	25	31	34	36	37	3	4	5	7	8	10	17	18	29	33	0	2	70	326	158	0	1669	1696	128	2	0	0	0	
4	5	6	7	11	12	16	22	33	34	0	9	15	21	23	24	30	31	36	37	3	3	39	84	1130	0	0	474	15	0	1	0	0	
0	7	12	17	25	26	27	34	35	37	4	8	9	16	18	19	21	30	31	36	3	0	97	142	408	36	406	0	3	0	0	0	0	
1	3	4	8	10	15	21	28	31	36	6	11	14	16	18	19	22	23	37	39	1	1	54	46	61	85	0	188	0	3	0	0	0	
1	8	10	12	18	27	28	31	35	38	2	9	13	14	21	25	26	32	33	37	0	2	76	132	1953	239	211	0	16	0	1	0	0	
5	6	12	13	16	18	27	29	31	32	0	3	8	9	14	17	23	25	26	28	2	3	74	162	0	1452	0	1046	14	2	1	0	0	
2	8	13	14	17	18	24	26	29	39	1	3	5	7	10	11	16	19	20	38	1	0	106	294	0	858	16544	3	7	1	3	0	0	
1	6	9	15	22	23	28	29	30	33	0	13	14	19	20	21	24	26	31	37	3	1	90	70	0	182	85	0	61	3	1	0	0	
1	2	7	8	9	12	16	18	28	37	3	10	23	25	32	34	35	36	38	39	3	2	91	0	30134	186	0	0	36	1	1	0	0	
0	1	3	9	20	23	31	32	34	39	2	4	5	7	10	16	21	24	29	35	0	3	48	649	13234	148	160	218	0	4	1	0	0	
0	1	3	7	9	11	13	17	30	31	5	6	8	12	18	19	20	24	29	34	1	0	92	757	13530	586	164	0	0	2	1	0	0	
10	20	21	22	23	24	28	31	35	38	1	2	3	4	5	6	8	16	29	30	0	1	109	0	114	169	51	38	9	2	3	0	0	
4	6	8	12	13	21	28	31	35	38	2	3	16	17	19	20	24	27	36	37	1	2	53	91	0	53	1497	0	0	2	0	0	0	
2	3	5	7	8	13	19	23	24	32	1	12	14	16	21	22	30	31	35	38	1	3	43	280	0	17951	0	311	45	0	0	0	0	
1	7	9	11	15	34	35	37	38	39	4	10	12	17	24	28	30	31	32	36	0	0	47	530	8006	326	0	1531	175	15	1	0	0	
4	15	19	23	24	26	29	34	35	36	2	3	8	11	13	18	22	27	28	32	2	1	98	0	366	167	0	3	33	1	1	0	0	
0	2	8	20	26	29	31	34	37	39	3	10	15	17	22	24	28	35	36	38	2	2	104	211	3241	991	456	648	12	0	1	2	0	
3	7	19	21	22	26	35	36	37	38	5	6	8	9	10	18	25	27	31	32	2	3	58	74	0	107	121	445	11	2	2	0	0	
1	5	6	13	16	17	19	23	27	35	4	8	9	15	18	20	22	30	33	36	3	0	76	732	109	211	3494	0	46	7	0	0	0	
10	12	21	27	28	29	30	31	36	37	2	3	7	11	14	19	23	24	26	38	1	1	92	495	89	0	655	236	7	1	0	0	0	
0	5	6	7	10	15	22	27	30	37	1	2	4	8	11	16	23	32	38	39	3	2	37	185	315	0	499	131	8	0	1	0	0	
2	3	5	12	14	21	28	31	33	38	8	10	13	15	20	22	23	24	32	36	3	3	25	41	112	0	287	160	1	0	0	0	0	
2	3	8	14	16	17	19	21	25	26	4	5	7	9	11	18	27	30	31	36	0	0	82	663	3203	109	285	0	39	2	1	0	0	
0	8	10	18	24	25	29	32	33	35	3	4	6	7	12	20	22	23	28	38	2	1	86	51	0	15657	1183	172	0	8	0	0	0	
2	3	9	13	16	17	19	20	21	23	5	6	14	18	26	28	30	35	37	38	0	2	45	258	4373	240	0	511	20	1	0	0	0	
4	8	10	13	14	26	29	33	34	38	6	7	9	11	12	17	20	31	37	39	0	3	62	83	0	34759	88	468	0	2	0	0	0	
5	8	9	12	13	15	20	25	26	35	0	1	6	7	16	23	31	34	38	39	1	0	63	349	102	104	319	2	0	9	1	1	0	
0	3	8	9	13	18	20	24	28	37	4	7	11	16	19	21	26	32	33	39	2	1	43	0	537	113	98	0	8	3	0	0	0	
3	15	17	21	23	28	30	33	35	36	1	5	7	8	16	25	27	31	32	34	2	2	69	665	158	356	95	157	0	5	1	0	0	
1	7	11	15	16	24	26	31	32	33	2	5	9	18	22	23	29	30	36	37	0	3	38	69	146	0	108	42	0	1	0	0	0	
0	7	13	21	23	24	25	26	27	39	6	9	15	19	20	29	30	32	33	36	2	0	86	808	0	6213	480	3	28	17	0	1	0	
0	9	10	16	20	28	31	32	35	37	1	6	7	8	11	13	17	24	36	39	2	1	39	32	67	0	0	3	32	5	1	0	0	
0	5	6	7	9	11	23	27	30	39	4	12	17	21	22	26	28	29	35	37	1	2	69	168	0	268	835	0	11	6	0	0	0	
0	6	7	9	12	15	19	27	32	39	1	2	11	14	17	21	22	28	29	35	3	3	53	94	22939	95	0	4	0	4	0	0	0	
0	1	4	9	11	12	16	19	24	33	5	8	14	18	21	29	30	31	34	35	0	0	84	667	144	1298	0	3	24	0	0	1	0	
5	10	13	14	22	24	27	34	36	38	1	4	6	8	20	23	25	29	35	39	0	1	58	0	9012	0	233	1925	22	1	0	0	0	
5	7	19	22	23	26	28	29	34	37	3	9	13	15	16	20	24	27	30	39	3	2	80	193	0	22064	0	96	0	2	1	0	0	
4	12	21	25	31	33	35	36	37	39	1	3	8	9	11	14	20	24	26	27	2	3	57	338	210	0	14498	0	21	3	0	0	0	
8	9	14	18	19	25	26	28	32	36	0	4	5	7	11	21	27	33	38	39	2	0	91	167	814	137	0	63	2	1	0	0	0	
3	8	11	16	21	22	23	24	25	33	4	7	9	14	17	20	27	28	36	38	2	1	104	79	0	31	0	2	0	0	0	0	0	
1	4	5	6	12	20	24	32	33	39	3	7	8	9	16	19	21	22	30	34	0	2	64	62	98	38	0	0	2	1	0	0	0	
3	6	7	15	16	19	24	25	33	34	1	5	9	12	13	27	29	31	32	39	2	3	76	81	0	130	2484	236	0	0	1	0	0	
4	7	9	11	12	20	25	28	36	39	1	3	14	16	18	19	21	23	26	38	0	0	82	629	0	7703	0	239	9	0	0	0	0	
1	5	9	12	15	20	21	25	30	34	8	11	13	17	19	27	28	29	36	38	3	1	76	28	151	0	598	3	2	0	0	0	0	
0	2	11	14	22	25	26	32	33	37	1	3	6	24	27	29	30	31	38	39	0	2	72	25	103	292	0	36	0	1	0	0	0	
0	8	12	20	28	30	33	34	35	38	2	9	10	14	16	18	25	29	32	39	1	3	109	0	79	0	704	468	7	1	0	0	0	
10	11	18	19	20	22	25	28	37	38	1	3	5	7	26	29	31	34	36	39	3	0	87	477	170	67	0	3	2	1	0	0	0	
1	4	6	10	14	27	29	31	38	39	7	11	12	16	18	19	20	33	35	36	1	1	94	41	0	38211	0	354	15	0	1	0	0	
3	6	9	10	13	14	17	22	30	31	7	12	15	16	18	19	23	27	34	38	3	2	27	0	166	0	0	1419	15	3	1	0	0	
1	3	6	9	12	25	27	34	37	38	2	5	13	18	20	30	31	35	36	39	1	3	6	61	5229	0	0	630	1	0	0	0	0	
3	10	14	17	18	22	25	27	36	37	2	5	15	20	21	23	24	29	34	39	3	0	47	713	0	7528	286	4	107	6	1	0	0	
0	7	8	11	19	21	29	32	36	39	1	6	9	10	12	17	18	30	31	37	3	1	68	177	2795	228	0	0	23	0	1	0	0	
0	1	5	12	13	19	20	28	36	37	3	4	7	9	23	25	26	31	35	39	2	2	69	41	0	0	63	0	2	0	1	1	0	
3	9	11	20	21	25	26	29	32	36	7	10	14	17	22	23	31	33	37	38	1	3	15	148	359	0	0	1228	22	3	0	0	0	
1	3	4	9	18	21	22	30	36	38	5	6	15	20	23	27	29	31	32	34	0	0	67	230	86	260	1628	0	0	0	1	0	0	
5	11	12	20	21	25	32	33	36	38	1	2	4	10	15	16	23	26	29	30	0	1	38	0	0	0	3130	336	12	1	0	0	0	
9	12	14	16	21	25	26	32	36	37	2	5	6	7	15	17	19	23	31	34	2	2	69	89	99	72	2627	0	0	9	1	0	0	
1	13	16	19	21	22	31	35	36	39	2	3	4	6	9	10	12	14	17	37	0	3	96	226	0	507	0	0	4	1	0	1	0	
1	9	10	13	15	17	19	22	32	35	4	5	11	16	18	23	25	27	31	34	1	0	85	953	0	17594	0	874	73	6	0	0	0	
4	5	7	16	17	20	21	23	24	27	2	11	12	14	19	22	25	29	33	36	3	1	3	51	0	464	139	117	2	1	1	0	0	
1	2	5	7	16	20	24	34	35	38	3	10	12	13	18	21	27	30	31	37	0	2	43	91	0	236	11758	500	24	1	0	0	0	
10	11	19	22	24	26	28	29	36	38	3	4	8	12	14	21	27	33	35	39	0	3	68	166	0	94579	697	0	24	3	1	1	0	
1	8	9	16	17	19	31	35	36	38	0	10	11	12	18	23	26	29	37	39	2	0	80	638	27768	0	938	1609	6	2	1	0	0	
5	7	9	15	17	20	24	35	36	37	0	2	11	13	16	27	28	30	31	33	2	1	19	50	0	52	0	91	2	1	0	0	0	
1	2	3	13	19	22	29	31	36	38	0	6	11	17	20	25	30	32	37	39	2	2	29	18	1097	0	42	0	26	0	0	0	0	
0	1	12	18	20	22	23	26	28	33	2	5	6	10	11	13	24	30	36	37	1	3	35	0	0	252	328	3	10	0	1	0	0	
0	1	2	10	12	13	19	27	29	33	5	11	14	15	16	21	25	26	30	34	2	0	70	265	299	117	0	2	0	2	0	0	0	
1	7	8	9	16	24	26	31	33	36	4	6	13	14	17	19	25	29	34	37	3	1	80	0	23900	0	1687	1	60	3	1	1	0	
1	8	11	20	30	31	33	35	36	38	4	9	12	14	19	22	25	26	27	28	0	2	58	138	0	0	625	0	18	6	1	0	0	
6	9	12	13	20	25	26	27	28	31	1	2	10	17	23	24	29	32	33	39	0	3	22	0	0	0	913	4	247	8	1	0	0	
9	11	13	18	19	26	27	30	31	37	3	4	6	7	8	17	20	29	33	38	2	0	65	310	24842	113	237	0	18	0	0	1	0	
1	4	9	16	21	25	29	30	34	39	7	12	13	15	17	26	32	33	35	37	0	1	85	244	61	14974	0	146	0	2	1	0	0	
5	7	8	9	11	15	19	24	28	29	1	3	18	20	22	25	26	27	30	31	3	2	58	166	1850	0	1173	446	25	2	1	0	0	
1	8	9	15	23	29	31	33	35	38	2	4	10	11	17	19	20	30	36	37	0	3	98	89	312	0	15097	166	0	2	0	0	0	
0	1	9	13	16	17	30	34	36	38	4	10	11	12	15	19	22	23	33	39	0	0	32	994	818	299	567	0	20	1	1	0	0	
4	5	9	10	13	26	27	29	32	36	3	6	8	20	23	24	25	33	35	38	3	1	82	80	39	0	508	150	21	7	0	0	0	
5	11	16	17	23	25	26	28	29	37	0	1	4	6	8	12	18	22	35	38	0	2	104	0	57005	1227	849	925	36	3	1	1	0	
3	14	16	24	25	27	30	34	37	38	0	1	2	7	10	12	22	28	36	39	0	3	36	571	171	0	137	0	12	1	1	0	0	
0	3	7	13	17	20	21	23	28	35	1	2	11	18	22	29	33	34	36	37	3	0	60	363	1127	82	43	65	0	0	1	0	0	
0	1	3	7	8	11	22	28	31	36	2	10	13	16	18	19	27	30	35	37	3	1	21	84	0	0	544	0	34	2	1	0	0	
1	10	15	16	17	22	31	32	33	34	0	3	6	12	13	23	25	26	29	35	2	2	55	0	85	15	0	0	0	1	0	0	0	
1	3	4	11	19	20	26	29	32	33	8	12	13	14	23	28	30	31	35	36	3	3	78	71	1637	60	0	2	2	0	0	0	0	
2	6	9	10	14	16	24	30	38	39	0	1	3	4	5	13	17	25	31	35	3	0	61	541	131	136	618	0	12	4	0	0	0	
11	12	15	22	25	27	28	31	33	38	2	9	10	16	18	19	20	30	36	39	1	1	109	322	53	130	2732	340	9	0	0	0	0	
9	12	19	20	22	23	29	34	37	39	1	4	6	8	11	18	21	25	26	38	2	2	104	64	0	18195	141	0	54	1	0	0	0	
1	4	8	22	26	30	31	33	36	37	5	10	12	13	14	18	19	25	34	39	2	3	49	156	454	413	0	321	0	3	1	0	0	
1	4	9	10	15	22	23	26	32	35	0	2	3	5	7	13	17	21	29	38	3	0	46	120	0	83	0	200	99	2	1	0	0	
3	8	13	18	24	25	27	34	37	39	1	2	9	11	12	17	20	23	32	36	2	1	56	85	0	325	1572	0	5	0	1	0	0	
1	3	9	12	13	20	23	31	33	37	4	8	10	16	19	24	25	28	30	35	0	2	70	188	892	51	0	106	23	0	1	0	0	
0	7	9	18	19	23	24	26	27	29	3	10	11	13	14	15	28	32	35	36	3	3	72	200	0	80309	4487	1403	50	4	1	1	0	
3	9	10	11	15	18	28	32	33	39	6	7	13	14	19	24	31	35	36	37	0	0	54	939	0	0	193	3	0	4	1	0	0	
1	6	10	13	15	17	19	23	26	28	7	11	21	22	24	27	30	33	36	38	2	1	26	242	974	74569	0	372	244	0	1	0	0	
1	9	10	12	17	19	21	28	29	37	2	7	14	15	23	26	27	36	38	39	0	2	97	104	0	256	894	1	0	1	1	0	0	
2	3	7	12	15	16	23	24	35	36	9	10	11	19	26	29	31	33	34	38	3	3	76	88	684	0	0	136	0	9	0	0	0	
0	5	6	11	23	26	33	35	37	39	4	8	13	14	15	16	21	27	28	30	2	0	51	554	208	0	246	3	9	3	2	0	0	
4	11	14	16	20	29	33	37	38	39	0	5	6	10	12	18	22	28	32	35	3	1	105	0	341	13618	1540	117	0	1	1	0	0	
3	6	7	16	19	25	26	31	35	38	0	9	10	13	17	24	27	30	32	36	1	2	43	49	47	27	0	140	19	0	1	0	0	
0	1	8	10	11	18	27	32	36	37	9	13	17	20	23	24	28	29	34	38	3	3	69	81	2316	48	0	2	0	1	0	0	0	
2	3	11	14	20	21	24	29	32	36	0	5	6	7	13	16	19	26	27	28	3	0	23	443	0	198	285	3	205	1	0	0	0	
0	3	8	16	26	27	30	34	38	39	2	4	6	10	13	18	19	23	28	37	0	1	91	0	9517	0	1556	4	65	15	1	0	0	
1	7	8	9	14	22	24	26	27	29	2	3	11	12	15	18	21	31	32	38	2	2	79	0	513	1512	453	1959	10	14	1	0	0	
2	5	10	19	21	24	29	34	36	37	0	3	6	12	17	18	25	26	28	32	0	3	79	52	0	180	0	4	14	0	0	0	0	
3	10	11	14	21	25	27	31	37	38	0	4	9	13	17	19	32	33	35	36	0	0	50	645	6776	0	894	451	11	1	0	0	0	
1	10	13	21	23	28	31	35	37	39	0	2	4	11	14	20	22	27	30	38	0	1	0	340	0	1319	520	128	0	0	0	0	0	
1	3	6	10	13	19	26	28	31	35	2	4	7	11	15	23	25	29	33	38	2	2	69	99	55	56	0	195	7	0	1	0	0	
7	9	13	18	19	20	23	25	28	33	1	4	16	24	32	34	35	36	38	39	1	3	105	29	0	9920	639	2	2	0	1	0	0	
8	13	16	19	27	29	36	37	38	39	1	4	7	21	23	26	28	31	32	34	2	0	120	524	9153	0	27	0	21	2	0	0	0	
2	6	7	15	20	29	31	35	36	39	0	5	10	12	13	16	17	25	28	34	0	1	63	151	213	2041	0	1116	30	8	0	6	0	
0	2	7	15	16	27	32	35	36	38	5	10	12	19	21	22	24	29	31	37	2	2	61	105	1432	132	0	2	0	3	0	0	0	
1	4	8	12	13	16	20	27	30	31	2	5	7	10	22	23	24	36	37	39	1	3	28	76	44	0	12	0	0	3	0	0	0	
1	3	9	11	15	30	31	34	36	39	0	8	13	16	17	21	23	24	25	27	0	0	96	1645	104	383	518	720	10	7	0	0	0	
4	5	6	7	9	18	22	24	26	30	0	1	11	15	17	19	20	23	33	36	1	1	76	0	3222	0	641	707	8	0	1	0	0	
0	3	4	15	16	20	24	27	31	33	1	9	10	18	23	26	28	30	36	38	3	2	76	37	0	83	0	264	7	0	0	0	0	
2	3	7	13	16	18	23	30	37	39	6	10	11	21	24	31	33	34	35	38	0	3	10	109	2652	167	135	0	5	2	0	0	0	
3	7	12	19	22	23	24	29	37	39	0	4	5	6	14	25	27	28	31	32	3	0	50	171	0	0	41	0	97	0	1	0	0	
2	4	5	6	7	12	19	23	27	31	0	8	10	20	22	24	25	29	32	39	2	1	86	261	0	446	139	0	786	6	1	0	0	
0	1	2	7	8	25	29	30	36	39	5	6	10	11	13	16	26	31	32	37	1	2	66	177	6580	46	333	365	6	5	0	1	0	
0	2	3	9	13	27	28	37	38	39	14	15	23	25	26	30	31	34	35	36	2	3	87	98	0	1044	17618	0	17	2	0	1	0	
2	10	14	20	21	22	24	27	30	35	7	8	12	16	17	29	31	33	36	39	0	0	58	135	72	0	188	4	0	1	1	0	0	
0	2	3	15	19	22	27	31	32	34	1	4	6	8	13	14	17	23	37	39	0	1	93	27	0	111	0	0	4	0	1	0	0	
5	6	9	16	25	28	32	34	35	36	0	13	14	17	19	20	22	24	27	37	3	2	36	107	263	52	927	0	4	1	0	0	0	
2	5	7	8	10	14	16	20	26	30	0	4	11	18	21	24	33	34	35	37	3	3	26	143	6502	76	53	0	4	0	1	0	0	
3	12	17	22	26	28	30	31	37	39	9	14	16	19	20	21	23	29	35	36	0	0	64	503	4372	0	302	0	256	5	1	0	0	
0	1	5	9	10	15	21	26	30	34	3	6	8	12	16	25	29	33	37	38	2	1	62	61	0	141	0	280	3	2	0	0	0	
2	4	8	9	15	19	20	22	23	34	0	1	14	25	27	28	31	32	36	38	1	2	13	59	0	15190	14919	0	22	2	1	1	0	
3	10	12	13	17	23	24	26	28	39	0	5	8	11	14	15	19	20	29	35	3	3	47	0	488	15947	5346	504	9	2	1	0	0	
15	17	20	22	23	26	30	33	35	37	0	4	5	10	16	19	24	28	31	34	1	0	43	563	10992	258	238	57	5	3	1	0	0	
1	2	4	5	8	14	16	18	32	35	0	3	6	7	10	19	23	26	29	38	0	1	102	78	371	41	0	121	57	1	1	0	0	
1	3	7	10	12	17	19	21	31	39	4	13	16	18	20	23	30	32	34	36	0	2	85	0	128	165	737	0	18	0	2	0	0	
0	10	11	12	17	26	28	29	30	33	2	3	7	8	14	21	23	35	36	38	0	3	62	96	758	0	2629	0	0	2	0	0	0	
0	4	5	9	10	14	25	30	35	39	7	8	17	18	21	27	28	31	37	38	2	0	71	535	46815	182	213	1	0	1	0	0	0	
1	2	4	6	13	18	21	32	33	37	3	10	11	12	14	22	25	27	29	35	0	1	33	152	79	0	0	290	104	1	0	1	0	
1	4	5	7	12	20	29	32	36	37	2	11	13	14	15	16	30	34	35	39	0	2	49	213	3973	271	231	1	0	2	1	0	0	
0	1	8	9	14	20	24	30	32	33	2	4	6	17	21	23	26	29	31	35	3	3	11	124	5183	45	0	564	6	0	1	0	0	
2	7	9	13	16	18	27	30	35	39	1	3	10	11	12	23	24	28	31	33	2	0	39	405	2905	0	0	4	20	7	1	0	0	
2	4	13	16	20	22	26	28	32	34	3	7	12	18	19	23	27	30	36	37	0	1	39	62	0	555	350	0	15	0	1	0	0	
2	4	7	11	14	18	23	29	31	38	0	1	3	5	6	10	19	21	24	33	0	2	93	158	0	330	137	2	2	0	0	0	0	
0	10	14	18	21	23	26	30	31	34	3	15	16	17	20	27	28	29	33	37	1	3	51	48	53	103	0	358	14	0	1	0	0	
0	6	11	15	16	24	28	29	31	36	1	4	5	7	8	27	33	34	35	38	2	0	34	277	40	70	0	135	0	1	0	0	0	
1	4	9	10	14	23	27	32	34	35	5	6	11	15	16	17	18	21	33	39	1	1	66	97	2156	101	0	1201	4	1	0	2	0	
1	5	13	14	21	25	28	33	38	39	2	11	15	17	18	20	23	26	30	32	0	2	0	112	43	88	0	0	0	1	1	0	0	
4	5	7	16	21	29	31	33	34	36	6	10	11	12	22	23	25	30	37	38	1	3	59	97	0	14784	91	96	8	0	1	0	0	
1	4	8	20	22	28	30	33	36	37	10	11	12	13	14	15	17	24	32	39	0	0	23	812	138	0	48946	1186	3	1	0	1	0	
4	5	7	8	15	16	21	24	38	39	1	9	13	19	22	25	28	32	34	36	3	1	76	68	0	67994	0	75	0	1	0	1	0	
7	8	9	10	14	17	22	26	29	34	0	4	13	19	20	21	24	28	30	33	2	2	91	123	585	54	726	0	48	2	0	0	0	
1	3	6	11	14	18	20	33	34	39	5	12	25	27	28	29	30	35	36	38	0	3	26	172	2832	170	796	0	12	2	1	0	0	
5	7	13	14	21	27	29	30	33	36	12	15	16	17	22	23	26	28	32	35	2	0	57	345	0	449	0	0	74	2	1	0	0	
5	7	8	9	14	25	26	27	31	38	1	2	3	11	13	17	21	23	32	33	2	1	20	185	2354	0	0	146	1	0	0	0	0	
8	11	12	13	15	19	23	33	36	37	1	3	5	10	16	21	24	26	27	29	1	2	101	0	27948	2138	0	0	3	2	1	0	0	
4	8	10	14	15	18	27	30	31	37	0	1	6	17	20	25	26	32	35	36	3	3	20	61	130	206	0	0	234	33	0	0	0	
0	1	2	14	17	23	30	31	32	34	3	4	10	13	16	22	27	29	33	36	3	0	37	137	0	0	165	0	4	0	0	0	0	
0	3	14	15	24	25	27	29	34	38	1	4	5	6	16	17	26	33	35	37	3	1	23	70	0	29	0	3	3	0	2	0	0	
0	4	5	10	20	23	27	33	34	37	2	9	12	13	17	25	30	31	35	36	2	2	25	78	25	128	0	253	2	0	0	0	0	
14	17	18	21	22	23	25	29	36	39	4	5	9	11	12	15	26	28	30	31	0	3	72	215	138	3581	110	107	12	1	0	0	0	
0	3	13	14	18	23	25	26	27	30	2	4	6	9	20	24	28	32	38	39	1	0	65	1244	882	324	13	0	68	2	0	0	0	
1	3	5	7	15	21	25	31	35	39	4	6	8	10	13	16	23	24	30	33	0	1	58	0	11135	123	0	670	5	5	0	0	0	
2	4	7	17	21	24	25	31	36	39	0	6	10	12	15	22	23	29	32	35	3	2	50	78	68	80	724	0	0	1	0	0	0	
0	4	6	7	9	16	19	28	31	33	3	10	13	14	18	20	21	32	37	38	0	3	85	208	0	168	0	4	0	4	1	0	0	
2	4	8	10	18	19	26	28	35	38	12	14	15	21	25	27	29	31	32	39	0	0	67	244	1312	0	51	0	5	2	0	0	0	
3	6	9	11	15	28	29	30	31	39	4	10	18	21	22	23	25	26	33	35	0	1	94	68	345	0	32378	637	0	1	1	0	0	
7	11	15	17	19	24	26	29	32	35	14	16	21	23	27	28	30	33	36	38	2	2	88	128	2542	0	13613	0	16	2	1	0	0	
8	14	15	18	20	23	28	33	34	37	4	11	16	19	21	24	27	32	38	39	3	3	87	81	260	0	0	3	10	2	1	0	0	
1	3	9	11	14	16	18	25	27	39	0	2	5	7	19	21	26	28	30	38	2	0	80	702	0	1084	0	3	6	5	1	0	0	
6	10	15	16	17	23	27	31	36	39	2	5	11	12	21	22	24	28	29	33	1	1	50	158	4114	0	136	180	3	0	0	0	0	
3	6	7	9	12	13	19	21	26	30	0	1	10	16	27	28	32	36	37	38	0	2	62	402	2255	86	0	3	0	0	0	0	0	
2	5	10	12	22	32	33	35	36	37	1	7	8	15	17	25	27	34	38	39	3	3	83	176	0	202	168	142	20	0	0	0	0	
0	14	15	19	23	25	26	31	33	37	6	9	10	11	18	21	29	30	35	38	1	0	65	738	122	166	58	216	10	0	0	1	0	
7	15	17	22	26	27	29	30	32	38	1	3	9	11	18	19	25	33	37	39	0	1	82	189	3790	0	69	0	7	1	1	0	0	
2	4	5	15	20	21	26	27	28	30	6	10	11	13	14	17	23	24	34	37	3	2	0	295	0	616	59	0	1	0	0	1	0	
5	9	19	20	21	26	30	32	34	38	0	3	11	16	17	18	33	36	37	39	2	3	47	0	11493	0	54207	516	58	4	1	0	0	
0	1	2	6	23	24	28	31	33	34	3	11	14	15	19	20	21	25	26	35	1	0	21	227	0	289	386	268	8	1	0	0	0	
1	2	9	17	19	20	23	30	33	39	4	6	12	16	22	25	31	35	36	37	0	1	70	37	0	1049	199	0	18	1	0	0	0	
0	2	5	12	13	16	22	28	32	37	6	9	14	18	19	25	27	29	35	39	0	2	92	82	0	0	128	21	5	0	1	1	0	
0	2	4	12	14	15	18	21	24	34	1	9	16	19	20	32	33	35	36	37	1	3	70	283	84	0	225	0	21	9	1	0	0	
4	11	16	17	19	24	26	30	35	36	6	7	13	20	22	23	25	34	37	38	3	0	38	371	171	0	0	831	21	0	1	1	0	
3	5	6	7	8	16	21	28	33	34	9	11	12	15	18	20	23	25	31	36	1	1	54	362	695	0	0	1084	0	2	0	0	0	
2	8	12	13	23	26	28	29	35	38	7	9	14	15	19	20	22	24	33	39	2	2	108	167	1274	49	0	3	0	0	0	0	0	
2	15	16	17	18	20	22	27	32	36	1	7	12	13	21	25	28	30	33	38	1	3	29	293	170	317	6941	0	11	1	0	0	0	
0	2	6	11	19	23	26	32	35	36	3	5	10	12	17	22	28	30	31	38	0	0	18	299	0	140	2323	0	28	1	0	0	0	
2	5	8	9	16	22	28	31	34	39	4	6	7	12	15	18	19	29	33	35	0	1	110	195	7396	76	454	56	0	0	1	0	0	
0	2	3	4	7	8	15	22	28	35	1	6	9	10	12	13	19	29	32	36	3	2	67	0	468	0	190	79	2	1	0	0	0	
9	11	13	22	23	26	27	30	31	33	2	4	5	14	17	21	24	25	38	39	0	3	72	99	0	722	0	0	5	2	0	0	0	
1	2	5	11	14	24	26	27	30	37	4	12	16	17	18	19	20	23	38	39	3	0	59	365	0	109	257	0	6	1	0	0	0	
12	23	24	27	31	33	34	35	36	39	3	8	10	11	13	14	15	19	21	28	3	1	69	522	4475	3220	135	237	16	4	1	0	0	
1	2	9	13	15	22	23	33	35	37	4	14	17	21	28	29	32	34	38	39	0	2	92	0	0	270	28	0	15	12	0	1	0	
8	11	16	17	18	19	21	28	33	34	0	2	4	6	10	20	25	27	37	39	2	3	71	279	49	3345	2537	0	45	0	1	0	0	
10	15	17	25	27	28	34	36	38	39	4	7	13	16	20	21	22	24	26	32	2	0	92	611	18353	1295	504	447	83	7	1	0	0	
16	20	24	25	27	28	31	33	35	36	0	1	6	8	11	12	15	21	37	38	2	1	69	603	785	0	1173	1003	20	2	1	0	0	
5	12	15	16	19	23	24	33	36	37	1	2	4	10	13	22	32	34	38	39	2	2	6	116	3711	536	7807	0	0	0	1	0	0	
4	5	11	13	17	19	28	30	31	35	7	9	15	22	23	25	27	34	36	37	3	3	47	135	6506	0	7126	72	0	1	0	1	0	
0	17	19	24	27	29	31	33	35	37	1	6	10	12	13	15	20	34	36	38	0	0	39	1416	6267	0	490	445	24	0	1	0	0	
4	5	10	11	15	30	31	34	35	36	3	6	7	12	14	19	23	25	29	39	0	1	57	51	455	232	429	2	15	1	2	0	0	
6	8	12	13	14	25	28	30	32	36	2	11	16	17	20	22	23	24	33	34	2	2	89	0	47	0	42943	0	5	3	0	0	0	
1	8	10	14	21	25	30	31	32	33	0	3	4	11	12	13	23	24	37	38	3	3	12	0	0	117	0	76	0	0	0	0	0	
0	10	13	16	18	21	25	29	30	37	1	3	4	5	12	15	24	28	34	35	0	0	36	609	227	252	184	0	59	1	0	0	0	
7	8	12	16	22	24	25	30	35	38	1	3	4	6	19	20	23	28	31	36	1	1	56	39	97	0	188	1	0	1	0	0	0	
5	6	10	15	18	21	32	34	38	39	0	1	2	9	12	23	28	29	31	33	3	2	84	0	295	257	0	258	13	3	1	0	0	
1	2	6	14	20	25	28	29	32	33	0	8	11	12	17	18	27	34	37	38	1	3	53	0	9113	0	121	139	0	2	1	0	0	
2	3	4	8	11	18	20	22	24	25	5	6	7	16	19	33	34	35	36	38	0	0	49	933	0	219	247	0	15	2	1	0	0	
7	10	14	18	19	22	25	28	31	37	0	4	5	15	16	20	23	35	38	39	3	1	47	109	0	432	178	285	11	0	1	0	0	
0	7	9	18	19	23	24	26	27	29	3	10	11	13	14	15	28	32	35	36	0	2	56	224	83	0	51584	0	31	4	1	0	0	
4	7	12	18	22	23	26	27	30	38	2	6	15	17	19	20	34	36	37	39	2	3	79	145	0	125	2140	0	11	2	1	0	0	
2	6	10	11	21	23	30	31	34	38	0	3	12	13	15	19	25	27	33	36	2	0	13	286	0	171	26	0	0	4	1	0	0	
2	8	15	19	20	22	23	25	26	34	3	5	7	9	13	27	35	36	37	38	2	1	89	100	0	117	225	211	8	5	0	0	0	
1	3	7	8	10	14	16	23	24	30	11	12	13	20	21	22	26	31	35	39	2	2	40	0	289	397	2853	1064	0	3	0	0	0	
1	4	6	26	31	32	33	35	38	39	0	2	10	18	19	20	21	25	28	30	3	3	92	0	22007	126	0	287	98	5	1	1	0	
3	11	14	15	16	18	19	23	24	37	4	7	10	20	22	25	27	30	31	36	3	0	50	770	559	175	13067	0	20	2	0	6	0	
5	8	12	14	20	22	30	31	36	38	4	6	19	25	27	33	34	35	37	39	3	1	107	97	0	120	74	0	7	1	2	0	0	
0	11	19	22	23	28	29	31	36	37	1	2	4	5	8	14	15	17	18	34	2	2	71	82	0	148	115	297	7	0	2	0	0	
2	3	8	15	16	17	19	23	29	30	4	5	11	18	20	22	25	32	36	37	0	3	38	0	107	96	396	0	66	12	1	1	0	
0	13	14	21	24	26	27	28	34	35	8	15	17	20	22	23	25	31	36	37	0	0	20	459	132	0	822	314	32	10	3	2	0	
6	7	10	14	16	17	18	25	27	39	2	5	9	12	13	22	26	28	32	36	2	1	45	91	0	22875	0	883	25	0	2	0	0	
7	8	12	18	22	26	29	31	34	35	0	1	5	9	17	25	27	32	33	36	3	2	74	88	2777	0	245	192	5	0	1	0	0	
0	7	11	12	14	17	18	19	23	24	1	5	8	10	27	29	30	33	34	39	0	3	51	761	10907	0	0	1647	232	0	1	1	0	
11	15	19	21	23	28	31	35	38	39	0	2	3	6	13	16	17	24	30	37	0	0	32	785	3133	0	803	844	7	1	1	0	0	
5	17	19	20	25	26	28	34	36	38	0	2	4	7	11	12	15	18	22	31	0	1	50	69	1417	568	2833	33	0	0	1	0	0	
1	10	17	18	19	30	31	36	37	39	4	5	7	12	15	22	24	33	35	38	0	2	59	838	51803	328	12367	495	25	22	1	0	0	
3	4	6	13	14	22	24	26	33	35	2	11	17	18	25	27	30	32	34	36	1	3	28	54	1250	0	412	0	0	0	1	0	0	
3	5	7	17	21	24	25	33	34	35	9	14	16	18	22	23	29	30	36	37	0	0	30	438	43	77	34	0	4	1	0	1	0	
7	8	9	13	15	19	22	26	33	36	6	14	17	18	20	21	25	27	28	37	2	1	97	133	3713	156	59	236	26	0	1	0	0	
0	2	4	6	13	19	22	30	35	39	7	8	12	15	21	23	24	25	32	33	3	2	62	644	1567	637	506	0	987	0	1	0	0	
1	12	13	14	17	22	23	27	30	34	3	4	8	9	16	19	24	29	36	38	0	3	68	67	0	0	167	187	8	1	1	0	0	
3	5	10	13	15	18	21	23	28	29	1	8	9	26	27	31	33	35	38	39	2	0	93	979	19274	5201	0	191	20	1	0	0	0	
5	14	23	25	27	30	34	35	37	38	4	6	7	9	15	17	22	24	36	39	3	1	103	0	435	558	680	381	84	1	0	0	0	
1	7	12	15	17	25	27	28	31	38	3	5	10	13	14	18	21	24	26	37	0	2	41	181	1103	138	253	0	2	1	1	0	0	
5	9	18	19	22	25	29	30	32	39	1	2	3	4	8	10	12	13	15	38	1	3	74	145	0	27529	515	0	167	1	1	0	0	
4	10	16	17	20	23	27	30	31	34	5	6	8	9	12	14	18	29	35	36	0	0	66	962	69	42	0	1352	34	2	0	0	0	
0	5	12	14	19	21	22	29	34	39	6	7	9	15	17	20	23	28	33	37	2	1	94	20	0	192	7551	0	11	0	1	0	0	
3	4	9	13	19	24	30	31	34	36	6	7	10	14	15	17	20	22	23	29	0	2	39	63	0	124	54	0	6	2	0	0	0	
4	7	8	9	17	25	27	31	33	38	5	12	13	19	20	24	30	32	34	36	1	3	24	0	17561	0	461	346	35	6	1	0	0	
1	2	4	5	13	25	27	29	37	38	0	3	7	17	18	21	26	30	32	33	3	0	56	378	55	0	319	69	6	2	0	0	0	
6	8	10	13	15	16	25	26	31	36	1	9	18	19	20	22	23	27	29	35	1	1	62	26	0	134	0	425	0	8	1	0	0	
1	4	7	8	11	22	27	28	36	39	10	14	15	18	21	24	34	35	37	38	2	2	62	0	387	7440	0	3	19	0	1	0	0	
4	5	12	14	15	19	22	23	26	30	1	3	6	8	9	18	20	21	31	38	3	3	13	77	156	0	0	369	49	0	0	0	0	
0	3	8	12	14	16	27	36	37	38	1	5	7	11	22	24	31	32	34	39	3	0	99	770	608	0	8469	5	21	0	1	0	0	
2	4	17	20	23	25	26	29	33	34	1	5	7	14	15	19	21	27	32	35	1	1	30	210	2759	134	0	0	0	0	0	0	0	
5	8	21	22	23	29	30	31	32	35	1	2	3	9	12	13	17	18	27	33	3	2	63	74	39	0	38	0	35	2	0	0	0	
2	13	18	19	21	22	23	24	26	30	0	1	5	6	16	25	29	32	33	38	0	3	57	100	953	0	461	49	12	2	0	0	0	
3	7	9	14	16	23	24	25	32	38	0	4	5	12	15	20	22	33	34	35	0	0	47	411	53	0	123	2	3	0	1	0	0	
3	4	6	8	14	17	23	25	27	37	0	2	9	15	20	22	26	29	30	35	3	1	54	80	0	24520	31624	808	32	1	0	0	0	
2	5	8	9	16	19	24	27	37	39	3	4	10	11	17	20	26	28	36	38	3	2	57	54	0	79	0	3	0	6	1	0	0	
2	5	8	10	12	15	19	23	31	36	1	6	9	11	20	26	27	37	38	39	0	3	52	204	844	0	28246	197	5	0	0	0	0	
1	2	5	14	16	17	19	25	26	36	6	18	22	24	28	30	31	33	37	39	3	0	68	480	4067	4543	0	59	0	0	1	0	0	
6	8	11	16	19	22	24	27	34	37	0	5	10	12	23	25	28	29	31	38	1	1	59	58	0	109	0	3	56	1	1	0	0	
1	4	9	15	20	26	30	31	34	37	5	6	8	12	13	14	17	19	24	35	2	2	24	64	0	0	311	42	18	1	0	1	0	
2	5	11	14	17	19	21	23	28	34	1	3	7	9	10	13	15	22	26	29	3	3	16	44	0	310	14460	0	12	1	1	0	0	
0	9	10	16	27	30	32	35	36	39	4	7	14	22	23	25	29	33	34	37	1	0	73	1058	5015	0	8318	85	0	2	0	0	0	
0	1	5	13	18	25	27	31	32	36	2	14	15	19	22	24	26	30	34	38	0	1	26	52	103	75	0	32	0	2	1	0	0	
6	9	10	14	15	17	23	24	26	27	0	5	7	12	18	20	21	31	37	38	1	2	70	358	8203	384	0	3	35	4	1	0	0	
4	6	8	16	20	25	28	30	36	39	1	2	5	9	10	14	15	17	21	37	0	3	85	154	2292	0	24	42	0	1	0	0	0	
4	6	13	14	15	16	24	28	32	35	3	5	11	19	22	23	26	31	33	38	2	0	22	335	0	273	46	36	0	1	0	0	0	
6	12	19	20	25	27	30	31	32	38	1	3	8	9	13	14	18	21	28	29	0	1	86	121	0	0	428	0	63	1	0	0	0	
9	10	14	26	28	29	31	32	38	39	3	4	5	6	8	11	15	17	30	37	2	2	80	119	1138	143	0	516	3	3	0	0	0	
1	5	7	11	12	13	16	22	26	31	2	6	10	15	19	28	29	33	35	38	2	3	59	0	57	20	121	0	2	3	1	0	0	
3	5	10	15	18	27	30	33	35	37	1	8	9	11	14	16	17	23	31	38	1	0	94	1043	0	568	0	4	5	1	1	0	0	
0	2	7	9	10	12	16	23	30	37	13	21	22	25	27	28	29	31	32	33	1	1	73	224	2201	0	626	1264	111	1	0	0	0	
2	6	9	13	15	17	19	33	35	37	1	8	12	14	18	22	25	31	36	38	0	2	63	241	364	3537	311	311	28	1	1	0	0	
3	4	5	9	13	24	28	30	33	34	6	11	14	15	23	26	27	31	35	39	2	3	65	0	5202	0	200	161	0	0	1	0	0	
4	12	13	14	16	20	25	28	29	36	0	1	2	9	22	23	24	26	34	39	1	0	76	342	5236	106	0	3	4	0	1	0	0	
1	4	6	8	9	12	16	22	24	34	0	3	5	11	14	19	20	32	33	39	2	1	0	100	0	495	0	358	0	2	0	0	0	
0	4	5	7	10	17	30	33	36	39	3	9	12	13	14	16	22	23	24	28	2	2	63	583	687	321	294	0	18	0	0	0	0	
6	7	11	14	20	21	25	31	33	37	1	9	13	15	19	24	29	32	34	36	1	3	66	104	56	50	97	0	34	0	1	0	0	
4	7	10	11	19	24	25	30	36	39	0	1	5	6	8	9	16	17	20	33	1	0	46	384	0	363	182	160	15	0	1	0	0	
2	14	15	19	24	26	27	32	35	39	1	3	6	10	11	18	20	21	31	37	1	1	63	89	48	0	0	435	5	3	0	0	0	
0	8	12	19	21	23	31	35	36	39	6	9	10	11	13	14	22	25	33	37	2	2	69	116	4906	45	0	42	0	1	0	0	0	
2	5	13	17	20	22	31	33	34	37	6	11	18	23	26	27	30	32	35	36	1	3	41	66	0	364	132	1270	27	3	0	0	0	
0	1	4	6	9	13	19	27	31	36	5	8	10	12	18	24	30	33	37	39	3	0	108	514	0	0	9456	594	211	10	0	0	0	
0	9	14	16	20	21	26	31	35	37	1	2	3	10	17	19	24	27	33	38	0	1	49	46	0	846	66	0	0	2	1	0	0	
0	2	5	16	17	20	24	31	36	39	1	11	12	13	21	22	23	27	29	38	1	2	48	94	0	481	327	24	3	0	1	0	0	
5	7	10	12	16	22	24	28	34	38	0	3	13	19	23	26	27	31	33	35	1	3	38	76	35	72	0	91	2	0	1	0	0	
2	4	8	10	21	22	24	26	27	36	7	9	14	17	20	23	31	33	34	37	2	0	74	990	22584	44	660	913	18	0	1	0	0	
0	2	5	15	19	20	22	23	27	30	14	18	28	29	31	32	34	35	38	39	0	1	57	116	91	128	26	64	0	10	1	0	0	
2	8	10	12	15	21	23	26	34	36	0	7	16	20	22	29	30	31	32	33	0	2	47	66	0	15	4	1	0	1	0	0	0	
2	3	7	8	12	17	22	23	27	37	9	11	13	16	18	19	30	31	33	34	2	3	45	137	0	0	155	0	5	2	0	0	0	
1	7	10	13	15	23	27	32	36	37	3	5	11	14	24	25	28	31	35	39	1	0	38	542	75	0	92	118	0	1	0	0	0	
0	1	7	13	15	19	22	23	24	27	2	3	9	30	31	33	35	36	38	39	2	1	82	184	3222	0	80	129	13	1	1	0	0	
1	2	3	5	11	20	27	29	34	38	0	8	16	17	18	21	23	24	30	31	2	2	54	106	0	0	627	407	0	5	1	0	0	
0	6	7	16	21	23	25	26	37	38	2	14	15	17	18	19	28	29	30	34	2	3	62	88	89	30	229	65	0	14	1	0	0	
1	6	8	9	12	16	18	25	27	30	5	14	17	19	23	24	26	29	33	37	1	0	102	818	189	103	146	0	94	12	0	0	0	
1	2	4	5	6	14	16	31	34	36	9	13	19	20	26	28	29	32	33	35	1	1	62	312	0	611	787	705	6	1	0	0	0	
1	5	7	9	14	20	23	31	35	37	0	2	12	17	18	25	27	30	36	38	3	2	96	72	2456	127	0	0	9	2	1	0	0	
1	6	9	13	14	15	25	26	30	35	3	5	17	18	21	23	28	33	36	37	3	3	51	50	0	241	0	83	7	0	1	0	0	
0	11	12	18	20	21	22	26	32	39	2	13	17	23	25	27	30	31	34	35	3	0	32	840	0	191	0	154	16	0	0	0	0	
1	4	18	25	27	31	32	34	37	38	8	11	13	16	20	21	23	30	33	36	1	1	22	86	0	0	54361	476	19	8	1	0	0	
0	5	7	17	18	22	24	27	35	39	1	2	11	15	19	20	21	26	28	33	2	2	93	189	57	0	5454	0	33	1	0	0	0	
2	5	19	20	25	26	28	29	32	35	1	3	7	10	12	17	23	27	30	38	3	3	64	141	0	488	553	0	99	17	1	0	0	
5	7	10	14	15	22	23	28	32	37	1	3	6	11	12	13	18	24	26	39	2	0	30	321	33	101	80	0	3	1	0	0	0	
0	15	17	18	23	24	25	28	29	33	2	8	13	19	20	26	27	32	34	39	0	1	40	356	5476	162	0	3	68	0	1	0	0	
1	3	8	12	14	20	24	27	34	37	0	4	5	7	9	11	28	30	33	35	2	2	6	131	503	0	1052	371	35	0	1	0	0	
14	15	16	19	21	24	29	34	36	37	12	13	18	20	22	23	26	28	33	38	0	3	26	1369	1223	583	552	64	3	0	1	0	0	
0	3	6	12	14	26	28	29	30	33	11	21	22	23	25	31	34	35	36	39	3	0	77	946	71	69	0	267	41	0	1	0	0	
0	15	16	19	25	26	27	29	34	35	1	3	5	9	11	12	31	32	33	37	3	1	63	140	0	437	5074	3	0	2	0	0	0	
1	2	4	5	15	20	21	28	29	34	3	6	12	16	22	23	27	30	35	36	3	2	45	0	10051	130	0	2	5	7	0	1	0	
0	12	14	16	18	21	23	27	32	37	5	7	11	17	19	22	26	28	29	33	1	3	107	200	13890	208	0	63	18	0	0	0	0	
2	3	5	6	8	14	29	30	34	38	0	1	7	9	16	17	25	36	37	39	0	0	75	1180	3995	3100	55	0	88	4	0	0	0	
0	11	13	17	20	22	26	35	36	38	6	15	16	18	24	25	29	31	32	39	2	1	79	0	73	145	164	1	0	3	0	0	0	
0	5	8	9	12	13	14	27	30	37	15	17	18	19	21	23	24	28	31	39	3	2	53	65	0	0	6927	0	0	4	1	0	0	
3	11	12	13	18	20	27	29	31	32	0	4	5	9	14	24	25	30	37	38	2	3	55	0	220	3910	0	65	9	2	1	0	0	
8	9	13	20	27	30	32	35	36	39	1	6	7	10	12	15	18	19	29	38	1	0	82	575	0	1908	2856	503	42	2	1	0	0	
0	4	7	11	14	20	24	25	31	32	8	12	13	18	19	27	29	34	36	37	2	1	55	0	0	173	1034	56	0	2	1	0	0	
0	6	13	15	25	28	29	30	35	37	7	8	9	11	19	22	23	27	38	39	2	2	107	153	651	0	2152	0	4	0	0	0	0	
2	4	15	16	17	20	24	37	38	39	6	9	10	11	19	21	30	31	32	33	1	3	87	55	0	181	1352	47	0	3	1	0	0	
0	2	3	6	8	10	18	28	33	36	1	4	9	11	12	22	23	26	32	35	2	0	47	548	11824	0	373	252	0	1	0	0	0	
4	5	13	18	22	23	27	32	33	35	1	8	10	14	15	17	20	24	34	36	1	1	46	43	0	157	4682	36	0	1	0	0	0	
0	6	7	11	16	17	24	29	30	37	3	5	8	13	14	22	27	31	33	34	0	2	57	140	33	145	77	0	36	8	0	0	0	
6	9	18	19	20	23	25	27	28	33	1	4	7	14	15	16	22	24	34	37	0	3	79	60	0	27619	1028	4	25	0	1	0	0	
3	5	7	8	12	18	23	26	28	35	0	4	10	13	15	16	21	34	37	39	1	0	56	996	47764	56	0	0	177	0	307	5	0	
0	5	11	13	16	18	24	30	34	36	1	3	4	6	9	21	28	29	33	38	0	1	72	315	145	163	391	0	6	1	1	0	0	
5	8	9	17	30	32	33	36	37	39	1	4	14	18	19	20	24	29	31	38	1	2	67	0	27840	3962	1665	182	10	3	0	0	0	
2	4	7	9	17	19	29	30	34	38	0	6	8	11	13	23	26	36	37	39	0	3	120	42	0	26254	43313	45	3	0	2	0	0	
6	8	9	10	11	16	20	21	30	36	0	4	5	14	15	19	23	26	27	28	3	0	40	470	1571	0	0	0	2	0	1	0	0	
1	3	12	17	18	24	28	34	35	39	5	6	14	16	20	23	25	26	29	30	0	1	49	69	0	66	124	0	12	1	0	0	0	
1	4	5	8	9	18	21	27	30	34	2	14	23	24	25	29	31	36	38	39	0	2	103	98	0	463	8307	2	2	0	0	0	0	
3	4	7	11	20	22	28	31	32	37	6	10	12	17	19	25	26	30	33	36	3	3	66	122	2353	0	414	184	15	3	1	0	0	
5	7	8	13	17	20	23	28	29	37	0	1	3	14	15	19	27	30	33	34	2	0	91	513	192	7233	403	0	17	2	0	0	0	
8	9	10	11	23	25	27	29	30	35	1	2	14	17	21	22	28	31	32	36	2	1	80	104	0	6542	0	96	0	2	1	0	0	
1	8	15	16	19	22	24	27	34	39	9	13	14	17	25	28	31	32	36	37	2	2	59	245	102	714	18472	0	23	0	1	0	0	
0	4	5	16	17	25	28	30	35	36	6	8	10	15	19	23	26	27	32	34	2	3	36	50	0	13834	77	53	6	0	1	0	0	
1	10	15	17	21	22	25	26	30	31	0	3	9	18	19	24	27	33	36	39	0	0	42	285	207	98	51	68	0	0	0	1	0	
0	1	4	9	11	12	16	19	24	33	5	8	14	18	21	29	30	31	34	35	2	1	57	180	59	0	237	769	4	0	1	0	0	
6	9	14	15	16	18	19	29	30	38	1	2	3	8	13	23	28	33	34	35	3	2	95	397	9366	251	0	4	5	0	0	0	0	
4	10	13	17	25	27	30	32	37	38	1	2	6	8	14	19	23	28	33	35	3	3	63	975	179	82	0	4	0	2	1	0	0	
11	14	20	21	23	31	32	33	34	36	2	3	5	7	8	13	15	30	35	38	1	0	16	396	57	205	140	0	27	4	0	0	0	
4	12	14	19	21	25	27	30	37	38	2	3	7	9	16	20	23	26	32	39	1	1	72	64	1928	60	43	0	0	2	1	0	0	
4	7	8	11	20	21	30	31	34	39	1	2	5	16	18	23	25	35	36	37	1	2	15	86	1945	0	177	75	0	1	0	0	0	
1	4	11	12	16	18	22	28	29	36	6	7	9	10	17	19	25	34	35	39	1	3	108	118	0	98	0	4	22	0	1	0	0	
0	7	14	17	19	20	24	25	29	37	5	6	12	16	18	30	31	33	35	36	0	0	51	307	8840	85	163	0	123	16	1	0	0	
0	1	8	13	17	25	31	37	38	39	3	6	15	20	23	24	27	28	34	35	0	1	21	98	2513	58	62	0	78	8	0	0	0	
0	5	10	11	15	17	28	31	33	36	1	3	4	7	8	23	24	30	34	37	1	2	20	53	0	0	30161	477	19	11	0	0	0	
3	5	12	15	16	19	22	25	33	34	0	1	2	4	9	18	20	21	27	30	0	3	53	183	90	0	0	0	9	2	0	0	0	
3	5	7	8	10	25	28	33	37	39	0	1	6	9	16	17	20	23	24	34	1	0	44	511	0	0	361	274	17	6	1	0	0	
3	6	11	19	21	31	34	35	37	38	7	9	12	14	16	18	24	25	30	33	2	1	46	202	0	0	1356	0	41	4	1	0	0	
1	4	12	18	27	29	33	35	37	38	2	6	7	10	15	20	26	28	31	39	3	2	90	73	0	193	1866	80	0	0	0	1	0	
8	13	15	16	22	23	26	30	31	32	2	3	4	7	17	21	24	36	37	38	2	3	64	0	5169	59	33	0	22	0	0	0	0	
7	15	17	22	23	27	29	31	38	39	0	13	14	16	18	20	26	30	32	36	1	0	74	419	4860	185	226	0	4	0	1	0	0	
1	10	14	19	24	27	28	31	37	39	4	6	8	9	15	18	23	25	33	36	3	1	56	107	3704	0	537	149	15	2	0	0	0	
3	4	9	15	20	21	25	33	37	39	0	1	2	10	17	18	23	24	30	31	1	2	71	168	1744	39	0	170	5	0	2	0	0	
0	3	8	12	20	22	25	27	30	31	1	2	7	13	14	18	26	28	35	39	3	3	28	0	0	0	322	492	0	5	1	1	0	
4	6	11	14	16	22	33	37	38	39	1	13	20	23	24	27	29	30	31	36	3	0	100	424	104	0	0	220	16	2	1	0	0	
0	2	4	12	13	16	20	21	26	32	1	6	11	14	22	27	28	31	38	39	0	1	5	77	77	31	98	70	0	3	0	0	0	
6	11	20	23	24	25	30	35	37	39	0	5	9	10	12	16	18	26	27	29	1	2	78	0	185	0	5282	280	18	2	1	0	0	
1	6	10	12	16	30	33	35	37	38	4	9	14	17	22	23	24	27	34	39	3	3	88	224	0	617	655	97	0	2	1	0	0	
2	3	8	10	17	18	21	27	32	38	0	4	7	9	25	26	28	29	31	39	1	0	46	468	208	117	0	3	16	0	1	1	0	
0	2	3	5	9	10	15	29	34	38	1	7	11	14	21	24	25	28	35	39	0	1	104	0	16695	0	71	0	56	3	1	0	0	
0	7	11	14	19	22	27	30	34	39	1	6	8	10	12	18	20	31	36	37	0	2	88	97	1767	152	0	334	0	0	1	0	0	
0	1	5	7	8	15	17	27	30	32	4	10	14	16	19	21	23	29	33	39	3	3	55	170	349	0	41737	0	375	4	0	0	0	
1	6	12	16	22	24	28	29	38	39	2	9	11	13	14	17	21	26	33	36	1	0	75	416	0	249	60	1	0	1	1	0	0	
4	12	19	24	25	28	29	30	31	32	1	2	11	17	18	23	27	33	35	38	0	1	51	231	4136	0	0	0	0	1	1	0	0	
2	3	4	5	14	19	20	29	30	38	1	7	11	13	22	25	31	32	37	39	0	2	73	43	0	85	0	211	52	0	1	0	0	
5	6	19	25	26	27	29	32	36	39	7	8	13	15	16	17	23	34	35	37	3	3	97	101	47	0	6785	2	3	0	1	0	0	
0	2	4	5	14	17	18	19	32	34	6	8	9	13	21	29	30	33	36	38	0	0	103	1317	61	15	234	417	43	2	1	0	0	
2	13	14	20	21	22	28	36	38	39	3	8	17	19	27	30	31	32	33	35	0	1	90	0	190	399	100	226	4	2	0	0	0	
6	8	13	14	20	21	23	28	35	37	10	12	17	18	19	30	31	32	36	38	0	2	16	0	109	0	12827	0	25	1	1	0	0	
1	2	12	14	15	20	23	25	30	35	11	13	16	18	19	22	27	28	33	39	0	3	11	0	0	373	0	233	244	1	0	0	0	
6	12	13	21	22	25	29	31	38	39	3	4	8	14	15	16	18	19	24	34	1	0	90	563	4125	0	5899	0	0	4	1	0	0	
0	5	9	14	20	22	25	30	31	37	2	7	15	16	19	23	24	26	33	35	3	1	39	0	383	479	51	0	3	0	0	0	0	
2	6	16	17	20	25	27	35	37	39	10	11	12	18	21	22	24	26	28	29	3	2	69	76	231	50284	0	4	21	0	1	0	0	
2	4	7	8	10	14	32	35	37	39	0	1	13	17	22	23	24	25	28	31	3	3	61	325	263	7092	2845	193	0	4	0	0	0	
6	7	15	19	20	28	29	35	36	38	0	12	21	22	24	25	26	27	34	39	2	0	106	578	708	180	80	0	15	0	0	0	0	
0	5	6	7	9	14	25	35	36	37	10	11	12	19	20	26	27	31	32	34	0	1	91	0	10911	4993	835	0	10	0	1	1	0	
3	4	10	15	17	21	24	33	36	37	0	2	5	13	16	22	25	26	38	39	3	2	33	0	59	48	92	70	0	4	1	0	0	
1	7	16	23	26	28	31	33	34	35	3	4	6	8	13	24	27	29	32	37	0	3	96	0	13850	407	58548	984	11	2	0	0	0	
1	6	7	15	19	20	24	32	35	38	3	5	9	10	12	16	21	23	28	36	2	0	84	404	140	51	0	4	3	0	0	0	0	
4	7	8	17	24	26	27	32	33	38	9	10	11	13	18	23	25	28	34	37	1	1	72	101	0	5510	1267	455	13	0	1	0	0	
4	6	7	12	18	23	24	34	36	39	2	3	8	10	11	13	17	20	25	38	3	2	69	0	0	121	209	0	29	12	1	1	0	
0	6	7	8	10	11	19	22	29	32	5	9	23	24	27	28	33	34	36	38	3	3	77	123	674	535	9561	0	15	0	0	0	0	
5	7	9	14	17	20	22	25	26	38	2	10	15	18	28	31	34	35	36	37	2	0	45	393	0	8780	327	6	1	0	0	0	0	
0	2	8	16	17	20	23	24	26	29	4	9	10	12	18	19	22	25	33	36	1	1	89	323	0	50579	159	2300	16	5	0	0	0	
5	10	14	15	21	22	27	29	33	38	4	13	16	18	20	24	28	30	36	39	3	2	63	106	5564	0	116	0	43	1	0	0	0	
7	8	14	15	22	26	27	28	29	37	0	1	3	5	11	16	18	21	31	39	2	3	70	104	140	2009	4513	0	29	1	0	0	0	
0	3	8	10	11	12	28	33	36	38	7	9	14	19	21	22	30	31	32	39	2	0	36	164	53	0	0	0	0	4	1	0	0	
3	7	8	13	20	23	25	28	38	39	0	4	6	9	15	18	27	32	36	37	0	1	107	50	0	23932	13	32	0	4	0	0	0	
3	4	7	12	13	26	30	32	34	37	1	6	10	15	24	27	28	29	31	35	2	2	44	89	0	0	0	380	10	2	0	0	0	
5	8	9	12	19	23	24	28	30	37	11	17	18	22	25	27	31	35	36	39	0	3	31	35	70	73	228	2	0	13	1	0	0	
2	3	11	12	15	16	28	32	34	35	5	8	18	21	22	23	31	36	38	39	1	0	92	1131	103	82	0	193	0	2	0	0	0	
1	9	11	12	13	19	21	22	31	32	3	4	5	6	7	10	16	24	28	36	1	1	75	97	0	16336	341	196	5	2	0	0	0	
1	3	7	10	13	15	32	33	34	39	5	8	9	14	17	19	23	27	31	37	3	2	102	124	845	480	2946	0	8	1	0	0	0	
5	7	12	15	21	23	30	33	34	37	3	10	11	13	17	18	19	26	28	38	2	3	40	84	102	126	0	31	0	0	1	0	0	
5	8	14	19	31	34	36	37	38	39	7	15	18	21	23	24	25	26	27	35	2	0	61	1848	15703	1431	5174	930	0	3	1	1	0	
1	6	7	10	11	14	17	26	30	37	0	2	9	19	20	22	27	29	32	34	3	1	77	0	5268	0	116	271	5	3	0	0	0	
0	8	11	24	25	28	33	34	35	36	1	2	16	17	19	29	30	31	32	38	3	2	89	326	0	324	192	368	10	1	0	1	0	
5	6	9	10	11	12	18	19	29	35	0	1	4	14	15	20	25	26	36	39	1	3	111	160	0	125	105	0	43	1	1	0	0	
5	7	11	12	14	20	21	22	31	37	2	3	4	9	24	27	28	32	33	34	3	0	61	117	0	0	138	619	0	1	0	0	0	
0	4	5	15	18	23	26	32	33	38	8	12	19	20	22	24	28	29	30	37	0	1	61	148	0	102	37	58	3	1	0	0	0	
3	6	9	13	27	30	34	37	38	39	5	14	18	19	20	24	26	32	33	36	2	2	86	241	287	10315	0	491	0	2	1	0	0	
13	19	20	26	30	33	36	37	38	39	2	3	6	10	11	14	16	31	34	35	0	3	4	659	0	3001	776	336	12	1	0	0	0	
0	5	6	12	17	18	26	27	29	38	1	7	9	10	11	14	24	31	33	36	1	0	77	378	1257	0	11939	167	7	0	1	0	0	
5	19	21	22	25	28	33	36	37	38	2	6	9	10	11	16	18	20	30	39	1	1	82	0	28135	18565	3551	305	10	1	1	0	0	
3	15	21	23	24	26	27	30	33	36	1	2	8	12	17	29	32	37	38	39	3	2	98	0	28497	226	0	579	78	7	1	0	0	
4	5	11	17	21	23	25	26	36	37	8	13	15	16	27	28	29	31	32	39	0	3	19	141	37	0	252	0	59	1	0	1	0	
3	15	16	18	23	25	26	27	28	33	1	7	8	13	17	29	31	35	36	38	3	0	35	1151	344	113	0	226	0	1	1	0	0	
2	9	14	16	19	21	24	34	36	39	0	4	6	10	17	26	27	30	33	37	2	1	59	56	0	50	0	3	20	0	1	0	0	
3	4	5	9	12	27	28	30	35	37	14	21	22	23	25	26	32	33	34	38	1	2	23	80	0	99	168	218	2	0	1	0	0	
0	7	10	11	14	15	20	32	33	37	2	4	5	8	13	16	21	35	36	38	1	3	79	0	549	0	26371	264	14	2	1	0	0	
2	4	5	11	14	18	23	24	26	38	0	13	22	25	28	30	31	32	33	39	3	0	67	268	40	0	0	200	7	1	0	0	0	
9	11	14	15	17	19	27	30	32	34	0	7	8	13	16	20	23	25	29	33	3	1	69	634	67	0	661	257	19	0	1	0	0	
0	3	8	10	11	17	19	24	28	32	12	15	22	25	26	29	33	35	36	37	3	2	57	76	0	489	13336	515	17	7	0	0	0	
3	11	14	15	18	22	23	27	29	33	0	1	5	10	19	20	26	31	36	38	2	3	79	202	0	1409	227	3	0	0	1	0	0	
2	4	7	11	13	16	24	27	32	36	0	8	9	10	20	25	26	28	31	34	0	0	59	259	0	254	34190	87	0	5	1	0	0	
0	5	8	11	12	16	25	31	35	37	1	3	14	15	19	22	23	30	36	38	1	1	20	75	47	0	75	2	0	0	0	0	0	
4	7	9	11	13	14	16	25	31	36	2	3	6	12	18	20	21	24	27	39	1	2	55	64	518	29	0	704	2	0	1	0	0	
3	9	11	13	16	17	20	29	30	38	0	2	12	18	21	23	32	33	36	37	2	3	63	89	1534	73	0	266	1	1	0	0	0	
7	11	14	19	20	23	27	28	33	38	4	9	10	18	25	30	34	35	37	39	0	0	88	1982	3387	0	100	0	7	3	0	0	0	
2	13	17	18	19	20	24	29	34	37	3	5	6	9	11	23	26	35	38	39	1	1	96	81	63	660	0	4	11	1	0	0	0	
0	6	10	15	20	22	29	32	38	39	2	7	11	12	18	24	25	27	28	36	3	2	61	31	0	424	123	0	8	3	0	0	0	
0	8	12	16	20	21	23	25	30	32	2	4	5	11	14	17	29	34	36	37	3	3	23	62	119	135	0	166	0	1	0	0	0	
2	4	8	19	20	21	22	23	35	36	5	7	10	11	12	27	29	31	33	38	3	0	51	282	2034	0	1940	347	0	0	0	0	0	
4	12	18	19	20	25	29	32	34	35	8	11	14	15	21	22	27	28	30	37	1	1	40	0	802	3711	0	4	100	2	1	0	0	
5	8	14	15	20	21	29	30	31	38	3	4	7	9	13	22	24	27	32	39	0	2	91	61	29	0	112	0	11	1	0	1	0	
1	3	4	7	11	15	16	23	29	32	6	10	14	17	19	24	25	31	33	35	1	3	53	161	0	265	419	82	0	1	0	0	0	
0	1	5	13	15	17	20	22	23	33	2	3	8	9	10	11	18	21	25	38	0	0	75	467	0	170	193	165	0	0	1	0	0	
1	2	4	10	11	13	17	25	34	38	5	6	7	8	9	12	15	18	31	35	2	1	40	0	24148	608	0	1673	14	1	6	0	0	
8	9	13	18	22	24	25	30	34	35	3	12	14	19	28	29	31	32	33	39	1	2	83	340	0	65	0	4	5	1	0	0	0	
2	12	15	17	19	21	22	29	30	36	1	4	14	18	26	28	32	33	37	38	1	3	94	111	0	0	103	0	31	1	0	2	0	
4	9	11	13	20	25	31	32	37	39	7	8	12	14	15	16	21	28	35	38	1	0	88	359	108	0	5536	0	0	4	1	1	0	
6	9	10	16	18	19	22	24	26	27	0	4	12	17	28	32	34	35	36	37	3	1	72	226	758	1008	697	439	40	0	1	0	0	
4	13	14	18	24	32	33	34	37	38	1	5	11	19	20	23	27	28	36	39	2	2	88	0	4220	6968	0	445	18	1	0	0	0	
1	4	5	6	10	11	16	31	34	36	0	3	7	9	18	22	23	25	30	38	0	3	93	345	198	188	541	3	14	2	0	0	0	
0	4	5	8	16	20	21	25	27	31	10	11	12	13	14	23	28	29	30	39	2	0	84	878	5968	69	0	984	49	4	0	0	0	
4	6	9	11	12	13	14	25	27	38	1	2	5	17	19	21	32	33	37	39	2	1	52	54	0	41847	96	0	3	1	0	0	0	
1	8	9	16	17	19	27	31	32	36	0	7	10	12	13	20	23	25	29	38	1	2	73	87	3145	0	1633	0	7	1	0	0	0	
4	9	11	18	19	22	24	27	34	37	1	16	17	23	28	29	32	33	35	38	2	3	41	69	0	24810	50359	0	20	9	1	0	0	
3	4	7	8	14	17	30	32	34	37	0	2	5	9	13	18	20	22	24	35	0	0	63	1607	216	0	497	101	0	11	0	0	0	
0	3	6	9	13	29	31	34	35	37	4	7	10	20	22	23	24	26	33	36	1	1	39	0	580	294	266	228	0	3	0	0	0	
0	2	5	9	10	12	19	30	33	36	3	4	6	11	21	23	27	32	35	38	0	2	80	242	5747	595	158	1015	63	0	1	0	0	
0	7	10	15	16	22	26	33	36	38	5	11	17	21	25	27	31	34	35	39	1	3	32	66	0	319	602	277	0	4	1	0	0	
0	1	5	9	10	15	21	26	30	34	3	6	8	12	16	25	29	33	37	38	3	0	81	539	0	226	101	0	0	2	0	0	0	
0	5	6	12	13	15	25	27	29	38	3	11	16	20	22	26	30	31	34	37	2	1	39	125	0	169	113	0	2	0	1	0	0	
5	6	12	16	18	19	25	28	31	38	4	10	11	13	14	20	21	34	35	39	2	2	72	110	0	46524	0	727	44	2	0	0	0	
7	10	19	20	22	25	27	28	29	30	1	2	3	4	11	13	23	26	31	37	3	3	67	120	0	752	368	4	254	2	1	0	0	
2	7	10	24	25	27	29	31	32	37	0	4	6	14	15	16	22	30	33	35	0	0	24	703	530	37937	0	0	56	3	1	0	0	
8	10	11	15	25	26	29	30	33	34	0	4	5	7	12	17	21	23	24	38	1	1	48	58	49	0	8096	0	0	2	0	0	0	
1	2	9	17	20	21	24	25	26	37	0	3	4	5	7	13	16	18	31	32	2	2	80	0	13250	476	31084	4	16	2	1	0	0	
5	21	23	24	25	26	30	34	36	38	1	8	10	12	20	27	29	33	35	37	2	3	47	1590	592	35818	2207	140	23	8	1	0	0	
6	9	17	23	25	26	27	28	31	39	0	13	14	15	16	22	29	32	36	38	1	0	62	753	161	81	0	5	0	1	0	0	0	
2	4	6	9	12	15	17	25	33	39	5	16	18	20	22	24	26	35	36	38	3	1	71	167	8751	414	85	0	40	2	0	0	0	
7	10	12	16	22	23	27	30	35	37	6	15	20	21	25	26	29	31	38	39	3	2	82	166	67	112	133	0	60	3	0	0	0	
4	8	13	15	18	24	26	31	34	38	1	2	3	9	14	17	19	27	37	39	3	3	79	88	34	35	0	4	7	0	0	0	0	
0	2	6	9	13	19	24	28	35	38	1	4	8	10	11	14	18	32	33	36	1	0	58	412	915	0	660	0	9	2	1	0	0	
2	3	8	10	11	12	16	17	30	36	7	13	14	15	18	21	23	28	32	35	3	1	48	68	0	0	112	766	26	4	1	0	0	
0	2	4	17	20	22	27	33	34	39	9	11	14	16	19	25	31	35	36	38	1	2	118	53	0	192	0	4	118	1	0	0	0	
7	8	10	11	12	13	20	27	34	36	0	1	6	14	16	19	25	29	30	38	3	3	63	51	0	1109	0	0	0	1	0	0	0	
3	6	18	19	22	24	27	30	36	39	0	7	9	13	20	25	28	31	34	38	1	0	74	194	0	21640	0	984	53	0	1	0	0	
0	1	8	11	12	16	21	25	30	38	2	7	10	13	20	24	27	28	31	37	1	1	35	35	0	0	49	41	0	0	1	0	0	
0	2	12	13	22	24	27	29	34	36	1	4	6	11	14	25	26	33	38	39	2	2	55	0	0	305	6892	0	9	7	0	0	0	
3	4	6	7	10	17	20	24	34	35	2	5	12	14	18	22	26	33	37	38	1	3	45	208	1161	21	0	731	99	1	1	0	0	
0	7	8	10	14	16	21	26	32	34	1	2	5	13	17	19	25	31	33	35	0	0	25	307	121	0	1671	193	14	0	0	0	0	
0	3	6	7	12	19	22	27	28	36	2	5	10	11	15	18	26	29	37	39	0	1	80	179	62	0	0	54	4	0	0	1	0	
2	4	12	16	20	22	25	29	30	32	1	6	7	17	19	26	27	35	36	38	0	2	66	80	0	589	0	175	6	0	1	0	0	
3	5	6	8	19	28	31	32	36	37	0	4	10	14	15	16	24	25	34	35	3	3	72	486	128	0	16453	3	34	4	1	0	0	
2	3	4	7	8	16	20	28	37	38	5	6	9	13	18	19	22	26	29	35	1	0	77	304	89	5685	0	4	0	1	0	0	0	
0	9	15	19	23	27	29	30	37	39	6	8	16	17	18	21	24	25	34	35	3	1	86	47	0	26	32	0	22	1	0	0	0	
6	8	15	16	20	24	26	31	36	37	0	1	5	7	14	17	19	30	32	39	2	2	39	93	39	18	94	0	2	0	0	0	0	
1	8	12	13	27	29	32	35	38	39	5	11	14	20	21	26	28	30	33	37	3	3	92	66	95	0	3924	0	83	3	0	0	0	
2	5	8	11	18	22	23	24	30	36	0	1	9	12	16	25	26	31	37	39	0	0	54	225	0	94	30	0	0	0	0	0	0	
8	9	11	13	16	17	18	24	30	39	4	7	10	19	20	22	29	32	37	38	2	1	104	305	7639	0	3862	0	23	1	0	0	0	
4	14	15	16	25	26	30	31	37	38	0	3	10	11	12	29	32	33	34	39	3	2	70	0	63	108	0	131	13	1	0	0	0	
0	1	9	11	12	14	17	21	32	38	8	10	18	20	22	26	27	31	33	35	1	3	74	0	136	116	67	1147	39	2	1	0	0	
10	13	15	16	18	23	31	35	38	39	0	5	7	14	19	20	21	24	27	34	3	0	85	959	510	246	206	294	0	2	1	0	0	
0	1	10	13	18	21	24	26	27	35	7	8	11	16	22	25	32	33	37	39	0	1	30	174	2649	33	27	0	39	0	1	0	0	
4	5	6	12	18	22	23	27	32	35	0	1	9	15	19	20	25	29	30	33	1	2	37	46	0	188	64	0	16	1	0	2	0	
0	6	8	9	10	18	23	30	36	38	3	12	15	16	17	25	26	31	37	39	1	3	81	155	0	162	543	471	18	0	1	0	0	
0	7	12	15	21	23	30	31	32	39	4	8	9	13	14	16	17	26	29	34	0	0	73	601	0	438	26	0	4	0	1	0	0	
2	7	13	16	24	26	32	34	36	37	14	15	17	19	21	22	28	30	31	33	1	1	78	95	40	67	254	0	6	0	0	0	0	
0	6	10	15	21	25	27	32	34	38	13	16	19	20	23	24	26	28	35	39	1	2	52	92	31	180	0	1197	7	1	0	0	0	
2	3	6	7	14	27	29	31	33	38	1	4	5	8	20	21	24	28	30	32	3	3	18	89	0	73486	52	0	14	0	0	0	0	
3	6	7	12	17	19	22	26	29	34	9	10	11	13	21	24	28	30	32	33	3	0	54	379	120	0	571	118	9	0	1	0	0	
2	3	5	9	22	24	28	30	34	39	6	12	14	15	17	26	27	31	32	38	3	1	62	168	118	0	529	474	22	0	1	0	0	
3	9	19	20	26	29	35	36	37	38	2	5	6	8	13	15	17	23	27	39	0	2	83	0	15997	2809	330	0	133	1	0	0	0	
2	7	11	12	15	17	21	31	37	38	3	4	13	16	18	22	25	30	32	34	0	3	79	0	120	0	463	142	21	0	1	0	0	
5	6	9	17	19	20	27	29	33	38	7	14	15	16	18	22	24	26	31	34	1	0	88	171	0	11277	0	314	3	1	0	0	0	
3	16	20	23	24	28	29	32	38	39	4	7	13	15	19	31	33	34	36	37	3	1	98	0	23092	330	220	434	3	1	0	0	0	
2	3	6	11	12	22	24	30	31	38	0	1	7	25	27	29	32	33	37	39	2	2	36	42	35	113	0	343	0	0	0	1	0	
1	4	8	15	16	19	20	24	27	38	7	9	10	12	13	14	23	29	30	32	1	3	113	71	517	48	1715	30	4	0	1	0	0	
2	3	14	15	17	18	21	28	35	36	0	1	9	13	26	29	31	33	34	38	3	0	87	736	816	0	0	998	4	0	1	0	0	
0	2	3	4	11	16	24	26	31	37	1	5	7	10	19	20	25	28	33	39	0	1	86	42	0	53	0	291	10	2	0	0	0	
0	4	6	15	17	21	26	27	30	38	1	5	7	9	11	23	24	29	34	36	0	2	82	46	64	89	66	69	0	13	1	0	0	
1	3	7	18	21	22	23	26	32	38	6	8	12	14	16	19	27	35	37	39	2	3	63	43	0	4239	0	0	6	0	1	0	0	
4	10	11	16	26	29	30	33	34	36	9	12	13	15	18	20	21	23	24	37	2	0	81	833	154	0	175	0	51	2	1	0	0	
11	13	15	18	22	23	32	37	38	39	0	2	7	17	20	25	26	30	33	35	0	1	18	150	471	2778	1038	0	0	2	0	0	0	
10	12	18	20	22	27	28	34	36	38	0	1	3	8	13	17	25	26	29	32	3	2	36	795	12441	1865	501	3	6	2	1	0	0	
2	3	6	7	14	16	17	21	28	35	4	5	8	9	13	15	19	26	27	29	3	3	58	133	0	274	62	130	0	12	1	0	0	
1	3	4	7	17	19	23	24	30	36	5	6	11	12	15	26	28	31	33	39	0	0	83	352	0	0	266	0	0	2	0	0	0	
0	2	9	10	12	13	15	27	28	31	1	8	11	17	19	33	34	35	36	39	2	1	10	98	462	419	0	3	8	0	0	0	0	
16	18	23	25	26	31	33	34	35	37	0	3	8	10	11	12	13	20	22	29	0	2	33	278	0	358	76	114	4	0	0	0	0	
1	2	6	10	19	20	25	26	32	34	4	12	15	16	22	23	24	27	30	35	0	3	13	88	19	49	0	323	3	0	0	0	0	
4	7	21	23	24	26	27	28	32	36	6	10	11	13	17	18	22	25	33	35	0	0	14	967	14480	252	251	72	69	20	1	0	0	
1	3	4	10	13	15	20	23	31	34	2	9	19	21	22	26	27	32	38	39	2	1	73	29	46	64	127	0	13	1	1	0	0	
4	5	10	11	12	26	28	31	35	38	1	2	3	7	14	19	21	22	23	25	2	2	64	65	0	138	177	2	0	1	0	0	0	
7	9	15	18	19	21	24	27	35	38	1	2	4	5	14	16	22	25	28	29	2	3	90	155	17	0	4465	253	2	0	0	0	0	
0	2	5	6	8	21	24	25	31	32	13	18	23	26	27	28	30	33	36	37	3	0	42	1391	768	1402	28064	1011	58	0	0	0	0	
3	7	8	18	20	21	33	34	35	37	4	12	13	19	24	25	27	29	32	38	3	1	87	0	99	2284	126	0	6	0	1	0	0	
2	9	12	14	15	16	22	27	35	38	1	3	8	11	19	21	23	25	26	37	2	2	79	94	81	0	120	490	10	0	0	0	0	
0	12	15	19	22	23	31	34	37	39	2	11	13	16	18	25	27	28	36	38	3	3	61	0	507	15895	0	621	34	1	1	0	0	
1	3	9	13	14	16	28	31	36	39	6	20	22	23	27	30	32	33	34	38	3	0	114	340	9304	3045	0	104	15	6	4	0	0	
1	5	7	9	16	18	20	30	31	36	2	11	12	19	25	26	32	34	37	39	1	1	58	208	132	79	0	3	21	5	1	0	0	
2	6	18	20	22	25	26	29	32	38	0	1	3	5	10	19	24	27	34	37	0	2	36	84	0	966	525	187	0	0	0	0	0	
0	6	8	15	18	19	24	30	32	33	2	3	5	13	14	16	28	35	38	39	2	3	40	70	0	114	0	106	0	2	0	0	0	
0	14	15	16	17	22	24	27	29	39	1	2	3	4	7	8	19	23	26	38	2	0	79	994	169	145	0	788	42	0	2	0	0	
0	5	7	16	20	21	22	29	31	37	1	9	11	12	13	18	24	28	30	38	0	1	83	43	0	0	271	430	0	0	1	0	0	
2	3	10	15	22	23	25	30	32	37	4	6	8	9	12	14	17	19	29	36	3	2	48	0	0	580	2689	0	12	6	1	0	0	
0	3	12	13	15	16	18	21	30	33	2	6	7	10	20	22	25	31	32	37	1	3	86	0	160	0	604	410	0	2	1	1	0	
0	11	16	17	20	26	31	33	38	39	6	13	15	19	21	22	27	29	30	34	2	0	70	479	0	411	0	169	12	1	0	0	0	
4	5	6	7	22	23	26	28	32	34	8	9	10	11	15	19	25	33	36	37	3	1	31	316	332	421	144	350	0	2	0	0	0	
3	5	20	22	24	28	30	33	35	39	0	6	7	8	10	19	21	29	31	34	1	2	64	174	0	873	6932	1198	7	2	0	0	0	
1	6	10	11	18	19	20	21	29	34	5	7	9	12	15	17	22	26	31	33	1	3	95	63	0	0	16	0	6	1	0	0	0	
1	6	10	14	19	21	25	27	29	37	0	4	9	11	16	18	22	31	33	36	1	0	76	591	64	572	0	1279	53	0	1	0	0	
3	8	10	11	17	18	30	32	33	39	5	9	20	21	22	25	26	27	35	37	1	1	80	215	0	408	14094	109	0	1	1	0	0	
2	6	8	13	15	27	28	33	34	38	3	5	10	23	24	25	26	30	32	39	3	2	32	76	49	28	77	129	0	4	0	0	0	
3	5	7	19	22	23	24	33	34	37	2	10	14	20	25	29	30	32	36	39	3	3	73	61	0	0	7486	0	5	3	1	0	0	
0	3	8	16	17	22	24	25	26	27	9	10	11	13	14	18	21	33	34	36	1	0	90	915	277	339	837	589	0	1	1	0	0	
2	3	9	11	13	14	23	24	26	36	1	4	8	10	15	18	25	31	37	39	3	1	59	57	0	0	0	95	3	0	0	0	0	
2	10	14	20	21	22	24	27	30	35	7	8	12	16	17	29	31	33	36	39	1	2	62	20	0	216	70	105	43	2	1	0	0	
1	2	9	10	16	21	23	27	28	39	3	7	8	14	20	25	29	30	36	37	3	3	71	122	0	0	0	4	99	1	0	0	0	
1	2	3	7	12	19	26	27	37	38	0	5	11	14	15	22	24	29	32	35	1	0	46	301	58	0	71	0	7	3	1	0	0	
2	8	15	18	19	24	32	35	36	39	0	7	10	13	14	17	22	26	30	38	1	1	80	65	5232	80	235	0	51	1	0	0	0	
3	7	9	12	14	18	24	31	37	38	8	10	13	16	17	21	26	30	35	36	3	2	62	109	10016	0	0	4	18	5	0	1	0	
4	7	10	16	18	27	32	34	35	38	0	5	11	14	22	24	25	30	36	37	0	3	23	0	10900	66	67	0	8	0	1	0	0	
1	6	15	16	19	23	26	30	35	36	2	3	5	13	17	18	22	29	31	37	0	0	57	457	0	282	5381	0	10	2	0	0	0	
0	8	9	12	17	20	23	24	34	35	1	4	6	11	14	16	25	28	32	36	0	1	62	41	0	384	3297	0	3	0	1	0	0	
5	6	10	19	20	22	25	26	33	37	2	7	9	16	17	21	24	27	36	38	1	2	38	184	63	0	153	0	16	0	0	0	0	
0	7	12	25	30	31	33	34	37	39	3	4	5	9	11	15	19	24	27	35	2	3	30	266	0	216	0	2	3	1	0	0	0	
1	7	9	17	19	23	24	25	29	36	5	14	15	18	20	22	26	28	30	38	3	0	67	302	0	15429	6013	0	8	1	1	1	0	
4	18	22	26	28	32	33	34	35	39	2	3	7	12	14	15	19	20	24	30	2	1	17	229	3370	0	544	340	5	3	0	1	0	
8	9	15	16	17	21	29	35	36	38	0	1	11	12	19	20	23	25	26	27	3	2	53	55	0	661	13474	483	0	9	4	0	0	
5	6	12	20	22	23	24	31	38	39	3	14	16	19	26	30	32	34	35	36	2	3	52	0	188	238	4235	4	242	4	1	0	0	
7	12	14	16	17	21	28	29	31	32	0	2	8	13	18	22	24	26	34	38	0	0	80	1086	4043	0	3610	0	42	1	1	0	0	
0	1	5	6	9	14	19	25	29	38	7	12	17	20	23	28	31	33	34	35	2	1	93	100	0	0	28692	0	6	1	0	3	0	
1	4	9	10	13	14	16	18	27	29	2	5	12	21	22	23	26	30	35	36	2	2	56	263	192	486	0	3	32	0	1	0	0	
2	14	18	19	20	28	30	31	32	38	3	5	7	10	12	21	22	23	24	29	1	3	66	23	0	15	0	3	1	0	1	0	0	
10	13	15	18	25	28	33	34	37	39	1	3	5	6	7	8	14	16	23	27	3	0	55	517	9822	175	0	2	5	1	1	1	0	
5	9	10	11	12	26	27	28	29	31	2	3	16	19	20	23	30	32	35	37	3	1	59	135	0	5361	373	734	44	4	1	0	0	
0	6	8	14	17	18	28	29	30	39	1	4	13	16	19	21	27	32	33	37	0	2	83	75	42	31	0	3	11	0	1	0	0	
0	3	8	12	24	25	27	29	34	38	2	6	9	15	16	20	21	26	35	36	1	3	47	116	4714	0	342	2	0	1	0	0	0	
0	5	14	22	26	28	32	35	36	39	2	4	9	12	15	18	20	21	24	31	1	0	42	452	0	721	200	1	10	0	1	0	0	
3	4	9	11	16	18	23	26	31	38	0	1	6	15	17	21	24	32	34	35	2	1	34	84	0	519	5001	80	0	5	1	0	0	
3	9	12	19	20	28	32	33	35	37	0	2	4	5	15	22	25	27	29	36	2	2	101	347	0	6192	0	188	4	3	1	0	0	
0	4	8	9	10	18	24	25	30	36	2	3	6	12	13	22	29	35	37	39	1	3	59	69	10780	48	0	251	2	0	0	0	0	
0	2	8	9	14	17	19	24	30	37	4	6	7	10	12	13	15	22	26	38	2	0	30	1027	57	74	0	4	0	1	0	0	0	
2	16	20	23	29	31	36	37	38	39	0	3	5	13	15	18	26	28	30	35	0	1	58	408	17720	1493	0	501	45	2	0	0	0	
1	3	4	7	14	16	18	20	25	33	2	10	26	30	31	32	35	36	38	39	0	2	21	0	117	80	1117	0	12	1	0	0	0	
0	1	4	6	7	21	22	25	28	36	5	8	9	12	17	26	27	30	37	38	1	3	38	227	116	0	36811	922	8	2	1	0	0	
8	9	10	14	15	16	24	25	33	37	2	6	7	18	19	21	22	26	27	32	1	0	74	512	40	73	145	0	98	1	0	1	0	
0	15	25	29	30	31	33	34	38	39	1	4	6	12	19	21	22	28	35	37	0	1	39	316	5717	0	210	2	8	1	1	0	0	
3	5	10	11	14	15	17	23	26	36	0	2	8	12	20	22	28	29	33	39	3	2	17	28	374	347	0	4	2	1	1	0	0	
6	7	8	10	15	18	22	26	27	32	0	17	21	28	31	33	34	35	37	38	2	3	47	249	140	58	263	0	0	1	0	0	0	
4	9	13	15	18	22	32	35	36	38	1	2	14	16	25	28	29	31	33	39	1	0	56	477	387	140	0	657	95	0	1	0	0	
0	1	2	3	4	6	16	22	33	34	11	13	14	19	20	30	35	36	37	38	1	1	40	0	5048	0	0	63	7	1	2	1	0	
2	3	6	10	23	24	31	32	38	39	5	7	9	13	21	22	25	29	35	36	1	2	59	0	0	0	219	222	2	1	0	0	0	
0	7	15	17	22	23	27	30	32	36	2	6	8	21	28	29	31	34	37	38	2	3	68	100	0	40	243	199	11	3	0	0	0	
5	7	8	13	14	18	19	21	24	39	1	2	9	12	17	20	23	26	32	37	1	0	97	196	2154	0	0	3	4	1	0	0	0	
0	19	22	23	24	25	27	28	33	34	1	5	7	9	10	16	21	32	36	38	3	1	64	239	350	0	0	623	6	2	1	0	0	
3	9	10	11	14	21	23	26	28	37	16	17	19	24	25	27	29	32	36	39	2	2	95	0	70650	816	885	707	3	0	0	0	0	
1	3	5	8	15	16	24	31	33	35	6	11	13	18	27	28	30	32	37	39	3	3	66	150	152	0	0	1603	111	4	1	0	0	
5	6	8	10	11	12	17	22	24	38	0	1	4	13	14	19	23	30	31	37	0	0	68	253	0	0	209	3	7	1	0	0	0	
2	4	6	7	12	16	17	27	29	36	0	5	8	10	15	20	21	32	33	39	1	1	62	398	7900	232	141	0	13	2	0	1	0	
4	6	15	19	21	25	27	28	31	35	2	3	5	10	13	17	20	29	36	37	0	2	38	112	429	3722	162	0	15	0	0	0	0	
0	1	3	7	9	10	12	26	28	34	5	14	15	17	20	25	33	35	37	38	2	3	57	111	0	20917	0	945	19	1	0	0	0	
3	11	12	14	17	22	26	28	34	36	0	5	8	10	15	18	24	31	35	38	0	0	31	502	3173	0	1085	543	21	2	0	0	0	
0	8	10	16	22	26	27	29	30	32	2	6	7	9	18	19	20	34	35	36	3	1	76	131	10089	55	0	240	0	8	0	0	0	
0	12	15	20	28	30	35	36	37	38	2	3	4	10	16	19	22	26	32	33	3	2	74	222	7205	5926	99	0	7	0	1	0	0	
8	11	12	16	18	20	25	34	37	38	6	9	10	13	14	26	30	32	36	39	1	3	90	0	13273	1354	265	0	31	11	1	0	0	
5	8	10	12	14	18	28	33	35	37	1	7	9	13	19	20	23	27	32	36	0	0	84	599	12	0	213	54	1	0	1	0	0	
0	3	7	11	14	16	21	26	35	36	1	5	10	12	18	23	28	31	33	34	1	1	32	51	1030	115	0	20	2	0	0	0	0	
1	6	12	16	22	26	30	31	33	37	0	7	15	18	23	28	29	32	36	39	1	2	70	85	0	185	2044	1044	0	3	0	0	0	
12	13	15	17	18	22	28	29	33	34	0	1	7	8	10	11	16	19	27	30	2	3	83	125	1731	0	0	0	11	5	1	1	0	
1	4	7	8	14	20	26	31	33	35	9	12	15	24	25	27	28	30	32	39	1	0	66	949	0	5978	0	449	14	5	1	0	0	
3	8	12	16	20	21	23	29	34	37	1	4	6	9	10	11	24	27	30	39	3	1	62	60	0	157	2218	104	3	0	1	0	0	
6	8	9	15	16	17	21	28	32	38	2	4	10	13	18	19	24	26	30	31	1	2	75	178	1634	0	119	6	0	1	0	0	0	
0	3	7	10	17	24	26	27	32	39	1	4	9	15	20	23	29	31	37	38	1	3	53	93	293	83	0	348	0	2	0	0	0	
6	9	12	21	23	25	26	32	37	39	0	8	11	13	14	19	22	27	31	36	0	0	74	1407	71	49	0	106	0	1	1	0	0	
2	8	10	14	17	21	22	32	38	39	3	5	9	11	13	18	27	28	29	30	3	1	99	28	0	283	0	322	7	0	2	0	0	
1	9	12	15	16	18	20	22	27	39	3	7	11	17	19	26	28	31	34	35	0	2	42	77	283	178	0	4	7	1	0	0	0	
0	5	18	19	25	26	27	31	34	35	4	10	13	14	15	16	28	29	37	38	0	3	70	39	0	49	0	64	1	0	1	0	0	
4	7	12	14	16	17	22	28	33	39	1	2	5	6	8	18	23	24	29	36	3	0	50	1318	0	8427	0	103	21	7	1	0	0	
0	4	6	8	11	22	24	31	36	37	2	5	7	10	18	21	23	35	38	39	0	1	80	548	162	0	246	0	5	5	0	0	0	
17	23	24	25	27	30	32	33	35	38	2	4	13	14	15	16	20	21	29	34	2	2	41	268	242	3685	0	299	62	4	1	0	0	
5	6	8	9	10	19	24	35	36	38	2	3	7	11	13	22	29	32	33	37	0	3	103	457	2835	1065	0	4	0	4	1	0	0	
1	3	16	17	21	22	23	25	27	38	7	9	12	13	14	19	29	30	34	39	3	0	99	544	0	86	0	189	6	3	1	0	0	
2	5	6	7	8	17	19	25	34	35	1	4	12	27	30	32	36	37	38	39	0	1	106	106	0	228509	659	3	15	1	0	0	0	
2	4	8	15	17	24	30	32	33	35	1	7	9	10	11	22	26	27	31	39	3	2	90	263	0	27021	0	4	56	1	1	1	0	
0	4	10	15	20	22	24	26	28	33	3	5	8	9	11	12	13	25	31	38	1	3	40	992	2344	204	0	270	83	0	1	0	0	
2	8	21	22	25	26	30	31	38	39	4	6	9	14	16	18	20	27	32	36	0	0	64	774	4758	131	0	361	13	2	1	0	0	
8	9	13	18	21	28	32	33	34	36	1	4	6	14	15	20	23	30	35	38	0	1	51	65	301	0	26964	0	4	4	1	0	0	
0	1	3	5	10	18	20	24	30	32	9	12	17	19	21	26	28	35	36	39	3	2	59	80	116	0	239	0	10	3	1	0	0	
0	1	3	4	11	12	27	29	30	32	10	13	16	21	24	28	31	36	37	38	2	3	62	162	70	34	281	0	70	0	0	0	0	
7	8	11	13	29	31	32	33	35	37	5	12	14	15	16	17	18	20	26	36	2	0	70	730	0	7672	528	2078	194	0	0	0	0	
7	17	18	22	23	24	27	31	33	36	5	9	10	11	12	21	25	28	29	30	2	1	92	0	13336	33	0	2	0	2	0	0	0	
2	7	12	19	22	23	26	29	33	39	1	3	6	11	15	27	28	30	35	36	0	2	82	66	0	22190	0	48	0	3	1	0	0	
0	1	11	14	20	21	24	29	31	36	3	4	9	10	13	22	23	30	34	37	2	3	61	0	0	195	86	0	0	2	0	0	0	
3	6	8	9	11	18	26	28	36	38	0	2	4	14	15	17	19	27	31	32	0	0	80	200	142	826	0	4	0	3	1	0	0	
4	5	8	15	21	31	33	35	36	38	6	7	12	17	18	19	20	25	27	28	0	1	74	0	18930	10306	492	187	30	3	0	0	0	
3	12	18	23	29	32	33	35	37	39	0	5	8	11	19	20	22	25	34	36	3	2	63	0	9427	352	511	2	0	2	0	0	0	
1	10	13	19	20	21	26	29	33	35	3	7	12	14	16	17	22	23	27	30	1	3	110	0	332	12357	0	244	18	6	0	0	0	
0	1	6	11	20	22	24	30	34	38	5	7	10	13	14	16	17	25	26	35	0	0	35	516	85	0	166	0	1	1	0	0	0	
1	6	7	16	19	21	25	28	31	32	0	3	8	10	11	18	20	22	27	29	2	1	90	102	85	0	0	0	5	2	0	0	0	
0	5	9	14	15	18	24	25	32	33	2	10	11	17	21	27	28	30	31	35	3	2	48	117	8337	46	0	0	0	2	0	0	0	
1	8	12	23	25	26	28	35	37	39	4	10	13	14	16	18	19	31	33	34	0	3	36	155	754	204	16244	335	0	9	0	0	0	
4	6	8	9	11	19	27	32	36	38	2	7	16	17	20	21	23	25	35	37	2	0	63	1332	20373	0	420	160	16	0	1	0	0	
0	1	5	8	12	13	14	27	33	34	2	10	11	15	18	20	30	35	38	39	2	1	4	0	0	32480	529	0	0	0	1	0	0	
4	7	12	15	19	20	23	33	36	39	0	2	3	9	10	14	25	28	32	38	3	2	78	76	93	49	0	0	14	0	1	0	0	
9	17	23	24	26	27	28	29	30	35	0	1	2	4	7	12	19	20	34	38	3	3	52	0	77323	60415	6530	1001	2	3	0	0	0	
1	6	18	24	27	30	32	34	37	38	2	3	5	8	9	11	12	17	19	25	0	0	116	657	134	0	0	4	257	0	0	0	0	
2	3	8	9	11	14	15	21	23	34	6	18	19	22	24	26	27	31	32	37	0	1	76	125	50	0	3209	1	13	1	0	0	0	
3	7	16	17	20	26	30	32	34	36	2	5	8	10	12	14	15	24	28	39	0	2	38	30	0	205	962	0	20	5	1	0	0	
0	1	2	3	15	16	18	20	26	39	4	9	13	23	25	29	30	32	33	36	0	3	115	137	698	0	8533	0	0	0	0	0	0	
6	7	18	21	23	25	33	34	35	36	1	5	15	22	27	28	30	31	37	38	2	0	47	471	39	0	0	2	380	5	1	0	0	
2	12	15	17	18	20	21	25	32	35	1	3	7	13	14	16	23	29	30	36	3	1	26	0	399	5989	75	0	55	2	1	6	0	
2	4	5	8	11	18	19	20	25	27	0	12	14	16	17	21	22	30	38	39	0	2	77	155	322	654	6196	0	16	6	1	1	0	
0	4	6	10	23	26	33	35	36	38	3	7	11	13	15	18	24	28	37	39	1	3	52	64	93	161	51	133	0	0	0	0	0	
1	6	9	10	12	14	15	17	34	36	2	3	4	8	13	16	19	20	37	38	0	0	103	2313	0	2274	442	2674	122	3	0	0	0	
1	2	18	20	26	27	30	34	37	39	0	3	4	6	10	16	24	25	28	33	2	1	43	0	7150	3352	0	188	35	2	1	0	0	
2	13	19	21	23	26	28	30	36	39	1	3	9	10	11	25	29	33	34	38	1	2	79	366	0	34762	418	90	9	2	1	0	0	
1	5	8	9	15	19	21	22	25	30	3	4	7	10	18	26	28	33	36	37	3	3	63	82	162	771	91	0	9	2	0	0	0	
2	3	8	10	11	17	19	20	29	31	1	6	9	15	16	22	23	28	37	39	3	0	47	647	977	94	0	53	10	0	0	1	0	
2	9	18	19	21	24	27	29	33	37	0	11	13	15	16	20	26	28	36	38	0	1	48	175	0	21819	15500	81	0	3	0	0	0	
4	6	8	16	20	27	32	33	36	37	2	3	5	9	18	19	22	28	34	39	0	2	78	90	1678	0	136	268	1	1	0	0	0	
0	7	9	11	12	13	16	23	24	31	1	4	14	15	18	29	30	35	36	37	2	3	47	190	45	0	51	0	0	0	0	0	0	
9	10	12	15	21	25	26	32	35	39	0	1	4	17	18	20	22	23	24	37	0	0	72	442	152	0	9365	800	14	2	1	0	0	
1	6	11	16	17	25	28	29	30	37	0	4	10	18	19	26	31	32	34	39	1	1	58	192	4816	0	91	0	3	0	0	0	0	
0	6	14	19	20	26	27	32	36	39	5	8	12	13	15	18	28	33	35	38	3	2	75	198	37	0	3384	0	20	1	0	0	0	
0	4	10	14	16	17	19	24	37	39	1	2	3	13	20	22	26	28	36	38	3	3	68	0	96518	841	14794	0	110	6	1	0	0	
1	2	8	14	16	20	21	24	28	38	3	5	7	15	18	19	26	33	34	35	0	0	82	703	0	542	5176	4	0	1	1	0	0	
7	8	10	13	15	16	18	19	37	39	1	2	9	12	14	17	28	29	31	32	0	1	118	648	31362	0	15425	4	24	1	0	0	0	
0	3	12	13	27	30	33	35	37	39	1	7	9	15	16	17	20	25	34	38	3	2	95	160	0	207	91	0	65	3	1	1	0	
0	1	6	10	24	28	30	31	33	35	4	11	15	16	19	20	23	25	32	34	2	3	47	153	0	22379	579	168	2	0	0	1	0	
6	11	12	14	19	20	21	29	36	39	2	5	8	9	10	16	23	30	31	35	1	0	77	239	3491	0	61	2	0	3	1	0	0	
9	12	14	15	18	20	26	32	37	38	1	4	6	7	16	17	24	30	33	36	1	1	78	132	200	607	0	529	104	7	1	1	0	
1	2	3	4	5	8	12	18	38	39	7	10	20	21	25	26	29	32	34	37	1	2	33	86	417	439	0	3	292	19	0	1	0	
1	4	12	22	25	26	27	29	32	35	0	7	10	16	17	30	31	37	38	39	1	3	54	167	0	526	0	221	8	0	1	2	0	
4	7	8	13	20	21	25	29	33	36	1	6	9	11	12	16	24	28	30	31	0	0	72	756	2895	0	559	196	0	2	1	0	0	
0	1	2	6	8	9	12	15	27	39	10	11	16	19	21	24	25	26	31	32	3	1	26	148	0	312	495	3	12	2	1	0	0	
0	3	14	28	31	34	35	36	37	38	2	5	10	15	16	17	20	24	27	30	2	2	44	394	14293	0	108163	5	0	2	1	0	0	
7	10	11	13	27	29	34	35	36	39	1	4	5	8	9	14	17	20	21	31	1	3	85	0	10030	1501	745	73	35	6	1	0	0	
5	9	10	12	15	21	24	26	28	38	3	8	11	16	19	23	25	35	36	37	1	0	54	690	0	26465	0	98	0	3	1	0	0	
2	5	8	12	14	19	26	29	31	37	3	4	7	10	11	17	27	28	35	39	1	1	99	89	0	40	0	3	13	0	0	1	0	
1	2	9	11	12	13	15	18	21	22	6	7	10	14	16	23	25	30	35	36	3	2	44	101	208	117	75	0	10	0	0	0	0	
2	4	6	8	10	20	26	28	35	38	5	7	13	14	15	17	21	22	23	29	0	3	95	56	0	25949	289	2	5	1	0	1	0	
0	3	4	6	13	15	33	34	37	39	2	10	18	19	21	22	23	26	32	38	0	0	44	901	300	395	117	0	5	1	1	0	0	
1	7	9	15	20	28	32	33	35	38	0	8	18	19	21	24	26	31	34	36	2	1	80	123	1539	61	0	210	6	0	1	0	0	
0	3	7	12	20	22	24	25	33	37	4	6	11	15	16	17	29	34	35	39	3	2	78	0	314	25230	1916	0	9	0	1	0	0	
1	4	11	16	18	21	30	35	37	39	3	5	6	9	10	13	15	17	20	28	1	3	96	0	192	461	29378	291	0	4	1	0	0	
2	3	8	19	20	22	23	24	25	36	1	4	7	10	12	16	27	30	33	37	2	0	88	447	13986	9006	311	388	142	2	0	0	0	
0	9	13	14	15	17	21	28	36	38	1	2	5	22	24	26	30	31	32	37	2	1	54	213	1305	48	0	4	0	1	0	0	0	
0	10	18	22	23	25	32	34	37	38	1	2	5	6	7	9	12	14	19	21	2	2	53	175	0	23007	0	0	0	3	1	0	0	
0	2	7	12	14	17	25	26	33	35	3	10	19	20	24	30	31	34	36	39	0	3	29	350	46	133	148	0	30	1	0	0	0	
1	3	9	11	15	16	19	26	29	37	4	5	6	10	21	25	27	28	32	33	3	0	24	771	106	0	310	0	121	6	2	0	0	
1	11	14	15	22	23	29	30	31	36	4	6	9	10	19	24	25	26	34	35	2	1	65	58	45	367	0	0	0	2	1	0	0	
0	1	10	12	16	19	25	27	36	38	3	4	9	15	17	24	26	34	35	37	2	2	62	0	0	90	0	3	22	12	1	0	0	
3	4	8	13	21	22	25	36	37	39	5	6	7	9	10	11	14	17	18	33	0	3	96	272	3255	148	84	0	60	3	0	0	0	
3	4	6	7	12	15	16	24	25	38	0	5	8	10	11	22	27	31	32	34	0	0	46	1418	0	513	0	3	90	1	0	1	0	
0	4	6	19	21	27	30	31	33	39	2	13	14	15	17	20	24	25	34	36	2	1	22	107	1449	174	0	4	11	1	1	0	0	
3	9	13	15	18	20	31	32	36	39	1	2	10	11	12	22	24	26	30	34	0	2	29	250	259	0	1307	3	0	2	0	0	0	
3	8	9	13	17	18	19	23	31	39	0	1	2	10	15	21	27	30	32	35	0	3	88	74	3292	15387	0	0	26	0	2	0	0	
2	5	18	19	20	21	24	27	33	36	1	6	8	12	13	16	28	29	30	31	2	0	86	497	0	1280	894	0	5	6	0	0	0	
1	3	6	8	9	10	20	23	37	38	13	15	16	17	18	28	29	31	34	39	0	1	80	40	0	266	222	2	89	0	1	0	0	
1	4	7	8	16	20	23	27	31	32	0	3	5	11	15	19	26	28	34	36	1	2	47	0	48	208	156	1418	24	0	1	0	0	
8	9	11	13	17	18	19	21	29	31	0	2	4	24	25	28	32	34	36	39	3	3	88	312	140	0	718	177	0	8	1	0	0	
4	5	6	12	19	22	24	25	26	32	1	3	9	11	27	28	30	33	37	39	1	0	67	909	127	33	0	4	8	2	0	0	0	
3	5	14	16	18	19	26	34	35	38	0	2	9	10	17	25	28	30	33	37	1	1	82	83	0	393	2989	0	154	6	0	0	0	
2	5	10	15	22	23	25	35	37	39	4	7	8	19	20	26	30	31	32	33	2	2	45	56	61	0	532	0	7	1	0	1	0	
4	5	10	14	17	21	25	28	31	34	0	1	2	8	12	13	15	24	29	32	2	3	57	116	489	264	0	1017	7	0	0	0	0	
12	13	19	20	21	22	30	32	36	37	0	1	5	6	8	17	24	25	28	31	2	0	39	662	0	0	144	138	13	3	1	0	0	
4	6	7	17	18	20	23	27	28	29	1	5	8	12	13	21	22	24	26	30	2	1	90	89	0	60549	11173	0	9	2	0	0	0	
4	21	22	28	32	33	34	36	38	39	0	2	12	13	14	17	23	25	27	29	3	2	110	236	97	0	148	85	76	1	0	0	0	
2	11	17	18	22	24	34	37	38	39	4	6	8	9	12	13	15	16	28	33	0	3	113	0	632	460	75	0	76	1	0	0	0	
0	1	5	13	14	25	26	28	29	31	6	7	8	9	15	20	24	27	34	36	3	0	27	783	0	0	249	0	30	2	1	1	0	
0	13	17	19	23	31	32	35	36	39	2	8	11	15	22	26	27	30	33	34	1	1	45	265	4846	0	724	846	25	11	0	0	0	
4	11	14	15	17	22	26	29	35	36	1	5	7	13	18	20	21	25	33	37	1	2	78	0	7086	0	346	1	23	12	1	0	0	
2	19	23	25	26	27	29	32	35	36	1	5	6	7	8	11	14	18	34	38	1	3	34	492	0	40135	2757	1	16	3	0	0	0	
0	2	3	5	12	13	21	22	31	37	9	10	14	15	19	23	24	25	28	29	2	0	100	308	0	51	551	0	10	3	1	0	0	
2	7	11	14	16	20	21	28	34	37	3	6	10	12	17	22	23	24	29	36	1	1	61	34	46	0	203	167	16	0	1	0	0	
14	19	26	30	31	32	34	35	36	39	4	6	7	9	11	18	23	29	37	38	1	2	74	0	26092	367	6303	796	1	1	2	0	0	
2	3	7	10	16	17	18	25	30	37	9	20	22	27	28	29	33	34	35	39	3	3	82	0	8639	213	356	0	0	0	2	0	0	
1	6	16	21	24	29	31	32	37	38	0	4	5	7	11	12	18	26	28	30	0	0	46	523	0	15025	118	389	24	2	0	0	0	
3	7	9	16	20	22	24	27	33	34	6	11	13	14	15	26	30	31	37	38	0	1	35	0	179	848	0	370	68	0	1	0	0	
1	2	3	12	18	20	21	25	34	39	5	10	11	14	19	29	31	33	35	36	0	2	69	115	56	0	4011	0	0	0	1	0	0	
1	3	8	12	14	15	17	19	33	35	0	4	6	16	21	22	24	27	28	31	3	3	39	222	15417	4114	811	973	2	0	1	0	0	
7	13	19	21	22	24	31	32	33	38	1	2	3	6	8	16	18	26	30	34	1	0	33	456	80	0	4825	36	0	3	0	1	0	
7	8	9	16	17	18	27	33	34	38	1	4	10	15	19	22	23	29	30	31	1	1	106	0	5847	994	0	3	7	0	0	0	0	
3	14	15	18	19	22	23	26	32	37	0	2	8	13	20	25	28	31	33	35	3	2	43	167	0	0	242	402	11	0	0	0	0	
1	9	12	15	16	25	29	34	38	39	7	10	18	19	21	22	24	27	35	36	3	3	84	91	42	0	1733	3	1	0	1	1	0	
1	7	8	10	19	21	27	29	35	38	4	11	12	14	16	18	23	25	33	34	3	0	53	447	196	0	771	0	22	1	0	0	0	
0	8	13	16	19	24	29	31	35	39	1	4	5	10	17	21	26	27	28	38	2	1	85	112	22	167	0	914	4	2	1	0	0	
4	5	11	14	15	17	21	23	29	35	0	2	3	6	8	16	18	28	36	39	3	2	35	115	0	267	127	0	31	1	0	0	0	
0	1	13	17	19	20	27	31	34	39	3	8	9	15	18	21	25	32	37	38	3	3	88	34	0	431	0	251	0	0	1	0	0	
0	2	10	17	18	24	26	32	35	37	3	6	7	8	12	22	23	25	30	36	2	0	0	460	0	26	69	0	4	0	1	0	0	
9	11	15	18	21	23	29	30	34	36	2	3	14	16	17	19	22	26	35	37	1	1	72	99	124	0	21708	5	7	2	1	0	0	
2	7	8	15	23	29	30	31	32	37	0	3	9	13	20	24	26	27	34	39	2	2	69	192	140	191	412	0	317	4	1	1	0	
3	6	7	11	13	14	16	20	23	26	2	10	15	17	28	32	33	34	35	36	3	3	49	183	32	0	806	140	6	2	0	0	0	
5	6	11	14	20	28	32	33	34	37	1	7	10	17	18	19	21	24	29	35	1	0	73	163	0	88	143	249	14	0	1	0	0	
0	10	11	13	15	18	21	32	33	34	1	3	7	9	16	17	19	20	24	31	0	1	42	0	166	8032	0	606	36	4	1	0	0	
6	7	14	19	25	27	30	33	36	38	1	11	16	20	21	22	24	31	34	35	1	2	23	87	49	0	5526	38	0	7	1	0	0	
3	8	10	13	17	20	22	37	38	39	5	14	18	21	23	24	26	30	33	34	0	3	29	168	29	0	193	4	22	2	1	0	0	
4	8	10	15	20	21	24	25	32	35	0	3	12	13	14	17	22	23	27	36	3	0	23	432	0	199	0	11	0	1	0	0	0	
1	2	4	5	7	9	19	26	31	33	6	10	13	14	17	23	24	27	30	38	0	1	99	366	0	27660	0	0	233	3	1	0	0	
6	9	10	14	19	24	25	26	31	35	0	4	12	13	20	28	29	32	36	38	0	2	78	116	59	0	70	0	12	6	1	3	0	
6	9	12	21	23	25	29	36	37	39	3	8	10	13	15	24	27	28	33	35	1	3	51	217	1476	0	0	282	23	2	0	0	0	
0	8	14	18	22	27	28	30	34	35	2	3	6	10	11	13	15	23	26	36	0	0	55	619	2112	0	368	81	0	2	0	0	0	
0	3	9	13	23	25	27	32	37	38	6	7	8	12	20	22	24	26	30	34	2	1	94	0	1015	82636	0	1425	10	1	0	0	0	
6	15	18	19	20	25	28	32	36	39	0	1	2	5	7	9	22	27	30	34	0	2	88	81	3830	0	3108	135	23	2	1	0	0	
0	2	4	12	17	20	22	29	34	37	3	9	15	19	21	25	26	32	33	39	3	3	81	61	2658	0	98	0	22	0	1	0	0	
0	1	6	8	13	14	17	19	24	35	2	5	12	18	20	21	22	31	36	37	3	0	28	1019	3087	0	201	483	0	2	0	0	0	
1	2	6	10	13	24	29	30	38	39	3	7	14	15	16	26	27	31	32	35	2	1	21	69	0	104	0	193	0	2	0	0	0	
2	5	9	13	17	18	21	24	25	37	3	6	8	12	15	22	26	28	31	33	2	2	54	75	0	8445	3246	0	6	1	0	0	0	
3	6	15	20	21	23	24	28	32	33	9	10	12	13	14	16	18	22	27	29	0	3	44	0	0	412	9191	129	0	0	1	0	0	
