Mode: 21 #Games: 1000
p0_0	p0_1	p0_2	p0_3	p0_4	p0_5	p0_6	p0_7	p0_8	p0_9	p2_0	p2_1	p2_2	p2_3	p2_4	p2_5	p2_6	p2_7	p2_8	p2_9	trump	first	fp	t_t0	t_t1	t_t2	t_t3	t_t4	t_t5	t_t6	t_t7	t_t8	t_t9
4	5	7	8	9	11	20	22	26	30	0	6	17	18	23	24	25	31	32	39	0	0	47	86	505	159	541	0	19	1	0	0	0	
1	6	7	8	12	16	19	22	32	39	0	4	9	11	20	23	33	35	37	38	3	1	62	6	201	1051	0	15	0	1	0	0	0	
0	5	7	14	15	17	25	28	29	30	3	8	10	11	12	19	24	31	36	37	2	2	77	27	14	0	31	14	2	2	7	0	0	
0	1	3	8	9	10	24	30	33	36	2	4	5	6	11	15	31	35	37	39	3	3	30	90	1348	0	57	0	0	5	0	0	0	
2	5	9	10	25	27	29	30	31	36	7	15	16	20	21	23	28	33	34	35	2	0	57	16	7	187	0	0	0	0	0	0	0	
3	4	12	16	17	20	22	29	32	35	0	2	5	6	7	8	9	10	26	33	3	1	24	1	0	6	0	0	0	1	0	0	0	
1	5	7	20	21	22	24	26	31	37	2	6	11	12	15	16	17	23	30	33	2	2	38	0	36	34	15	11	0	6	0	0	0	
1	16	24	25	26	29	30	32	36	39	6	7	8	17	18	20	22	23	27	33	1	3	45	4	690	26	0	35	10	12	0	0	0	
5	14	16	17	23	24	26	34	35	37	0	2	8	9	10	21	28	31	33	38	3	0	48	39	13	6	11	0	0	2	0	0	0	
3	4	5	9	11	15	20	26	36	38	2	16	18	19	23	25	30	32	34	39	1	1	67	1	0	13	5	0	1	1	0	0	0	
0	9	12	15	18	21	22	25	32	33	1	10	17	19	20	27	28	29	31	39	1	2	95	6	59	0	459	0	16	0	0	0	0	
11	14	17	23	24	25	29	30	31	39	3	5	15	20	21	32	33	35	36	38	3	3	77	42	51	38	21	0	14	5	0	0	0	
1	6	11	20	23	24	28	30	36	39	2	3	5	12	17	18	25	26	27	37	2	0	86	73	25	0	9	29	11	0	0	0	0	
1	8	15	17	24	28	29	35	37	39	5	9	16	20	21	22	26	27	32	34	1	1	45	3	13	0	13	0	18	1	0	0	0	
4	8	10	13	16	23	25	29	32	35	0	2	5	6	7	17	22	24	26	39	3	2	42	2	5	13	10	0	8	0	0	0	0	
6	13	20	21	22	23	24	27	29	32	5	7	9	11	15	16	18	26	33	38	3	3	58	0	6	3	150	0	0	0	0	0	0	
5	6	7	8	11	16	25	29	30	39	1	3	4	9	17	19	23	24	32	36	2	0	74	120	7	0	3	0	29	1	0	0	0	
1	3	7	10	11	17	19	20	26	33	5	8	9	18	27	29	31	32	34	36	2	1	62	23	18	5	0	0	16	0	0	0	0	
0	2	10	12	14	15	18	22	33	38	1	4	5	6	21	27	28	29	30	34	0	2	49	0	38	869	0	48	22	3	0	0	0	
5	11	12	18	19	21	23	25	28	30	7	10	13	14	15	22	27	32	34	36	3	3	17	0	11	27	23	0	0	0	0	0	0	
0	3	5	11	20	21	23	25	31	32	2	4	7	13	15	26	28	34	36	39	3	0	37	26	2	0	15	3	0	0	0	0	0	
1	4	9	13	17	23	30	31	32	35	0	2	3	11	12	14	15	33	34	36	0	1	42	0	40	1882	30	0	2	0	0	0	0	
0	1	5	17	18	24	26	27	34	39	2	8	9	12	13	14	22	23	33	36	0	2	48	0	1	0	1	0	1	0	0	0	0	
0	1	5	17	18	24	26	27	34	39	2	8	9	12	13	14	22	23	33	36	3	3	57	0	2	0	1	2	0	0	0	0	0	
0	6	12	20	25	26	27	32	33	39	3	5	7	9	10	14	21	24	30	34	1	0	24	29	0	18	6	2	0	0	0	0	0	
1	3	14	16	24	25	26	31	35	39	5	9	11	12	15	17	19	29	33	34	1	1	73	35	8	3	4	4	0	0	0	0	0	
1	3	4	16	19	20	25	30	34	37	6	7	9	12	14	15	26	28	29	38	1	2	82	6	0	592	51	0	2	0	0	0	0	
4	10	14	18	19	20	23	34	37	39	1	6	16	22	27	28	29	30	32	38	1	3	118	0	667	0	2	0	21	0	0	0	0	
1	2	6	7	15	20	29	32	34	39	0	5	8	11	12	19	21	24	25	28	0	0	98	81	241	16	0	25	2	0	0	0	0	
6	10	15	16	20	25	29	31	35	39	3	5	7	13	14	19	23	28	36	38	2	1	114	4	9	0	758	13	1	0	0	0	0	
0	3	9	10	12	14	15	23	26	29	1	4	7	8	11	19	20	27	32	33	1	2	41	63	58	40	1	9	27	1	0	0	0	
0	3	8	11	16	22	23	31	35	38	1	4	7	10	12	24	26	28	37	39	3	3	40	0	11	4	5	4	0	0	0	0	0	
0	8	9	14	15	16	20	26	33	38	2	4	19	21	22	23	25	30	35	37	3	0	63	15	22	0	18	21	0	9	0	0	0	
3	4	10	11	13	19	32	34	36	39	7	8	18	22	23	24	27	28	29	30	1	1	87	0	0	107	151	0	87	0	0	0	0	
4	5	11	12	13	21	28	29	30	34	7	8	9	15	16	25	32	33	36	39	2	2	50	2	0	0	0	3	0	1	0	0	0	
4	5	11	12	13	21	28	29	30	34	7	8	9	15	16	25	32	33	36	39	1	3	80	0	0	0	8	0	14	0	0	0	0	
0	3	5	6	7	28	31	32	36	38	1	2	8	9	11	12	18	20	23	26	1	0	7	80	0	4	12	45	11	0	0	0	0	
2	4	6	15	17	18	19	20	22	39	3	7	8	13	28	31	32	33	34	37	3	1	107	4	8	41	76	0	12	0	0	0	0	
2	10	11	18	22	23	25	29	30	39	1	9	15	16	19	21	24	35	36	38	1	2	98	33	43	11	0	43	178	0	0	0	0	
2	4	6	7	13	18	21	25	33	36	0	1	5	10	12	15	24	30	35	37	2	3	3	4	36	0	6	3	8	0	0	0	0	
0	1	6	11	12	14	17	20	37	39	4	5	7	10	18	19	21	23	25	30	3	0	42	23	2	1	0	11	6	0	0	0	0	
3	7	10	13	14	17	22	23	28	34	1	4	8	9	18	25	26	29	31	32	2	1	71	7	21	0	80	0	2	1	0	0	0	
3	7	8	12	17	18	20	23	27	35	0	9	14	15	25	31	33	34	36	37	3	2	66	0	158	105	15	0	1	0	0	0	0	
2	3	6	7	8	13	16	21	30	34	0	11	15	25	27	32	33	36	37	38	3	3	86	0	49	24	18	95	37	0	0	0	0	
0	7	14	16	17	18	22	23	30	37	3	4	5	10	15	21	25	31	35	38	3	0	16	21	90	5	5	1	0	0	0	0	0	
1	10	17	19	30	32	33	35	37	38	0	7	11	13	14	18	22	23	24	31	2	1	35	132	74	8	6	72	46	1	0	0	0	
0	2	10	13	20	22	25	28	29	37	1	5	7	8	18	24	27	33	35	39	0	2	102	19	0	12	46	15	11	0	0	0	0	
3	5	7	11	14	21	23	27	30	34	2	4	8	10	19	25	32	33	35	38	2	3	55	6	11	15	34	3	0	0	0	0	0	
0	7	12	16	23	25	29	36	37	39	3	4	6	10	14	17	19	22	26	28	0	0	95	40	0	12	1696	0	5	0	0	0	0	
3	4	10	11	14	15	22	24	28	38	2	6	9	18	19	23	27	34	36	39	0	1	92	0	669	415	0	0	12	0	0	0	0	
6	12	13	14	16	17	27	35	37	39	4	7	19	20	23	24	29	31	32	36	1	2	49	0	1383	12	11	0	12	3	0	0	0	
0	1	3	9	10	19	28	30	34	38	4	7	11	17	21	29	31	32	33	39	0	3	99	0	375	516	4	0	59	0	0	0	0	
1	3	6	21	22	23	30	37	38	39	4	8	11	13	24	25	31	33	35	36	3	0	75	6	9	37	0	0	7	0	0	0	0	
1	2	7	8	10	11	14	18	25	34	0	3	9	19	21	26	27	31	35	39	2	1	78	0	5077	33	0	171	15	0	0	0	0	
7	11	17	18	19	20	21	25	29	34	6	9	10	12	13	23	24	37	38	39	3	2	108	38	288	40	0	0	33	1	0	0	0	
4	6	9	16	17	22	31	33	37	39	0	2	3	11	12	14	18	19	29	38	0	3	103	0	7	0	44	0	0	3	0	0	0	
6	7	11	12	20	22	25	31	33	37	8	10	13	14	15	18	19	30	32	34	0	0	4	44	0	23	0	0	1	0	0	0	0	
1	3	9	11	15	17	23	26	34	36	0	6	12	20	21	24	25	33	35	39	2	1	59	6	0	38	3	8	1	0	0	0	0	
6	7	10	13	22	33	34	37	38	39	15	19	21	25	26	27	29	31	35	36	1	2	48	0	124	2946	0	71	95	11	0	0	0	
0	6	7	12	15	18	20	22	37	38	3	4	13	16	21	24	25	32	33	35	0	3	37	0	10	0	265	0	1	0	0	0	0	
1	4	5	8	12	18	24	35	36	37	6	14	15	17	23	26	29	30	31	38	1	0	29	60	0	364	157	19	0	0	0	1	0	
8	11	14	17	21	24	26	33	37	38	0	3	10	12	19	20	23	27	28	35	2	1	68	9	13	12	0	0	13	0	0	0	0	
7	11	15	19	20	21	26	27	30	35	0	3	4	8	13	16	17	22	28	34	1	2	40	15	7	0	404	15	5	0	0	0	0	
1	5	7	10	12	13	14	17	25	38	0	2	3	8	20	23	24	27	29	35	3	3	43	0	5585	6	2	10	7	0	0	0	0	
4	5	9	13	18	23	29	35	36	38	2	12	14	16	20	24	26	28	37	39	0	0	76	16	109	16	0	0	1	1	0	0	0	
5	8	10	14	15	17	19	21	22	39	0	9	16	20	24	28	29	30	31	34	3	1	53	7	0	0	0	53	0	0	0	0	0	
1	3	5	8	11	20	23	25	27	31	2	4	6	7	10	19	29	33	36	37	0	2	98	0	50	33	0	149	34	0	0	0	0	
0	4	5	8	9	11	17	25	30	34	3	10	19	20	23	24	27	28	36	37	2	3	107	2	0	554	0	80	3	0	0	0	0	
0	13	20	23	26	31	32	36	37	38	3	7	9	14	15	16	17	19	21	27	2	0	46	129	68	3	40	55	11	0	0	0	0	
1	6	15	17	23	24	29	30	31	33	0	2	4	11	16	18	22	27	32	39	3	1	67	22	26	0	0	0	3	2	0	0	0	
8	9	10	12	14	22	28	29	32	38	0	1	3	17	19	20	27	30	31	35	2	2	99	0	0	135	0	0	1	0	0	0	0	
9	11	12	13	19	21	24	29	30	39	2	4	14	23	28	31	32	34	36	38	3	3	96	0	308	285	217	645	0	8	0	0	0	
1	4	5	9	13	14	17	19	20	26	6	11	16	23	27	28	32	34	35	39	3	0	64	102	206	19	45	34	10	0	0	0	0	
0	1	4	9	10	12	14	23	25	28	2	3	16	19	20	22	24	29	33	39	3	1	51	52	12	53	36	10	0	4	0	0	0	
2	6	17	19	22	31	32	35	38	39	1	3	5	7	11	18	23	24	29	30	0	2	44	12	0	1659	0	1	23	3	0	0	0	
11	12	16	18	26	30	31	32	33	35	5	6	8	10	13	14	21	23	27	37	3	3	49	23	20	34	0	0	1	1	0	0	0	
1	7	13	15	18	24	25	26	30	38	6	10	11	12	14	16	19	22	29	34	3	0	26	40	2	70	3	0	2	0	0	0	0	
1	13	23	25	26	28	32	34	35	39	0	2	3	6	7	12	17	21	29	37	0	1	84	6	11	0	62	0	5	0	0	0	0	
0	1	13	16	17	18	21	23	32	34	4	8	10	11	14	26	27	30	36	38	3	2	54	9	3	3	0	4	0	1	0	0	0	
3	9	10	11	15	17	23	33	36	37	2	7	8	18	28	30	31	34	38	39	0	3	78	6	0	16273	51	65	0	4	0	0	0	
1	3	10	12	17	22	28	33	34	39	6	8	9	13	14	20	21	24	29	37	1	0	80	21	0	2	5	0	1	0	0	0	0	
1	9	14	19	20	21	25	27	35	38	4	10	13	16	18	26	30	31	32	39	2	1	86	25	7	0	152	0	0	1	0	0	0	
1	3	8	10	14	16	19	30	32	33	4	5	11	12	15	26	34	36	37	39	1	2	80	3	13	0	10	0	0	0	0	0	0	
4	15	16	18	19	25	26	27	30	36	0	7	13	20	22	23	24	28	29	39	1	3	73	7	266	17	0	31	20	0	0	0	0	
2	4	6	12	13	20	23	26	35	39	1	3	7	8	11	15	18	21	25	30	0	0	33	16	0	10	8	8	6	0	0	0	0	
6	14	15	17	21	22	26	34	36	37	0	2	3	4	10	11	23	28	32	33	1	1	17	0	25	1412	0	4	0	0	0	0	0	
0	4	7	10	14	21	31	34	35	39	2	3	11	20	22	23	24	26	30	38	1	2	6	7	0	0	46	13	0	2	0	0	0	
0	3	4	6	7	11	25	30	31	33	13	14	15	17	18	20	22	27	28	34	3	3	12	0	16	79	0	0	24	0	0	0	0	
2	10	11	13	14	16	20	22	23	35	3	4	5	15	18	19	30	34	37	39	0	0	30	7	3	6	3	159	5	0	0	0	0	
4	16	20	23	25	28	29	32	33	38	3	8	13	18	21	22	24	27	30	37	3	1	73	0	1986	298	15	10	8	0	0	0	0	
1	11	18	23	24	32	34	36	38	39	2	5	6	8	10	15	20	21	26	31	2	2	16	21	4815	50	0	53	0	0	0	0	0	
1	6	7	10	26	28	29	31	34	37	3	4	5	8	16	23	27	35	38	39	3	3	60	8	16	0	118	2	2	0	0	0	0	
0	4	8	10	12	13	19	22	26	37	2	11	15	16	20	24	25	28	31	36	0	0	49	25	2	0	309	1	0	0	0	0	0	
0	7	8	12	13	18	23	30	37	38	1	4	5	6	15	20	21	24	26	36	0	1	70	29	9	12	16	0	2	0	0	0	0	
3	6	11	12	13	18	24	26	29	34	1	5	9	15	19	28	30	31	33	38	3	2	53	0	15	2	52	34	2	0	0	0	0	
3	15	18	19	28	29	30	32	37	39	4	5	8	9	11	13	24	25	27	36	1	3	78	10	0	309	337	22	0	0	0	0	0	
3	5	12	14	23	27	28	29	30	33	1	7	8	10	19	21	26	32	38	39	3	0	84	38	0	1	0	36	0	2	0	0	0	
0	8	9	18	27	29	30	34	36	39	4	5	12	13	16	17	22	32	37	38	1	1	100	1	0	2199	974	50	0	0	0	0	0	
7	8	9	14	19	23	26	28	31	32	2	5	12	16	17	21	24	27	37	38	1	2	72	4	0	148	315	0	6	0	0	0	0	
2	4	6	7	9	14	20	30	34	39	5	10	19	25	26	27	29	32	33	35	1	3	39	0	67	0	92	73	37	0	0	0	0	
3	5	6	7	10	12	14	16	29	39	1	4	11	19	20	21	22	24	31	37	0	0	92	187	11	15	18	622	0	11	0	0	0	
8	9	10	11	22	25	32	34	36	37	6	13	15	20	28	29	31	33	38	39	3	1	118	9	3	0	96	20	3	0	0	0	0	
0	2	4	6	12	21	24	34	35	37	5	8	13	18	19	22	27	28	31	32	2	2	49	0	23	17	4	12	1	0	0	0	0	
3	6	9	12	15	16	19	21	36	39	7	8	14	24	25	29	32	34	35	38	1	3	69	3	0	865	0	6	3	0	0	0	0	
1	8	11	14	15	17	18	21	27	39	0	2	4	5	7	9	23	33	36	38	2	0	72	75	0	45228	0	129	2	0	0	0	0	
0	1	3	8	21	22	26	27	36	39	6	7	9	15	19	20	25	29	31	37	3	1	80	96	20	8	36	0	18	0	0	0	0	
3	7	17	20	21	24	28	29	31	34	4	5	9	14	15	18	19	22	25	32	2	2	47	0	1949	0	83	0	25	1	0	0	0	
0	3	4	17	18	28	31	34	37	39	6	7	19	20	21	22	24	27	32	36	3	3	77	6	0	1	0	0	2	0	0	0	0	
1	4	10	16	18	19	20	28	31	33	3	6	8	9	12	25	29	32	34	35	3	0	86	32	0	41	58	0	0	0	0	0	0	
9	10	14	23	27	30	31	37	38	39	2	8	13	19	20	22	28	32	33	34	3	1	82	25	0	6	12	0	40	1	0	0	0	
4	6	13	15	17	20	26	35	36	37	2	5	16	18	23	28	29	30	33	34	1	2	46	1	0	57	0	14	5	0	0	5	0	
0	2	3	4	7	9	14	18	33	36	1	6	12	17	23	24	26	28	30	32	1	3	14	27	0	3586	20	118	16	2	0	0	0	
1	3	5	9	17	24	28	33	34	36	4	7	8	11	21	23	25	32	37	39	2	0	50	26	38	0	2030	12	2	0	0	0	0	
1	3	9	17	18	23	26	32	33	38	0	4	7	10	12	16	29	31	34	35	3	1	34	9	9	0	1	3	0	0	0	0	0	
1	4	9	17	21	24	33	34	37	38	2	5	7	8	12	18	20	22	30	31	0	2	54	3	10	0	423	0	0	0	0	0	0	
0	3	6	7	13	18	20	21	23	31	1	2	4	14	19	27	29	34	35	37	2	3	60	11	6	3	0	0	11	0	0	0	0	
0	9	13	15	18	21	22	25	30	31	1	3	5	6	10	16	32	36	38	39	1	0	77	24	5	0	28	14	0	0	0	0	0	
0	5	6	9	11	12	18	23	25	30	14	15	17	21	22	24	26	31	35	38	1	1	56	7	32	3	0	0	0	1	0	0	0	
4	17	19	23	27	29	31	32	33	37	10	13	14	15	21	22	24	25	30	35	3	2	19	4	6	0	30	158	2	0	0	0	0	
0	7	14	18	19	23	24	30	35	37	3	4	5	13	15	21	22	28	31	34	3	3	46	11	1	0	4	0	0	0	0	0	0	
6	7	8	9	10	14	25	29	32	37	4	5	13	15	21	23	24	27	28	31	0	0	30	29	154	180	0	0	0	2	0	0	0	
0	1	7	9	10	13	21	23	25	37	5	6	12	16	17	18	19	22	26	27	1	1	45	7	0	76	0	64	1	0	0	0	0	
0	3	13	18	19	21	29	30	34	36	2	4	7	8	15	16	25	31	37	39	1	2	102	1	6	0	3	2	0	0	0	0	0	
5	9	12	13	19	20	26	28	31	39	6	10	17	21	22	27	29	35	36	38	0	3	75	1	0	4	11	0	36	1	0	0	0	
0	1	6	19	20	22	24	25	35	39	7	13	14	15	17	21	23	26	28	30	3	0	27	7	6	8	0	0	0	0	0	0	0	
4	6	7	8	19	20	22	25	35	38	0	1	2	9	13	14	17	28	32	33	3	1	73	3	0	493	8	1	0	0	0	0	0	
6	13	20	26	27	31	35	36	37	39	3	4	5	7	14	17	19	28	33	34	0	2	62	4	0	0	30	0	43	0	0	0	0	
4	6	16	20	22	27	28	29	34	37	5	7	8	9	10	11	17	18	23	36	0	3	74	20	23	11	0	0	42	6	0	0	0	
5	12	22	24	27	30	31	35	38	39	1	4	6	7	9	15	23	29	36	37	0	0	115	95	0	452	115	0	9	0	0	0	0	
1	4	6	15	16	18	20	32	36	39	7	12	14	24	25	27	28	30	33	37	0	1	35	40	9	233	4	0	12	1	0	0	0	
0	1	6	8	22	25	32	37	38	39	2	7	9	14	15	19	20	27	29	30	1	2	65	20	186	15	29	85	4	0	0	0	0	
0	1	12	14	26	28	30	32	33	34	3	7	10	15	25	27	35	37	38	39	1	3	38	1	3	0	41	0	0	1	0	0	0	
1	16	22	23	24	30	32	34	35	36	2	4	5	8	10	17	25	27	29	33	2	0	77	16	12	0	8	0	6	2	0	0	0	
0	6	8	10	17	18	26	36	37	38	4	5	12	20	21	23	25	27	29	33	2	1	85	0	168	14	0	30	5	1	0	0	0	
7	13	14	16	17	22	25	26	27	33	2	4	8	12	18	21	28	31	37	39	2	2	63	0	939	527	138	55	0	0	0	0	0	
8	10	11	15	17	18	20	28	33	38	1	6	7	9	14	23	25	29	31	34	0	3	105	13	0	24	50	0	7	1	0	0	0	
1	3	5	15	19	20	23	26	29	31	2	9	10	11	16	18	22	27	30	37	1	0	47	8	4	2	0	0	17	0	1	0	0	
6	12	17	21	22	23	24	26	32	37	0	1	15	16	20	25	27	28	31	36	0	1	20	37	0	112	2215	10	1	0	0	0	0	
3	5	6	11	13	24	32	34	37	38	2	4	14	15	16	19	21	25	35	36	1	2	34	6	0	21	28	28	0	0	0	0	0	
8	12	14	18	21	22	31	34	35	36	0	3	6	9	10	23	27	28	32	33	2	3	66	11	2	0	813	0	0	1	0	0	0	
2	5	16	17	21	31	32	35	36	39	0	1	3	4	9	12	18	19	25	37	1	0	68	78	0	1	0	132	1	0	0	0	0	
4	8	9	11	14	19	21	22	25	34	10	13	16	18	20	24	26	30	37	38	2	1	36	22	10	11	0	69	0	0	0	0	0	
4	6	8	10	13	15	24	25	32	33	0	14	18	27	28	34	35	36	37	39	2	2	43	9	4	2	1	5	0	0	0	0	0	
4	5	16	17	22	24	29	33	34	37	6	7	8	12	18	19	23	26	30	32	3	3	76	2	0	88	0	23	3	0	0	0	0	
0	3	7	9	18	19	25	29	35	38	8	10	11	14	21	23	28	31	32	33	0	0	96	5	0	0	385	11	0	1	0	0	0	
4	10	12	14	24	29	30	32	33	38	0	3	5	8	11	15	16	28	31	35	1	1	36	1	8	12	0	0	10	6	0	0	0	
1	2	5	11	14	18	26	27	28	37	4	6	7	8	15	16	22	29	33	34	2	2	63	13	5	13	3	0	0	1	0	0	0	
4	9	10	15	17	19	20	23	29	32	1	6	7	11	14	21	28	34	37	39	2	3	72	1	18	0	25	5	2	1	0	0	0	
1	5	9	12	17	26	29	30	32	34	4	6	10	15	18	21	24	31	37	39	2	0	72	38	7	0	6	9	0	3	0	0	0	
2	6	14	19	27	34	35	37	38	39	4	10	13	21	22	23	24	26	28	36	1	1	35	0	0	3	0	42	19	5	0	0	0	
2	4	11	13	16	20	21	23	26	38	1	3	6	10	18	24	29	33	35	39	3	2	57	1	0	5	4	0	99	0	0	0	0	
3	4	6	9	14	23	24	28	31	33	2	5	16	17	20	21	30	34	35	36	0	3	30	0	20	813	0	13	3	0	0	0	0	
7	9	16	18	21	24	28	31	34	39	0	2	3	10	15	17	19	20	22	37	2	0	43	31	0	2845	0	0	6	1	0	0	0	
2	7	8	11	19	25	26	28	29	35	1	4	10	18	20	23	24	27	31	33	2	1	30	9	2	227	97	0	2	1	0	0	0	
5	11	14	15	17	19	23	27	30	36	0	2	13	16	18	22	24	32	38	39	1	2	105	34	7	0	0	0	13	3	0	0	0	
11	14	18	19	20	29	30	31	33	37	2	5	7	9	12	16	23	24	26	28	1	3	120	17	40	0	0	0	0	0	0	0	0	
6	19	22	24	27	28	31	32	34	39	4	5	10	14	15	18	23	29	30	37	1	0	97	140	1862	1130	27	8	7	11	0	0	0	
9	16	22	25	26	28	34	37	38	39	1	2	10	15	18	20	24	31	33	35	1	1	38	0	8369	693	75	52	1	0	0	0	0	
0	4	7	9	19	23	24	26	29	34	1	3	8	12	15	18	27	32	35	39	2	2	91	0	2164	583	1451	29	3	0	0	0	0	
6	10	20	21	23	28	30	32	33	34	3	4	8	12	13	19	35	36	37	38	3	3	60	0	525	12	18	99	18	0	0	0	0	
7	16	21	22	27	28	32	33	38	39	3	4	8	14	20	23	26	29	34	35	3	0	87	15	478	639	19	68	3	0	0	0	0	
1	5	7	12	16	19	20	27	28	38	0	2	4	8	9	14	15	23	25	35	0	1	97	0	652	109	9	15	0	0	0	0	0	
4	6	14	15	18	23	24	28	36	37	8	11	16	20	22	26	27	31	33	35	1	2	77	9	0	18	4	0	0	0	0	0	0	
1	8	9	14	18	20	22	24	25	37	0	4	6	17	19	21	23	27	38	39	0	3	105	0	12	1863	0	1	0	1	0	0	0	
0	5	7	11	18	22	23	24	26	39	3	6	8	16	25	29	30	31	33	36	3	0	63	33	9	14	28	0	0	9	0	0	0	
2	10	16	22	23	26	29	30	34	39	0	3	5	12	14	20	25	28	32	37	0	1	35	51	8	0	52	153	10	2	0	0	0	
1	7	13	14	18	21	27	29	34	39	5	6	9	11	12	17	20	22	32	38	3	2	80	5	1	8	14	0	3	3	0	0	0	
2	7	10	11	14	18	22	27	34	37	8	16	21	23	24	25	31	32	33	39	3	3	34	40	29	0	22	22	4	0	0	0	0	
10	12	13	18	25	27	34	37	38	39	8	9	14	15	16	20	28	29	31	36	1	0	91	50	7	0	20	0	35	4	0	0	0	
4	7	9	17	20	22	26	32	35	37	10	12	18	21	24	27	28	30	31	39	0	1	57	11	51	0	78	12	0	6	0	0	0	
5	6	12	15	16	18	25	26	35	38	0	1	3	7	14	20	21	22	23	34	2	2	26	2	1	4	0	0	53	2	0	0	0	
2	3	4	6	7	8	19	21	22	24	0	1	10	13	15	17	23	29	33	35	2	3	74	0	751	76	25	4	1	0	0	0	0	
7	9	12	14	20	21	23	28	34	35	0	3	10	11	17	24	27	32	37	38	0	0	15	19	0	4153	36	0	9	0	0	0	0	
4	5	12	16	21	25	28	36	37	38	0	1	2	3	6	10	23	26	33	39	1	1	52	1	0	29	6	7	0	1	0	0	0	
0	5	6	17	22	27	28	35	36	37	1	3	7	8	14	19	20	21	24	29	2	2	91	3	108	39	7	4	0	0	0	0	0	
7	9	10	13	17	18	23	25	29	39	6	16	19	21	22	26	31	33	35	36	1	3	104	4	1	7	2	11	0	4	0	0	0	
1	2	3	4	9	12	13	14	23	33	5	7	15	18	19	20	25	28	32	39	1	0	50	43	3	0	52	0	0	0	0	0	0	
9	10	12	14	17	19	23	27	30	32	0	8	11	15	18	20	26	29	31	34	3	1	84	0	6105	14	5	1	0	1	0	0	0	
7	8	11	12	13	20	21	26	31	38	1	5	10	16	18	22	23	24	29	39	0	2	60	1	0	2022	6	26	0	0	0	0	0	
7	16	17	18	24	26	35	37	38	39	4	5	13	14	15	21	25	30	31	33	2	3	14	9	26	73	0	11	2	0	0	0	0	
1	4	7	9	19	25	27	28	36	37	0	11	15	24	29	32	33	34	38	39	3	0	120	38	0	1078	20	92	12	0	0	0	0	
2	8	11	19	21	23	32	34	35	36	1	3	4	10	16	18	20	22	28	38	0	1	47	14	2	0	533	0	4	1	0	0	0	
1	2	6	10	12	13	18	20	28	29	4	9	11	15	21	22	24	31	32	35	3	2	29	16	1271	59	0	7	11	0	0	0	0	
0	1	11	17	20	21	25	34	36	39	2	4	5	9	15	16	22	26	27	38	2	3	59	2	0	3	5	0	6	0	0	0	0	
0	5	11	21	22	25	26	36	37	39	4	6	7	8	16	19	24	27	33	35	0	0	51	22	3	0	0	0	1	0	0	0	0	
3	4	7	22	23	26	27	28	34	39	5	6	13	15	17	24	31	32	35	37	2	1	67	0	0	27083	110	0	0	0	0	0	0	
1	3	8	10	17	22	23	31	35	36	2	12	16	29	30	32	33	34	37	39	2	2	38	4	0	17	0	1	0	1	0	0	0	
0	1	4	5	18	19	23	24	35	37	2	9	17	27	28	29	34	36	38	39	3	3	120	6	0	2257	0	0	6	0	0	0	0	
0	1	9	11	21	22	25	30	31	35	2	4	8	15	16	19	23	26	28	38	1	0	14	17	5	5	0	3	1	0	0	0	0	
1	14	19	20	24	25	28	29	34	35	0	4	6	7	11	16	23	32	36	38	0	1	70	4	0	4	270	0	30	1	0	0	0	
5	7	13	14	17	18	21	24	29	36	2	3	11	15	20	26	27	28	31	34	0	2	42	0	566	0	6	6	1	0	0	0	0	
6	9	15	20	21	24	25	32	38	39	0	1	3	8	11	13	16	26	28	33	2	3	63	2	0	2156	40	0	40	0	0	0	0	
1	12	14	17	18	19	21	22	26	35	0	6	7	9	11	15	20	27	30	31	3	0	19	82	8	24	24	15	10	0	0	0	0	
0	1	8	12	14	27	28	34	35	36	3	5	17	19	23	24	26	37	38	39	1	1	52	0	2	0	10	0	2	1	0	0	0	
5	10	13	22	26	27	28	30	33	38	6	8	9	12	14	15	17	31	34	35	3	2	76	22	24	69	91	0	6	1	0	0	0	
2	7	10	11	13	14	19	21	29	37	1	6	9	16	26	27	30	32	38	39	0	3	68	1	1	21	0	5	0	18	0	0	0	
7	10	12	17	19	21	22	29	35	38	0	3	4	8	13	16	25	30	31	34	2	0	64	37	649	157	23	0	9	0	0	0	0	
2	5	8	10	17	19	20	23	29	35	4	7	13	15	18	25	27	30	33	37	3	1	52	5	7	0	352	0	8	2	0	0	0	
3	7	17	19	25	27	33	34	35	39	1	4	5	6	9	10	13	15	20	31	0	2	47	3	0	5	10	51	0	0	0	0	0	
1	5	14	16	19	20	22	24	29	37	2	4	7	13	21	25	27	30	33	34	1	3	27	0	52	0	27	0	0	5	0	0	0	
4	5	6	7	12	21	26	29	31	38	2	8	9	11	13	16	20	24	28	30	1	0	65	100	0	616	25	7	0	1	0	0	0	
1	6	12	13	17	18	23	25	28	32	4	8	9	14	15	16	20	21	24	30	1	1	84	23	28	13	3	0	7	0	0	0	0	
3	17	18	20	23	24	28	31	33	34	1	2	5	12	13	14	25	29	32	38	1	2	82	11	80	10	0	9	0	1	0	0	0	
2	6	7	16	22	27	28	33	35	38	1	3	5	9	13	21	29	30	31	34	2	3	56	9	292	5	1	0	10	0	1	0	0	
0	1	5	7	9	12	17	19	28	33	4	8	11	14	15	18	24	29	35	36	2	0	70	134	2	0	15	2	10	0	0	0	0	
5	6	7	9	11	13	18	23	27	33	2	4	8	16	20	22	24	25	28	34	3	1	32	3	23	0	0	3	0	11	5	0	0	
5	8	11	15	20	21	28	32	35	39	4	7	14	16	17	19	22	31	36	37	2	2	102	30	0	1256	17	3	13	0	2	0	0	
0	2	3	6	13	19	21	26	28	34	1	11	12	16	27	30	31	35	36	39	2	3	70	0	697	18	3	6	1	0	0	0	0	
3	6	10	15	17	28	30	31	32	36	5	8	9	14	18	23	27	33	34	35	3	0	56	7	0	4	1	0	0	1	0	0	0	
2	4	6	9	13	23	25	28	29	33	3	5	8	18	20	21	26	30	35	38	1	1	27	1	29	0	26	0	7	0	0	0	0	
10	11	14	16	20	22	32	34	35	37	3	7	9	15	18	23	24	28	29	36	3	2	58	11	13	22	46	96	19	1	0	0	0	
0	7	11	17	21	22	29	31	38	39	2	3	4	6	12	13	20	27	28	35	0	3	60	7	6	4	0	0	0	0	0	0	0	
9	11	19	24	29	30	32	34	37	38	0	3	5	8	13	15	16	20	35	36	0	0	66	82	1325	18	25	0	134	1	0	0	0	
5	9	10	12	18	20	22	23	30	39	1	4	7	8	13	21	29	35	36	38	2	1	72	3	0	0	0	6	1	0	0	0	0	
4	8	13	15	18	19	20	28	30	31	2	3	6	21	26	27	29	32	34	36	0	2	95	8	0	707	0	25	0	4	0	0	0	
5	6	9	10	11	18	22	28	33	34	1	15	21	25	26	29	30	35	36	39	0	3	90	0	8	0	114	0	1	1	0	0	0	
1	3	10	11	14	26	27	36	37	38	0	2	4	6	15	16	24	28	30	32	0	0	76	32	0	0	0	2	0	0	0	0	0	
0	3	5	6	7	9	11	15	23	37	1	8	14	18	20	25	28	36	38	39	0	1	117	23	0	4	0	69	44	5	0	0	0	
4	8	14	15	17	20	25	27	31	32	1	11	18	19	22	23	29	35	36	37	1	2	44	1	8	0	16	2	2	0	0	0	0	
0	3	4	9	13	19	21	32	33	35	8	11	16	17	20	26	27	29	36	37	1	3	75	0	36	0	3	106	9	0	0	0	0	
4	6	13	20	22	24	26	34	35	37	5	9	14	16	23	25	29	31	36	38	0	0	33	21	0	308	7	20	7	0	0	0	0	
0	1	3	24	27	29	30	35	38	39	5	6	7	9	10	12	15	18	34	36	3	1	82	2	14	255	0	0	0	0	0	0	0	
5	17	18	22	25	26	27	28	30	36	1	11	16	19	23	24	32	33	34	35	2	2	79	4	13	3	0	28	0	0	0	0	0	
9	12	15	20	21	23	25	28	30	38	2	8	13	16	17	19	22	26	27	35	3	3	48	4	1	0	51	65	0	0	0	0	0	
0	1	5	11	13	20	25	26	28	35	4	8	14	17	24	29	33	34	36	37	0	0	88	27	37	0	1	99	6	4	1	0	0	
0	1	3	5	12	19	20	26	28	29	2	7	9	17	23	25	30	31	34	35	1	1	32	4	2	623	27	108	4	0	0	0	0	
2	14	17	18	22	25	28	32	35	38	3	4	12	13	20	26	27	31	33	36	0	2	41	4	0	123	47	4	0	0	0	0	0	
2	6	14	15	24	26	30	33	35	39	0	3	4	7	9	13	17	25	27	29	1	3	60	1	7	0	0	59	6	0	0	0	0	
0	6	12	16	17	19	20	23	24	39	2	4	8	11	21	26	30	31	32	34	1	0	73	69	9	0	0	0	7	3	0	0	0	
2	4	7	9	11	19	22	24	27	31	13	14	16	17	18	21	23	25	34	35	2	1	60	9	0	20356	121	0	19	3	0	0	0	
0	8	9	17	21	23	28	30	32	38	1	2	4	16	19	20	25	34	35	39	0	2	101	7	2	0	0	5	7	0	0	0	0	
4	14	15	19	24	25	28	30	37	39	5	7	9	12	16	17	21	22	23	36	3	3	62	5	0	6	27	23	1	0	0	0	0	
2	10	14	16	22	24	27	33	37	39	1	5	6	8	9	12	13	15	25	31	1	0	77	42	1	38	2	19	0	0	0	0	0	
4	5	11	18	26	27	28	33	37	39	1	2	6	7	9	10	16	23	32	34	3	1	78	49	0	0	629	78	20	2	0	1	0	
1	5	9	10	14	16	18	21	26	35	2	7	8	11	13	19	20	24	28	31	3	2	25	7	9	2	0	0	0	1	0	0	0	
4	16	17	19	20	22	23	25	35	36	0	10	12	14	18	29	30	31	33	34	2	3	49	4	12	6	0	0	5	1	0	0	0	
0	3	8	17	18	19	22	23	25	27	1	2	5	9	14	20	28	32	33	34	3	0	52	29	147	44	4	3	0	0	0	0	0	
0	2	9	12	16	26	29	33	34	37	1	5	6	8	17	19	22	30	38	39	2	1	71	1	7	0	4	0	3	0	0	0	0	
0	3	6	8	9	12	16	19	30	39	5	7	11	13	21	26	27	28	31	37	2	2	62	20	0	4122	1232	26	2	0	0	0	0	
2	4	14	15	17	19	25	32	36	38	1	6	8	10	12	18	26	27	34	37	1	3	70	39	33	0	31	0	0	0	0	0	0	
3	4	11	16	20	21	24	27	30	37	7	8	13	18	19	22	23	28	33	39	0	0	83	24	0	44	33	7	61	0	0	0	0	
0	13	15	16	20	21	25	31	33	39	4	6	7	14	18	19	30	34	35	36	0	1	85	25	0	97	174	0	17	1	0	0	0	
10	14	20	23	24	31	34	36	37	38	0	7	13	15	18	25	29	30	32	35	1	2	37	15	107	871	101	0	0	0	0	0	0	
2	8	12	13	16	24	25	29	32	37	1	11	19	21	22	30	34	36	38	39	0	3	33	1	10	0	6	0	91	1	0	0	0	
1	8	12	14	16	20	22	25	29	39	2	7	17	19	21	23	27	28	33	34	0	0	31	18	0	4	5	72	3	0	0	0	0	
0	6	14	17	18	20	21	24	29	39	5	7	8	10	12	15	16	26	34	38	1	1	74	3	13	3	0	0	7	0	0	0	0	
4	11	12	16	20	22	23	24	31	39	5	6	7	10	19	29	30	32	33	35	2	2	90	3	0	139	0	44	6	0	0	0	0	
4	5	9	17	20	22	35	36	38	39	0	1	2	3	12	19	24	27	28	33	2	3	100	0	1033	512	13	0	4	1	0	0	0	
3	6	7	9	10	11	18	20	21	29	2	13	14	16	26	27	31	34	35	36	0	0	52	42	0	4	0	0	1	0	0	0	0	
5	9	11	14	18	19	20	23	30	31	1	2	4	10	17	26	27	28	37	39	0	1	76	0	0	21	2	2	0	3	0	0	0	
1	2	5	6	13	16	19	23	37	39	4	7	9	14	22	24	29	31	32	34	2	2	37	6	0	28	0	46	8	0	0	0	0	
3	6	8	9	19	22	25	29	30	37	0	5	12	15	16	23	24	28	36	38	2	3	99	18	346	181	0	3	2	0	0	0	0	
4	6	8	18	19	30	32	34	35	37	3	10	14	15	22	23	28	31	36	39	3	0	86	86	159	47	21	13	0	7	0	0	0	
1	6	12	16	18	19	20	21	29	37	3	8	17	22	26	28	30	31	35	39	3	1	58	17	409	2	0	0	1	0	0	0	0	
8	10	11	14	21	23	24	29	31	32	5	15	16	18	20	22	33	35	37	38	0	2	19	0	0	0	0	3	0	0	0	0	0	
8	10	11	14	21	23	24	29	31	32	5	15	16	18	20	22	33	35	37	38	0	3	19	0	0	0	0	3	0	0	0	0	0	
8	10	11	14	21	23	24	29	31	32	5	15	16	18	20	22	33	35	37	38	3	0	86	14	400	0	0	205	3	0	0	0	0	
3	7	10	11	21	23	26	30	32	34	4	6	14	16	24	25	31	33	37	38	2	1	10	0	0	3	5	12	0	0	0	0	0	
0	1	5	11	13	18	19	30	31	33	3	7	8	12	23	27	28	32	36	37	0	2	25	0	50	38	0	14	1	1	0	0	0	
0	10	11	12	16	20	24	25	38	39	2	5	7	9	13	14	15	21	26	37	3	3	39	10	0	348	52	141	15	0	0	0	0	
5	8	10	13	17	18	22	23	33	37	1	12	16	20	27	28	29	31	34	35	1	0	97	57	0	652	0	113	13	1	0	0	0	
0	1	12	15	16	17	26	37	38	39	5	6	10	23	27	29	31	33	34	36	1	1	37	11	2	3	0	0	0	0	0	0	0	
3	8	14	15	25	32	33	35	38	39	0	6	12	13	16	17	19	20	23	26	0	2	23	0	2136	6	0	29	0	1	0	0	0	
1	6	10	13	19	20	25	30	31	36	3	4	12	17	22	23	26	27	29	33	3	3	16	3	0	3	2	0	1	0	0	0	0	
1	6	10	13	19	20	25	30	31	36	3	4	12	17	22	23	26	27	29	33	0	0	33	13	0	11	5	13	2	0	0	0	0	
4	5	6	7	8	9	27	29	31	34	0	2	12	17	19	21	24	28	35	38	1	1	27	13	329	214	113	6	3	0	0	0	0	
3	5	19	23	28	30	31	33	38	39	0	1	9	11	12	14	16	24	29	36	1	2	103	0	6558	17	26	0	36	3	0	0	0	
1	2	4	7	13	20	24	25	30	39	9	10	14	15	16	18	27	29	34	37	3	3	61	0	0	402	0	0	6	1	0	0	0	
1	3	7	8	13	24	28	35	37	39	9	15	17	18	20	21	23	25	29	34	2	0	51	55	0	2618	78	0	3	1	0	0	0	
1	5	11	12	14	21	25	28	34	36	3	4	8	10	18	23	24	33	35	38	3	1	52	4	19	0	4	0	1	0	0	0	0	
1	4	14	15	18	20	23	29	30	39	0	2	8	9	10	16	24	27	35	37	3	2	69	2	20	6	6	10	0	0	0	0	0	
0	6	8	12	21	22	33	34	35	38	4	7	9	11	17	19	26	27	28	30	0	3	44	3	13	0	0	29	0	0	0	0	0	
0	1	2	3	8	12	27	33	37	39	4	9	16	19	23	24	25	29	30	35	3	0	78	53	22	145	1409	0	206	3	0	0	0	
0	7	8	14	18	23	25	27	35	38	11	15	16	19	20	21	22	28	31	37	1	1	99	4	29	0	857	0	4	1	0	0	0	
3	14	15	16	20	25	26	30	33	38	0	6	11	12	13	18	21	22	27	34	1	2	35	1	7	0	4	27	18	0	0	0	0	
1	10	11	12	22	24	28	30	32	37	0	4	5	9	13	16	17	19	25	36	2	3	103	0	6	35	0	68	0	1	0	0	0	
2	8	16	19	22	25	31	34	35	38	4	5	6	7	15	18	21	23	26	29	2	0	84	53	16	16	0	185	2	2	0	0	0	
1	2	5	14	16	22	29	30	34	35	4	10	11	13	15	20	26	37	38	39	3	1	41	3	1	0	15	0	0	0	0	0	0	
0	3	5	9	17	21	28	29	34	39	1	2	6	8	10	20	22	24	25	33	2	2	105	2	4	0	331	0	0	1	0	0	0	
6	10	11	12	15	20	21	22	35	38	0	1	7	13	18	23	24	25	30	31	3	3	23	6	3	6	0	0	0	0	0	0	0	
2	3	7	11	16	18	19	23	24	27	4	10	12	13	17	22	28	31	32	35	0	0	42	90	26	490	12	3	2	0	0	0	0	
1	4	5	12	13	20	23	27	35	39	0	6	9	11	14	15	16	21	26	36	3	1	45	2	8	4	0	0	0	11	0	0	0	
4	10	11	13	17	21	33	34	36	38	6	14	15	20	22	24	26	28	29	32	0	2	26	8	78	6	0	4	4	0	0	0	0	
4	5	6	9	15	20	26	31	32	34	13	19	21	22	24	25	28	35	36	39	3	3	55	6	14	0	9	0	7	0	0	0	0	
1	8	13	14	15	18	19	21	26	29	0	3	6	16	20	23	30	31	37	38	3	0	72	59	0	1991	74	51	10	0	0	0	0	
2	13	14	28	29	30	32	34	38	39	5	7	8	11	16	17	23	24	27	35	1	1	54	0	0	43	484	0	59	17	0	0	0	
0	1	3	4	10	15	24	34	36	39	2	12	18	20	21	28	29	33	37	38	1	2	51	2	4	3	0	0	5	0	0	0	0	
1	4	5	6	8	13	24	35	38	39	3	9	11	12	15	28	29	31	33	34	0	3	115	0	42	1516	283	1	0	0	0	0	0	
0	4	6	13	19	29	30	31	37	38	3	5	16	20	22	23	24	28	34	35	0	0	74	21	11	3	49	34	0	5	0	0	0	
6	8	12	16	17	18	27	29	32	36	1	3	7	9	10	11	13	19	21	30	1	1	120	5	0	3745	0	0	154	0	0	0	0	
10	11	18	19	21	22	23	24	28	34	3	6	8	13	15	16	25	32	33	36	1	2	53	0	37	25	71	43	33	1	0	0	0	
2	5	8	12	16	25	27	32	34	37	3	4	11	13	15	19	29	31	36	38	2	3	22	0	19	0	35	0	0	1	0	0	0	
2	3	6	11	13	15	16	21	35	38	9	10	20	23	27	28	31	33	37	39	2	0	78	35	15	0	72	30	0	1	0	0	0	
3	6	8	10	16	18	26	28	31	33	1	7	11	15	21	23	27	37	38	39	2	1	46	19	25	5	0	0	0	1	0	0	0	
0	6	12	16	17	18	22	23	25	33	11	19	24	26	27	28	34	36	38	39	3	2	40	5	47	6	11	0	6	1	0	0	0	
1	4	9	13	16	18	21	26	28	33	0	6	8	23	24	27	29	31	32	38	2	3	106	6	63	28	15	0	32	0	0	0	0	
4	5	9	15	16	18	21	23	30	39	1	2	6	17	20	25	27	35	36	37	3	0	70	12	209	0	3	0	2	0	0	0	0	
3	4	6	7	15	19	27	28	36	39	0	8	12	16	20	21	24	31	33	37	3	1	70	12	0	1659	0	1	2	2	0	0	0	
0	5	12	16	17	25	28	31	34	36	2	4	6	9	27	30	32	33	37	38	3	2	91	3	4	14	0	0	0	0	0	0	0	
3	5	6	11	14	21	32	35	37	38	1	8	15	18	22	25	26	33	34	39	3	3	75	7	48	167	0	41	2	0	0	0	0	
4	7	10	14	15	20	25	27	28	30	0	1	8	19	21	24	33	36	37	38	0	0	77	272	44	1670	12	21	0	6	616	0	0	
4	8	10	11	12	13	25	26	29	37	1	3	7	16	19	20	28	30	32	34	2	1	78	6	356	0	0	3	0	3	0	0	0	
2	3	5	16	18	22	26	31	32	37	4	8	9	13	17	27	28	30	34	36	2	2	56	7	0	1303	0	3	3	0	0	0	0	
2	11	12	15	20	21	27	28	30	32	0	5	7	9	13	17	22	24	31	33	1	3	7	0	23	2	9	6	0	0	0	0	0	
7	9	13	15	19	20	21	24	28	39	1	11	17	18	23	26	29	30	32	33	1	0	116	11	0	0	850	1	0	0	0	5	0	
1	3	10	14	20	26	29	31	32	37	6	8	9	12	15	18	24	27	36	39	3	1	58	10	33	6	31	0	10	0	0	0	0	
2	4	6	9	11	16	19	20	32	37	0	1	7	12	14	15	22	25	28	36	2	2	19	11	0	186	80	8	0	2	0	0	0	
0	4	5	21	23	27	28	30	38	39	3	7	9	15	16	20	24	26	29	32	2	3	108	29	20	22	32	17	4	0	0	0	0	
1	8	13	16	21	25	27	31	33	39	0	6	7	9	10	15	17	30	32	35	1	0	53	21	0	34	0	121	1	0	0	0	0	
6	8	10	13	16	25	29	30	34	39	0	1	2	3	4	5	14	20	27	37	0	1	102	3	1	5	0	0	0	2	5	0	0	
2	9	10	14	22	24	26	27	32	39	3	4	6	15	17	20	21	30	35	37	3	2	51	30	0	1382	0	0	0	1	0	0	0	
1	2	3	7	12	13	21	25	26	27	10	11	15	17	23	31	32	34	36	37	0	3	4	84	258	0	0	2	0	1	0	0	0	
14	16	24	26	27	28	34	35	37	38	4	10	11	13	15	18	23	25	33	36	3	0	33	118	0	89	35	3	1	0	0	0	0	
0	1	10	12	15	17	22	24	26	32	4	5	7	8	19	23	25	29	36	38	2	1	98	0	53	1	5	1	0	0	0	0	0	
2	7	17	18	20	21	23	28	32	33	0	1	4	14	16	22	24	30	35	37	0	2	3	16	5	1	0	3	0	0	0	0	0	
3	5	9	16	23	27	31	32	35	36	4	6	10	19	20	28	30	33	34	38	1	3	41	16	24	0	56	27	10	0	0	0	0	
0	1	2	3	8	12	27	33	37	39	4	9	16	19	23	24	25	29	30	35	1	0	47	55	3	13	9	0	0	4	0	0	0	
1	6	8	9	11	13	19	23	28	35	3	17	18	22	24	26	29	33	34	37	0	1	79	20	3	0	1049	0	2	2	0	0	0	
9	10	11	14	19	26	31	37	38	39	1	12	17	20	22	24	27	32	33	34	3	2	64	3	0	54	105	77	37	1	0	0	0	
2	3	5	9	13	18	28	30	36	39	14	15	16	17	20	21	25	29	32	34	2	3	75	12	463	3	0	57	0	1	0	0	0	
0	4	8	9	15	17	19	20	30	35	5	6	16	25	28	31	36	37	38	39	2	0	76	58	2	0	0	15	5	0	0	0	0	
0	1	3	13	16	21	33	34	35	38	5	11	12	20	25	26	28	30	32	37	0	1	42	3	0	2	6	0	1	0	0	0	0	
1	2	3	8	11	15	17	24	36	37	5	13	16	19	20	25	28	31	34	39	3	2	66	0	10	7	11	0	6	0	0	0	0	
2	9	12	13	18	23	25	30	36	37	3	6	11	14	24	26	29	35	38	39	3	3	102	2	0	5	0	0	0	0	0	0	0	
0	1	5	10	13	14	18	19	27	31	4	9	11	17	23	26	30	34	36	38	0	0	57	26	0	7	689	0	14	1	0	0	0	
3	9	13	16	19	21	29	31	37	39	0	5	15	20	23	24	26	33	34	38	1	1	83	5	9	2	0	0	0	0	0	0	0	
0	3	4	10	11	12	19	31	35	38	1	6	7	8	9	20	21	33	36	39	2	2	64	5	2	6	10	0	8	1	0	0	0	
2	4	7	9	11	13	15	19	21	39	3	20	25	27	28	30	32	34	36	37	2	3	99	0	33	1052	2	57	5	0	0	0	0	
7	10	18	20	21	28	29	33	37	39	0	1	6	8	12	17	19	25	32	35	0	0	62	30	621	16	0	186	2	1	0	0	0	
2	5	7	10	13	15	25	28	36	38	0	4	6	8	12	24	26	29	34	39	0	1	52	2	0	0	20	23	1	0	0	0	0	
0	14	16	18	20	22	26	32	34	35	1	2	4	12	17	21	23	29	30	36	3	2	64	0	45	30	1	0	5	1	0	0	0	
2	4	12	16	18	21	27	30	32	34	3	6	8	9	11	15	17	31	35	38	2	3	47	13	0	3927	56	99	27	1	0	0	0	
2	12	14	18	20	21	22	24	34	37	0	1	6	9	10	13	16	17	32	35	3	0	11	58	67	12	6	2	10	0	0	0	0	
3	7	13	20	27	29	31	36	37	38	4	5	9	10	11	12	17	22	23	28	0	1	35	8	16	0	1529	612	48	2	0	0	0	
9	11	13	16	19	21	22	26	32	35	4	6	12	14	18	23	24	27	33	36	2	2	28	7	5	0	3	0	0	2	0	0	0	
1	2	7	9	14	19	22	28	38	39	0	5	8	10	13	16	17	24	29	32	0	3	120	2	0	1505	0	3	0	0	0	0	0	
3	10	15	17	20	22	25	36	37	39	2	4	5	7	12	13	16	27	29	38	1	0	27	24	65	4594	0	0	2	1	0	0	0	
0	9	10	15	16	19	22	24	27	39	3	6	8	11	18	20	21	26	29	31	3	1	69	1	0	1076	156	0	0	15	0	0	0	
1	4	8	13	25	29	30	32	33	37	0	3	6	10	20	23	24	28	31	39	1	2	0	41	14	0	2	4	3	0	0	0	0	
5	8	10	11	17	23	24	27	32	38	1	6	14	16	19	21	22	25	29	31	2	3	84	2	0	6	6	4	0	3	0	0	0	
0	7	10	12	13	16	19	22	28	35	4	6	9	11	18	20	23	37	38	39	2	0	77	60	2	0	2120	0	96	0	0	0	0	
1	2	4	5	6	9	12	25	26	32	11	14	15	20	23	29	31	35	37	39	3	1	33	0	33	23	5	0	2	4	0	0	0	
1	5	8	12	15	25	26	31	32	36	0	4	10	11	14	17	20	22	29	35	0	2	35	1	0	3	12	0	18	0	0	0	0	
2	6	8	14	16	20	27	28	30	33	3	7	9	10	11	13	15	23	37	38	0	3	75	3	4	10	0	0	11	0	0	0	0	
2	5	6	10	11	15	21	23	31	32	1	7	12	13	16	17	20	29	30	35	2	0	17	29	0	5	1	0	6	0	0	0	0	
1	3	12	13	14	16	20	23	33	37	2	5	8	11	15	18	27	32	35	39	0	1	27	12	0	18	7	0	2	1	0	0	0	
1	3	4	5	8	18	22	27	37	39	0	7	11	12	15	24	25	26	33	34	3	2	27	16	27	4	0	0	0	0	0	0	0	
1	10	21	23	26	27	29	34	35	39	0	3	5	7	17	22	24	32	36	38	0	3	4	5	807	0	0	12	1	1	0	0	0	
3	7	8	13	18	20	21	26	29	31	0	1	5	6	19	25	27	33	34	39	0	0	93	35	0	5	2	0	11	0	0	0	0	
4	11	17	18	20	22	24	26	29	35	0	2	3	6	8	10	31	34	36	39	1	1	52	0	244	0	3274	0	0	1	0	0	0	
1	2	4	7	8	13	22	24	32	35	0	5	9	12	16	20	21	25	27	28	1	2	0	18	0	40	36	0	67	0	0	0	0	
0	2	3	5	10	14	15	18	27	32	6	9	11	16	17	19	24	25	28	36	3	3	32	0	0	1131	278	97	1	1	0	0	0	
1	4	5	10	11	18	23	27	33	38	3	6	7	12	14	15	24	28	31	34	2	0	0	22	2	4	0	1	0	0	0	0	0	
3	5	12	15	16	18	21	27	33	35	0	6	7	10	11	14	17	29	30	34	3	1	34	1	0	15	39	19	2	0	0	0	0	
0	2	3	13	17	19	21	27	32	35	6	7	8	12	14	18	20	25	26	38	3	2	38	3	20	6	0	0	0	0	0	0	0	
0	4	8	10	14	15	22	25	30	31	1	2	5	13	16	19	26	36	38	39	1	3	95	9	7	5	8	11	0	0	0	0	0	
6	7	14	21	24	26	28	31	32	36	5	11	16	18	19	20	25	27	34	35	0	0	38	143	0	20	39	6	1	0	0	0	0	
6	8	9	16	19	21	31	34	37	38	0	5	11	13	15	17	24	26	30	33	2	1	54	4	17	0	473	0	34	0	0	0	0	
9	10	11	18	20	25	32	33	34	37	6	8	12	14	15	17	19	23	24	27	0	2	39	4	8	23	0	0	0	1	0	0	0	
6	7	12	17	23	26	28	30	33	38	0	2	10	11	21	22	29	34	36	37	1	3	44	11	0	5	0	1	1	0	0	0	0	
3	6	14	16	18	26	28	31	37	39	5	12	15	19	20	25	29	34	35	38	0	0	54	13	0	73	0	21	3	0	0	0	0	
5	6	14	16	24	26	27	30	33	38	1	2	3	7	8	11	13	20	28	35	2	1	32	8	5	1	1	0	1	0	0	0	0	
4	5	9	13	19	21	25	30	32	38	0	6	7	10	12	16	17	26	29	36	3	2	73	3	10	4	8	7	0	0	0	0	0	
0	5	9	16	17	20	22	29	31	37	2	3	4	8	12	15	23	24	25	28	1	3	23	0	6	0	395	0	0	1	0	0	0	
3	4	10	17	18	20	23	28	30	37	1	2	5	13	15	21	22	31	32	34	1	0	9	28	5	0	2	0	0	0	0	0	0	
0	11	14	16	29	30	31	33	34	37	3	4	5	12	15	17	21	22	28	38	2	1	67	0	74	869	36	60	5	0	0	0	0	
5	6	8	11	12	16	19	23	28	39	0	2	9	17	25	26	27	29	30	38	0	2	120	13	49	0	0	0	0	0	0	0	0	
1	13	15	16	17	20	26	31	35	36	0	2	7	11	18	19	29	34	37	39	1	3	73	0	28	13	4	0	54	7	0	0	0	
1	4	11	12	17	23	24	25	26	38	2	3	9	16	18	20	21	27	30	39	2	0	67	67	0	1	0	29	14	0	0	0	0	
3	9	11	12	15	18	22	25	32	33	1	5	6	14	24	28	29	30	37	38	0	1	78	2	10	12	13	0	0	0	0	0	0	
3	5	8	12	16	21	24	26	33	37	4	6	9	13	14	25	29	31	36	39	0	2	83	9	0	17	3	48	0	1	0	0	0	
4	6	11	27	30	31	33	34	38	39	2	5	14	16	17	18	20	22	28	29	0	3	87	0	2553	0	52	2	6	0	0	0	0	
3	6	8	11	13	16	17	21	35	38	0	1	4	15	19	23	26	30	32	37	0	0	59	39	255	0	467	39	2	1	0	0	0	
0	1	3	12	20	21	25	28	30	37	4	7	10	11	16	17	24	29	32	34	3	1	35	0	4	5	4928	11	0	1	0	0	0	
2	9	11	17	19	23	25	33	36	39	0	1	4	6	18	27	28	35	37	38	2	2	43	4	0	131	0	2	3	2	0	0	0	
2	7	9	14	19	21	23	31	33	35	6	12	13	18	20	27	29	34	37	38	1	3	66	3	0	28	13	0	9	2	0	0	0	
4	12	14	16	17	20	21	30	33	34	0	13	15	23	24	25	29	31	35	38	3	0	43	43	25	28	12	0	5	0	0	0	0	
2	4	5	11	22	27	28	33	35	38	1	6	9	10	14	15	23	25	30	32	3	1	47	0	7	173	39	57	0	0	0	0	0	
2	4	7	10	21	22	23	26	27	34	0	1	13	15	17	19	30	31	33	36	0	2	44	0	46	591	0	8	0	0	0	0	0	
2	3	8	18	24	26	27	29	30	38	7	11	12	13	16	17	19	25	36	37	3	3	66	15	0	2229	0	0	12	1	0	0	0	
0	11	12	16	18	19	22	30	33	35	2	8	14	15	17	23	27	36	37	39	1	0	81	97	175	1420	8	5	0	1	0	0	0	
1	4	5	12	14	18	31	33	35	39	0	2	3	7	11	13	21	26	34	38	2	1	0	59	3	0	33	12	1	0	0	0	0	
5	8	10	14	18	21	23	24	28	31	0	9	12	13	15	17	29	33	34	36	0	2	67	5	92	0	40	0	169	0	0	0	0	
1	3	4	5	10	16	27	31	33	39	0	6	9	12	18	26	29	30	32	34	3	3	80	0	43	5	4	12	0	0	0	0	0	
0	6	13	16	21	23	25	28	29	30	2	4	7	8	14	15	17	35	38	39	1	0	75	23	0	2	19	0	20	1	0	0	0	
5	8	11	15	17	19	22	23	24	39	1	6	10	20	25	26	27	32	34	35	2	1	64	3	0	297	0	21	5	0	0	0	0	
7	9	14	16	18	19	24	28	34	38	1	5	6	12	29	30	33	35	37	39	3	2	100	10	206	49	1	1	0	0	0	0	0	
3	5	7	8	13	19	28	30	32	37	2	9	10	12	22	23	24	31	33	36	3	3	57	8	2	0	9	0	20	0	0	0	0	
6	9	12	14	17	19	22	24	34	39	3	8	10	11	16	20	25	33	35	38	3	0	78	20	0	824	38	0	0	5	0	0	0	
8	11	18	19	27	28	32	35	36	37	1	7	15	16	17	23	29	30	31	34	1	1	75	4	0	23	7	0	16	0	0	0	0	
10	12	14	15	19	30	31	33	34	38	1	6	7	17	20	26	27	35	37	39	3	2	92	43	156	41	73	0	0	0	0	0	0	
8	17	18	19	22	32	33	34	37	38	1	3	5	10	13	20	25	27	30	35	2	3	18	0	44	14	4	0	0	0	0	0	0	
2	8	9	10	11	17	18	25	26	28	0	3	16	19	21	27	30	31	32	33	1	0	86	39	15	0	17	8	0	0	0	0	0	
5	8	11	15	25	27	31	32	36	38	0	1	3	12	24	26	29	34	35	39	0	1	27	4	23	0	74	0	81	2	0	0	0	
3	4	8	14	16	20	26	30	32	35	2	7	13	15	23	24	25	36	37	38	2	2	35	1	1	2	11	0	2	0	0	0	0	
0	1	4	7	11	13	17	20	24	25	3	8	9	18	23	29	30	31	35	39	0	3	92	100	67	64	0	16	6	0	0	0	0	
0	6	10	18	19	27	28	29	32	33	9	11	12	14	17	26	34	37	38	39	1	0	106	34	108	2	0	0	0	0	0	0	0	
5	12	13	17	23	24	28	29	30	37	0	1	4	16	22	25	32	33	38	39	2	1	87	5	380	0	33	0	17	3	0	0	0	
0	1	10	11	13	14	18	20	23	30	4	7	12	16	21	25	26	28	29	39	0	2	26	0	0	0	6	6	0	0	0	0	0	
0	1	10	11	13	14	18	20	23	30	4	7	12	16	21	25	26	28	29	39	0	3	26	0	0	0	6	6	0	0	0	0	0	
1	2	7	13	14	15	16	22	25	39	0	3	4	8	27	29	31	35	36	37	0	0	78	76	607	0	24	0	8	1	0	0	0	
3	10	12	13	21	23	28	30	32	37	1	2	4	15	17	20	24	33	35	36	3	1	28	10	13	138	0	0	0	0	0	0	0	
1	2	3	4	15	26	31	34	35	39	5	6	7	13	17	23	25	27	28	30	3	2	56	0	213	0	1527	37	7	2	0	0	0	
12	13	14	17	19	25	29	37	38	39	0	2	4	8	15	21	22	24	28	32	3	3	75	2	41	14	27	0	0	2	0	0	0	
0	3	4	8	16	22	24	25	27	33	1	7	9	10	11	14	17	21	30	32	0	0	79	111	0	36	644	0	44	3	0	0	0	
2	9	11	15	21	26	30	31	36	39	0	1	14	16	19	22	24	25	28	37	0	1	46	5	0	36	0	0	0	1	0	0	0	
2	19	21	22	26	30	33	34	35	38	1	4	6	9	11	16	25	31	36	37	2	2	48	33	13	0	38	5	3	3	0	0	0	
2	4	5	8	10	17	22	25	27	39	1	6	11	12	18	20	30	31	32	34	0	3	90	9	13	0	417	0	43	0	0	0	0	
0	2	6	11	16	20	26	37	38	39	3	4	14	22	25	31	33	34	35	36	2	0	5	11	7	0	1	0	7	1	0	5	0	
1	2	3	6	9	16	19	24	26	34	5	7	12	21	23	25	32	33	35	39	1	1	34	5	0	3273	7	7	21	0	0	0	0	
0	10	11	13	18	20	27	31	34	37	2	4	5	9	14	19	23	25	30	33	1	2	59	24	0	1	42	0	0	0	0	0	0	
1	3	4	8	14	15	18	25	31	35	0	2	5	10	11	23	24	29	34	36	1	3	43	2	0	5	10	2	1	0	0	0	0	
3	5	14	18	21	24	30	32	34	36	0	2	11	12	17	19	23	33	35	37	3	0	65	34	0	20	0	0	2	2	0	0	0	
0	3	7	8	11	14	31	33	37	39	4	5	18	21	22	23	25	28	30	32	3	1	27	33	23	82	48	10	6	0	0	0	0	
2	5	13	16	18	25	29	30	32	35	0	4	6	7	9	10	17	26	28	37	0	2	78	3	133	6	1	5	0	3	0	0	0	
0	2	3	14	15	22	25	30	31	35	4	10	13	17	24	27	28	29	34	36	0	3	40	3	15	0	0	0	2	0	0	0	0	
5	9	15	19	21	25	29	31	35	39	0	1	3	7	8	12	20	32	33	37	0	0	67	57	0	299	62	3	3	0	1	0	0	
0	2	3	10	21	22	27	28	32	37	4	5	8	9	12	20	30	35	38	39	1	1	56	30	0	76	80	9	2	1	0	0	0	
16	17	21	22	23	24	27	28	29	36	1	2	9	12	19	20	30	31	32	34	2	2	78	0	64	114	45	0	24	6	1	0	0	
2	3	13	14	18	20	24	35	36	37	1	8	12	21	23	26	28	29	30	32	2	3	54	0	0	22	21	0	1	0	0	0	0	
1	3	4	6	8	13	15	17	21	31	9	10	11	12	16	22	23	24	27	36	2	0	21	179	0	25	11	0	8	0	0	0	0	
0	3	9	15	18	20	22	27	31	34	4	8	10	16	19	23	28	30	35	36	1	1	94	0	3	0	19	1	0	0	0	0	0	
3	4	6	9	11	12	22	24	30	39	0	5	14	17	25	26	27	32	35	37	3	2	26	13	0	0	26	0	22	1	0	0	0	
3	4	13	15	23	26	31	34	35	39	1	5	8	10	12	20	21	27	29	36	1	3	44	7	0	0	0	14	5	1	0	0	0	
3	7	10	15	22	28	30	34	35	38	5	8	11	12	16	20	25	27	29	32	0	0	37	41	0	11	0	0	1	0	0	0	0	
0	11	16	19	21	22	23	30	33	37	3	4	5	8	12	17	32	34	36	39	3	1	89	0	61	23	0	0	7	0	0	0	0	
2	5	6	8	17	18	23	37	38	39	7	9	19	20	25	30	32	33	35	36	3	2	69	7	202	0	1568	20	0	1	0	0	0	
0	4	14	20	31	32	35	36	37	39	8	9	10	12	13	17	18	19	34	38	0	3	80	16	7	3	0	0	5	2	0	0	0	
0	1	14	20	25	26	32	36	37	38	5	13	15	17	18	21	27	31	33	34	2	0	3	36	14	0	96	12	0	0	0	0	0	
3	8	10	22	27	30	32	34	35	37	0	1	2	5	13	19	21	26	28	29	2	1	78	36	1	2	0	0	6	0	0	0	0	
1	13	17	20	21	23	30	35	36	37	8	10	11	14	16	25	28	29	32	34	1	2	69	9	3	7	0	0	0	0	0	0	0	
8	10	12	18	23	26	28	34	37	38	2	3	5	7	15	19	21	30	33	36	1	3	91	13	3	15	108	0	22	0	0	0	0	
0	2	8	9	10	11	12	24	30	31	13	15	16	18	19	20	22	25	27	29	2	0	43	85	4	0	0	27	2	0	0	0	0	
0	2	11	17	23	24	26	29	36	37	3	8	9	13	15	21	28	30	31	32	0	1	51	0	0	33	0	24	0	0	0	0	0	
1	6	7	8	13	14	16	18	37	38	2	3	12	22	23	26	34	35	36	39	1	2	75	3	140	0	32	111	8	1	0	0	0	
1	3	4	16	20	21	22	24	29	30	2	5	8	12	14	17	26	27	34	39	1	3	47	0	45	377	12	40	3	2	0	0	0	
6	12	22	25	28	30	31	32	34	37	1	4	7	10	14	17	21	24	33	38	2	0	86	88	409	88	533	0	5	0	0	0	0	
1	5	8	12	15	25	26	31	32	36	0	4	10	11	14	17	20	22	29	35	0	1	42	13	0	0	13	0	2	0	0	0	0	
2	6	8	14	16	20	27	28	30	33	3	7	9	10	11	13	15	23	37	38	3	2	40	10	8	0	16	44	0	11	1	0	0	
1	2	3	10	17	18	19	37	38	39	0	5	8	12	16	20	24	25	29	33	2	3	80	17	52	0	145	248	0	2	0	0	0	
4	7	11	13	17	18	23	26	29	37	0	2	6	10	27	28	30	34	36	38	3	0	71	311	23	11	0	29	5	0	0	0	0	
6	7	10	11	15	16	18	20	29	36	0	2	5	8	14	17	19	21	28	35	2	1	42	3	13	21	9	0	53	0	0	0	0	
0	1	3	8	11	13	17	23	34	38	4	5	7	14	24	26	28	31	36	39	2	2	36	6	11	2	0	8	5	0	0	0	0	
3	4	10	14	19	24	25	31	33	34	0	2	9	11	16	20	21	22	32	35	2	3	26	0	0	0	5	1	0	0	0	0	0	
3	4	10	14	19	24	25	31	33	34	0	2	9	11	16	20	21	22	32	35	3	0	6	8	2	0	19	0	0	0	0	0	0	
1	4	8	9	19	22	23	28	33	35	2	10	11	13	15	20	25	27	29	32	0	1	59	7	4	0	38	0	9	0	0	0	0	
2	4	11	12	14	15	16	27	30	32	5	8	10	19	24	25	28	29	37	38	1	2	69	9	2	0	22	0	1	0	0	0	0	
2	4	6	7	18	19	24	30	33	34	5	8	11	12	15	20	23	26	27	31	0	3	44	17	0	1884	300	3	10	2	0	0	0	
3	4	6	8	14	20	30	31	36	37	0	2	7	11	15	16	18	23	33	39	0	0	54	38	2	0	17	0	15	0	0	0	0	
0	1	2	14	21	24	28	31	38	39	5	7	8	9	10	11	16	17	25	33	3	1	63	0	0	0	0	65	1	0	0	0	0	
0	18	19	22	28	29	31	32	38	39	5	9	13	14	15	20	34	35	36	37	3	2	74	6	0	44	8	13	33	1	0	0	0	
3	7	10	18	20	26	30	33	38	39	4	5	13	16	17	19	22	29	35	37	2	3	53	2	0	11	0	0	0	0	0	0	0	
1	3	5	18	19	21	23	34	37	39	10	11	15	17	27	29	30	31	35	38	3	0	100	27	0	845	68	14	0	2	0	0	0	
1	4	7	20	23	25	27	29	31	37	0	6	9	11	13	17	19	26	33	39	1	1	93	1	0	161	191	42	9	1	0	0	0	
0	1	4	11	13	14	15	16	34	38	7	9	10	12	23	27	29	32	33	35	0	2	40	15	1	0	27	0	0	0	0	0	0	
1	3	6	10	16	21	25	27	33	35	2	7	8	12	15	17	18	20	26	37	1	3	37	11	2	0	44	18	5	0	0	0	0	
6	7	9	10	13	14	17	24	31	36	0	2	3	8	15	18	20	22	26	33	1	0	20	43	20	11	0	11	0	0	0	0	0	
11	13	19	23	26	27	29	34	36	37	2	3	4	6	7	15	18	21	24	25	3	1	32	7	161	0	4	19	4	1	0	0	0	
1	6	7	18	19	23	24	29	33	39	0	9	16	17	21	27	30	32	35	38	3	2	88	6	0	2542	0	33	3	0	0	0	0	
2	7	10	12	14	16	20	21	27	32	0	1	5	18	19	22	29	30	31	33	0	3	42	7	6	0	21	0	4	4	2	2	0	
4	6	8	12	13	16	22	29	33	39	0	1	2	7	9	17	24	27	31	37	2	0	74	49	117	9	20	0	2	0	0	0	0	
2	6	8	12	16	26	29	32	35	37	7	15	18	20	27	30	34	36	38	39	3	1	84	2	8	2	0	0	0	0	0	0	0	
5	9	10	12	20	23	24	30	34	35	2	4	6	15	17	19	25	29	32	38	2	2	49	2	0	270	0	15	0	0	0	0	0	
6	7	13	16	17	18	20	31	33	36	3	5	10	12	14	19	22	27	28	39	3	3	39	56	0	724	39	0	23	0	0	0	0	
1	2	8	18	19	29	30	31	37	38	3	4	9	12	17	21	23	26	35	36	0	0	67	19	2	0	207	0	0	0	0	0	0	
0	5	6	9	11	12	18	23	25	30	14	15	17	21	22	24	26	31	35	38	2	1	35	4	8	0	16	0	1	0	0	0	0	
0	1	8	9	20	25	27	36	37	39	3	5	7	13	16	19	23	28	30	31	3	2	32	22	12	0	618	19	3	1	0	0	0	
0	3	5	6	8	11	16	22	34	38	4	9	10	18	21	23	24	26	28	39	1	3	60	28	3	10	0	3	0	3	0	0	0	
8	10	12	22	23	27	35	37	38	39	1	3	6	18	19	20	28	29	33	36	1	0	91	36	2916	118	28	0	2	2	0	0	0	
3	6	8	14	16	21	27	28	33	37	1	5	11	12	15	20	25	31	32	34	1	1	34	5	9	0	1	0	0	0	0	0	0	
2	7	10	23	24	25	31	32	33	36	1	4	13	14	17	19	22	27	28	38	3	2	75	0	1	0	0	4	0	0	0	0	0	
2	7	10	23	24	25	31	32	33	36	1	4	13	14	17	19	22	27	28	38	3	3	53	4	0	10	32	28	8	1	0	0	0	
2	4	5	14	19	20	25	33	34	38	0	7	17	22	23	24	26	29	30	37	0	0	64	50	5	14	16	2	61	0	0	0	0	
3	4	5	10	12	16	23	24	25	29	0	8	13	17	20	27	28	36	37	38	3	1	26	4	218	45	6	0	3	0	0	0	0	
1	5	7	14	21	22	28	32	34	38	0	2	12	20	24	26	30	35	37	39	3	2	37	52	408	0	51	0	3	0	0	0	0	
0	2	4	9	12	13	16	19	21	38	5	6	8	11	14	18	28	29	36	39	3	3	72	5	0	81	0	0	0	0	0	0	0	
6	12	17	21	22	23	24	26	32	37	0	1	15	16	20	25	27	28	31	36	2	0	68	39	0	0	120	47	8	0	0	0	0	
2	5	7	12	18	21	22	28	35	38	4	8	20	23	25	26	29	33	34	37	3	1	66	13	0	1501	28	7	0	0	0	0	0	
1	2	4	13	23	24	25	28	34	35	0	8	11	14	19	26	29	32	33	36	0	2	26	0	12	386	0	7	0	0	0	0	0	
0	9	10	15	16	20	22	28	31	32	2	5	6	7	14	30	33	35	37	39	0	3	47	7	0	42	4	9	2	0	0	0	0	
4	12	15	23	25	28	29	30	38	39	0	2	8	9	10	13	17	24	27	36	2	0	104	38	2255	1924	11	0	22	3	0	0	0	
2	7	8	12	14	22	30	33	35	38	1	4	10	11	19	20	26	27	29	32	0	1	90	15	29	2	60	0	2	0	0	0	0	
2	3	5	10	19	28	30	32	37	39	8	9	11	22	23	24	25	29	34	38	0	2	101	1	0	7117	0	4	0	0	0	0	0	
1	2	12	20	27	28	31	34	36	38	6	7	10	14	16	17	25	30	33	39	3	3	59	8	5	4	0	0	0	1	0	0	0	
4	10	13	16	17	19	21	30	34	39	1	14	15	20	23	24	28	29	36	37	1	0	89	59	4983	22	0	181	139	3	0	0	0	
2	10	12	13	18	23	24	27	31	35	3	4	7	14	15	16	19	34	37	38	2	1	24	5	0	53	20	3	2	0	0	0	0	
0	7	9	10	14	21	25	30	31	39	3	4	8	12	13	22	24	29	32	38	0	2	57	2	0	30	205	0	14	0	0	0	0	
1	2	8	9	17	19	22	24	25	35	0	3	7	14	27	28	31	32	33	38	2	3	60	0	134	217	4	13	3	2	0	0	0	
7	10	16	20	21	22	31	33	36	37	2	6	8	14	18	19	24	26	27	38	0	0	55	7	323	0	8	0	20	0	0	0	0	
5	12	17	22	27	30	32	33	37	39	0	2	3	6	10	11	25	28	34	35	1	1	41	22	0	6139	323	10	0	6	0	0	0	
1	2	6	11	14	24	26	28	37	38	4	12	17	19	22	27	30	32	33	36	2	2	73	0	6	1	0	0	0	0	0	0	0	
15	16	17	20	22	24	27	28	30	32	6	10	13	14	19	25	26	33	34	35	2	3	46	35	612	14	38	0	5	4	0	0	0	
8	11	12	13	15	24	25	27	33	37	1	9	10	18	23	31	32	36	38	39	0	0	31	2	1246	0	32	9	1	0	0	0	0	
1	12	15	20	21	22	25	26	33	36	7	9	13	28	30	31	34	35	37	39	1	1	25	15	0	90	770	0	6	0	0	0	0	
10	18	19	20	21	26	28	31	32	34	0	1	2	3	9	24	29	35	36	38	0	2	56	14	24	19	0	29	14	0	0	0	0	
0	2	7	8	20	26	30	35	36	39	3	13	18	21	22	24	29	31	37	38	0	3	97	12	5	34	52	0	8	0	0	0	0	
12	15	19	21	23	27	30	35	36	39	0	5	6	9	10	11	16	24	25	32	0	0	45	94	61	83	202	0	104	1	0	0	0	
2	3	4	8	13	20	24	31	37	39	5	10	11	14	22	27	28	29	30	38	1	1	38	6	0	14	4	0	23	0	0	0	0	
7	9	14	18	27	28	32	33	35	38	0	1	3	4	6	8	25	31	34	37	1	2	52	2	24	8	0	0	2	0	0	0	0	
2	4	10	11	13	20	22	27	37	38	1	3	14	15	19	21	29	30	32	34	3	3	59	1	2	6	0	6	2	0	0	0	0	
0	1	2	7	12	16	25	31	32	37	3	4	5	9	11	13	15	17	20	24	0	0	50	91	2	624	37	157	0	0	0	0	0	
0	1	2	7	8	10	14	22	36	38	3	9	16	24	25	26	27	29	30	33	1	1	38	30	0	4095	20	37	0	1	0	0	0	
0	1	8	10	18	21	23	29	32	34	7	13	22	24	25	28	30	33	35	38	2	2	72	3	64	28	42	0	16	1	0	0	0	
3	4	10	12	20	22	23	30	32	35	1	2	8	14	18	24	29	33	34	36	2	3	18	3	0	0	0	0	0	0	0	0	0	
3	4	10	12	20	22	23	30	32	35	1	2	8	14	18	24	29	33	34	36	2	0	38	18	0	3	2	0	0	0	0	0	0	
6	9	10	13	16	18	20	36	38	39	3	5	12	17	22	24	28	30	32	37	3	1	58	29	1	40	0	0	0	1	0	0	0	
1	4	10	14	17	19	28	30	32	38	3	6	11	12	15	21	23	27	35	39	0	2	46	29	6	0	1218	0	2	1	0	0	0	
6	10	11	16	21	24	27	32	37	38	1	12	13	14	15	28	29	33	34	35	0	3	41	8	18	16	18	0	6	0	0	0	0	
2	4	5	6	7	23	27	28	34	39	0	9	16	17	19	22	29	30	33	35	3	0	67	86	64	3	20	0	1	0	0	0	0	
3	4	13	14	16	30	33	34	35	38	1	2	6	10	11	15	20	22	24	36	2	1	3	5	22	1	12	0	0	0	0	0	0	
1	5	8	9	16	19	21	23	28	36	2	4	7	12	20	25	26	33	34	35	3	2	42	3	0	8313	34	0	31	2	0	0	0	
3	5	6	8	9	20	23	24	30	36	2	4	13	14	22	28	31	34	35	39	0	3	86	7	17	1610	25	0	10	0	0	0	0	
0	2	17	19	20	22	26	32	34	37	7	13	14	16	18	24	25	30	33	36	2	0	45	32	2	0	213	10	0	2	0	0	0	
4	6	10	12	13	19	20	23	25	34	0	5	9	22	27	29	31	33	35	37	1	1	48	4	0	1215	195	0	2	0	7	0	0	
6	8	10	12	13	16	17	18	19	30	1	2	3	4	20	23	25	29	35	37	0	2	55	8	0	11547	8	12	0	1	0	0	0	
0	1	9	13	14	15	19	26	27	39	2	4	6	11	18	21	24	28	34	37	3	3	62	6	0	11	0	0	8	0	0	0	0	
1	11	14	15	24	29	30	32	33	38	3	9	16	17	20	25	26	31	35	36	2	0	27	21	17	76	20	3	0	0	0	0	0	
0	4	5	10	17	22	25	26	30	39	6	9	12	13	19	23	24	27	34	36	3	1	50	17	5	11	4	4	0	0	0	0	0	
0	3	8	9	11	14	20	22	34	35	6	16	17	21	24	28	29	31	33	36	3	2	69	0	0	10	0	13	0	1	0	0	0	
0	6	10	11	13	14	19	23	30	38	1	4	8	12	15	21	22	24	36	37	3	3	17	45	0	5	9	0	17	0	0	0	0	
1	2	7	9	10	13	15	25	36	39	3	5	14	18	20	21	22	26	27	32	3	0	34	46	2	0	20	2	0	3	0	0	0	
0	2	8	10	17	20	23	26	33	39	6	9	11	16	24	29	31	34	36	37	2	1	42	8	0	12	14	15	0	0	0	0	0	
4	9	10	15	17	21	23	24	26	34	3	7	11	12	14	20	31	32	33	38	0	2	42	2	17	3	1	0	3	3	0	0	0	
4	5	7	11	21	24	25	29	35	38	0	1	2	17	22	23	27	28	31	32	2	3	86	15	0	652	0	23	0	0	0	0	0	
3	4	11	16	19	22	27	28	31	37	2	6	7	9	14	23	26	29	36	39	3	0	48	24	37	0	106	0	0	0	0	0	0	
1	10	13	15	17	19	20	26	32	35	3	4	5	8	18	22	24	27	29	38	3	1	34	7	14	0	417	71	1	1	0	0	0	
0	4	15	16	20	21	23	30	31	39	5	9	10	11	12	14	25	27	29	38	3	2	66	7	0	5	6	0	2	0	0	0	0	
8	9	11	18	19	21	23	25	36	38	1	4	13	15	22	24	26	30	31	35	2	3	53	8	36	10	0	0	0	0	0	0	0	
1	4	5	16	19	21	22	27	31	39	7	15	20	24	29	30	34	36	37	38	2	0	64	11	18	11	0	0	0	1	0	0	0	
2	7	9	15	22	23	27	28	31	35	0	1	5	6	8	16	30	32	37	38	1	1	18	0	6	0	44	54	0	4	0	0	0	
1	2	7	13	14	15	16	22	25	39	0	3	4	8	27	29	31	35	36	37	3	2	71	6	13	40	1270	0	0	0	0	0	0	
0	3	4	9	14	15	18	22	26	32	1	10	13	16	17	20	30	31	35	37	2	3	12	4	0	1612	4	26	0	2	0	0	0	
4	6	10	13	16	22	24	33	35	37	1	3	12	18	29	31	32	34	36	38	1	0	57	31	37	1	2	54	11	0	0	0	0	
1	2	9	12	15	22	23	24	26	27	3	16	17	18	28	29	31	33	34	39	0	1	73	15	18	123	575	26	1	6	0	0	0	
7	9	12	16	21	24	29	32	36	39	1	4	5	8	10	17	26	30	33	34	0	2	90	2	320	0	5	0	11	0	0	0	0	
0	7	11	17	22	28	33	37	38	39	4	5	8	9	10	23	24	27	29	34	2	3	96	2	3	0	3332	0	8	1	0	0	0	
0	3	4	5	7	10	12	16	17	36	2	11	14	15	22	24	25	32	37	39	2	0	14	345	1	20	0	18	0	0	0	0	0	
2	5	13	16	18	25	29	30	32	35	0	4	6	7	9	10	17	26	28	37	0	1	102	0	11	5	10	0	14	0	0	0	0	
5	6	7	12	15	19	22	24	27	33	2	8	10	11	14	16	21	28	30	34	0	2	52	15	21	71	0	4	5	2	0	0	0	
0	2	3	14	15	22	25	30	31	35	4	10	13	17	24	27	28	29	34	36	0	3	40	6	3	0	0	0	3	0	0	0	0	
5	9	15	19	21	25	29	31	35	39	0	1	3	7	8	12	20	32	33	37	0	0	105	52	0	299	20	0	39	0	0	0	0	
1	6	8	12	19	24	27	31	34	38	5	7	15	17	18	22	23	25	32	36	0	1	47	2	6	0	7	0	0	0	0	0	0	
0	2	3	10	21	22	27	28	32	37	4	5	8	9	12	20	30	35	38	39	1	2	67	0	0	26	3	0	15	2	0	0	0	
4	5	9	11	15	16	17	22	25	32	2	3	12	14	19	20	27	28	34	35	0	3	27	11	287	0	537	23	5	0	0	0	0	
0	11	16	19	21	22	23	30	33	37	3	4	5	8	12	17	32	34	36	39	0	0	38	8	2	10	7	7	3	0	0	0	0	
0	1	4	5	6	14	16	18	19	31	3	17	21	22	24	25	27	28	30	35	3	1	17	22	56	0	34	2	0	0	0	0	0	
1	4	5	6	8	10	11	13	21	34	0	2	7	14	16	20	23	31	35	37	3	2	8	13	1	0	0	0	1	0	0	0	0	
0	7	14	15	17	26	27	29	32	38	3	6	9	12	16	22	23	28	34	39	0	3	69	1	0	487	0	4	4	1	0	0	0	
9	13	14	16	26	30	32	33	34	39	0	4	5	11	15	17	23	25	35	37	3	0	68	108	88	0	0	0	7	0	0	0	0	
6	12	16	19	22	27	31	32	35	36	0	1	7	10	13	17	21	24	30	39	3	1	42	8	12	0	2886	0	1	0	0	0	0	
4	5	19	22	23	26	27	33	35	39	1	9	14	15	16	17	20	24	28	31	2	2	77	3	1	8	12	0	6	0	0	0	0	
0	1	10	13	14	22	24	26	28	38	4	12	21	27	29	30	31	32	34	35	0	3	16	3	0	0	3	53	0	0	0	0	0	
0	4	11	13	16	18	32	34	35	37	3	5	8	10	17	23	25	26	28	33	1	0	50	93	12	397	44	20	11	3	0	0	0	
0	7	15	16	17	25	27	33	34	39	2	5	8	10	13	21	26	28	29	32	0	1	51	8	26	1	0	0	0	0	0	0	0	
1	3	12	13	14	16	20	23	33	37	2	5	8	11	15	18	27	32	35	39	0	2	27	8	0	23	0	5	0	0	0	0	0	
1	3	4	5	8	18	22	27	37	39	0	7	11	12	15	24	25	26	33	34	3	3	63	17	0	36	21	48	6	1	0	0	0	
12	17	18	19	20	22	27	30	32	37	0	5	6	8	14	21	25	29	35	36	3	0	82	96	5	166	0	0	2	2	0	0	0	
4	8	9	11	13	15	16	27	33	38	0	1	7	10	12	20	21	22	28	31	2	1	68	3	28	5	0	39	10	2	0	0	0	
13	14	19	26	28	31	32	33	36	38	0	3	6	7	9	17	29	34	35	37	2	2	87	155	1333	57	0	142	6	1	0	0	0	
4	8	9	12	18	24	27	28	29	38	3	7	13	23	26	31	33	35	36	39	0	3	113	9	2	20	0	0	23	1	0	0	0	
0	1	2	7	10	12	16	22	29	32	5	8	9	11	14	15	19	25	34	38	1	0	73	22	5	0	10	2	0	0	0	0	0	
7	10	11	13	22	27	31	32	34	35	5	9	14	15	17	18	24	25	26	29	2	1	47	11	0	29	0	66	12	1	0	0	0	
2	3	7	11	12	14	23	24	29	30	1	9	10	15	21	22	25	34	35	39	0	2	66	1	5	7	0	3	116	0	0	0	0	
0	2	15	19	23	29	31	32	34	37	1	5	8	12	16	17	18	21	22	33	2	3	29	1	0	13	2	0	59	0	0	0	0	
0	10	15	17	19	24	30	32	33	38	2	14	16	22	23	27	29	35	36	39	2	0	47	72	9	55	0	8	2	0	0	0	0	
5	6	10	13	15	18	25	31	35	36	0	12	20	23	28	29	30	32	37	38	2	1	61	0	944	0	1635	26	8	0	0	0	0	
3	8	15	19	21	26	28	33	34	35	0	2	6	17	20	23	31	32	37	38	3	2	63	5	56	0	372	0	1	0	0	0	0	
1	8	9	11	12	23	25	31	34	35	7	13	17	21	24	26	33	37	38	39	1	3	44	46	0	1	0	0	80	0	0	0	0	
2	3	10	11	21	24	26	27	30	38	1	6	8	9	15	18	20	25	33	34	3	0	44	8	0	60	43	5	0	0	0	0	0	
0	3	5	12	13	25	29	32	36	37	6	7	8	10	14	20	26	30	33	34	1	1	37	14	0	0	0	0	0	0	0	0	0	
2	7	10	11	13	14	15	25	29	30	3	12	21	22	27	28	33	34	37	39	1	2	73	2	17	5	13	0	3	2	0	0	0	
3	5	12	15	16	18	21	27	33	35	0	6	7	10	11	14	17	29	30	34	3	3	16	4	6	0	143	2	1	0	0	0	0	
6	7	14	21	24	26	28	31	32	36	5	11	16	18	19	20	25	27	34	35	0	0	38	142	0	13	38	20	1	0	0	0	0	
6	8	9	16	19	21	31	34	37	38	0	5	11	13	15	17	24	26	30	33	0	1	46	5	25	0	522	0	19	1	0	0	0	
3	6	14	16	18	26	28	31	37	39	5	12	15	19	20	25	29	34	35	38	1	2	106	4	0	11	23	40	0	2	0	0	0	
3	4	11	13	14	16	20	25	30	34	6	8	10	12	15	18	19	29	32	35	2	3	69	3	15	0	86	0	4	1	0	0	0	
6	11	12	13	14	20	26	31	34	39	1	4	17	23	24	27	29	32	33	35	3	0	26	12	18	0	0	0	0	1	0	0	0	
2	4	5	6	13	14	16	22	25	38	0	1	3	18	28	29	31	32	35	37	0	1	70	26	0	12	12	12	0	2	0	0	0	
0	2	7	13	14	18	31	36	37	38	1	3	6	9	10	12	24	26	30	33	1	2	12	2	33	0	333	13	5	0	0	0	0	
1	5	7	8	12	14	24	32	33	35	0	4	11	21	23	25	27	30	36	39	2	3	3	33	0	15	3	15	6	0	0	0	0	
0	2	9	13	28	32	34	37	38	39	1	4	7	11	16	19	23	25	27	36	3	0	116	40	0	1148	2452	11	5	0	0	0	0	
6	9	14	17	22	27	29	32	36	37	4	5	7	10	11	16	19	25	28	35	3	1	27	1	0	3408	0	34	7	0	0	0	0	
0	1	6	8	11	12	21	33	34	38	3	5	10	13	14	15	18	20	32	37	3	2	23	5	9	0	0	33	1	0	0	0	0	
2	3	4	5	9	10	21	27	29	33	1	6	12	13	14	20	22	24	30	34	3	3	34	24	1	0	0	0	0	0	0	0	0	
6	8	13	18	22	26	28	30	33	39	0	4	9	14	16	23	25	29	32	35	0	0	89	24	0	2482	0	0	11	3	0	0	0	
2	9	14	16	17	24	26	31	33	38	1	3	4	8	10	12	15	25	29	39	2	1	52	1	0	9	2	2	1	0	0	0	0	
3	4	9	11	14	15	16	21	25	34	0	2	7	22	26	31	35	36	37	39	3	2	76	1	7	2	0	0	11	1	0	0	0	
8	10	17	19	24	27	29	33	37	38	0	2	5	11	16	21	26	32	34	36	2	3	89	0	136	5	0	0	2	0	0	0	0	
4	12	14	16	17	20	21	30	33	34	0	13	15	23	24	25	29	31	35	38	1	0	33	11	1	235	821	0	1	0	0	0	0	
5	8	9	11	20	21	22	23	25	39	1	10	15	17	24	27	29	31	35	38	3	1	98	27	68	0	19	0	4	0	0	0	0	
7	10	15	16	20	22	28	32	37	39	1	5	12	13	26	27	31	34	35	38	0	2	21	0	1669	4	0	16	3	0	0	0	0	
9	11	15	18	20	25	30	33	36	39	0	1	3	4	21	27	29	34	35	37	3	3	98	12	13	0	741	1	0	1	0	0	0	
0	12	19	20	22	23	25	31	36	39	1	3	6	10	11	13	15	16	17	26	1	0	111	32	55	28	35	0	25	0	0	0	0	
2	11	13	19	23	25	26	27	34	39	6	7	14	16	17	18	21	28	32	33	2	1	87	13	4	0	79	0	0	6	0	0	0	
3	4	8	16	20	23	27	30	36	38	0	1	9	13	14	18	26	28	35	39	2	2	72	17	0	0	0	2	5	2	0	0	0	
2	3	6	8	12	17	22	23	28	33	5	10	11	13	15	21	25	26	31	39	2	3	56	23	0	46	19	23	1	0	0	0	0	
0	1	10	12	18	26	27	30	33	35	3	5	7	8	11	16	21	22	25	28	2	0	50	21	0	0	0	0	1	0	0	0	0	
2	16	17	24	27	29	32	33	38	39	3	4	5	10	19	20	25	30	31	35	2	1	48	4	0	5	15	41	7	3	0	0	0	
0	2	8	18	19	20	21	27	36	37	1	3	4	5	12	13	23	25	28	32	1	2	25	3	7	0	4	0	2	0	0	0	0	
5	12	17	19	22	25	26	28	29	38	4	9	10	15	21	23	27	30	33	35	3	3	72	21	157	0	63	183	0	9	0	0	0	
2	3	5	6	7	23	28	34	35	37	1	8	10	12	17	20	24	29	33	38	3	0	75	111	45	709	27	64	0	14	0	0	0	
1	4	6	11	12	13	20	22	34	36	5	7	8	10	14	18	28	29	31	38	0	1	89	3	6	0	0	0	4	0	0	0	0	
1	4	6	11	12	13	20	22	34	36	5	7	8	10	14	18	28	29	31	38	1	2	57	0	0	0	27	0	3	0	0	0	0	
5	7	9	14	15	16	21	22	29	34	1	12	17	18	24	30	31	32	33	39	3	3	76	13	170	0	2107	5	0	0	0	0	0	
0	1	6	8	13	18	20	25	35	37	5	16	21	23	26	27	31	32	33	36	2	0	46	55	2	13	0	10	1	0	0	0	0	
0	1	8	10	16	26	31	34	35	37	2	15	18	19	20	24	25	27	28	33	1	1	63	5	0	97	17	0	40	0	3	0	0	
5	9	10	13	20	21	26	30	37	38	1	4	7	8	11	22	23	24	29	35	1	2	37	7	0	367	2	3	0	0	0	0	0	
6	8	9	11	12	19	20	21	25	39	2	3	7	10	13	22	23	27	34	36	3	3	63	0	1381	121	0	4	2	0	0	0	0	
5	8	12	14	15	17	19	21	36	37	1	3	6	11	20	28	31	34	38	39	1	0	82	73	0	15	0	51	39	0	0	0	0	
3	5	7	15	20	25	32	34	37	38	4	10	12	13	19	21	24	28	36	39	1	1	72	15	0	18	10	4	0	0	0	0	0	
1	3	7	12	15	17	20	23	30	31	8	10	18	19	21	25	26	29	34	38	1	2	103	3	3	0	4	0	0	0	0	0	0	
0	11	12	13	15	17	21	30	33	38	3	6	7	9	14	19	20	24	36	39	1	3	112	10	4	6	0	37	37	0	0	0	0	
3	5	10	11	17	23	26	28	33	39	0	9	13	14	21	29	34	35	37	38	2	0	71	72	0	2	0	3	0	2	0	3	0	
1	13	14	16	17	19	20	21	24	35	0	2	3	4	5	11	18	37	38	39	1	1	90	0	18	40	251	133	4	0	0	0	0	
0	1	2	5	14	15	20	21	23	33	4	9	10	13	17	18	24	25	30	37	2	2	26	0	0	0	0	0	2	0	0	0	0	
0	1	2	5	14	15	20	21	23	33	4	9	10	13	17	18	24	25	30	37	3	3	18	0	52	5	19	12	0	0	0	0	0	
1	2	5	6	18	23	26	28	31	36	13	16	17	19	21	25	30	32	35	39	3	0	90	32	21	0	0	0	12	0	0	0	0	
8	16	20	21	22	24	26	27	30	35	3	5	11	13	17	18	23	31	38	39	0	1	33	8	0	728	0	11	0	2	0	0	0	
6	8	10	12	13	16	17	18	19	30	1	2	3	4	20	23	25	29	35	37	2	2	68	22	0	58	39	0	2	0	0	0	0	
2	3	9	19	21	23	30	32	33	39	0	8	10	14	17	22	28	34	35	36	3	3	99	0	483	19	0	0	2	0	0	0	0	
4	6	15	16	17	22	25	26	33	34	5	12	14	19	20	24	27	28	32	37	3	0	46	12	13	90	0	27	0	0	0	0	0	
7	11	16	22	25	26	28	33	36	38	0	2	3	13	19	27	32	34	37	39	3	1	104	11	0	68	0	0	0	0	0	0	0	
2	3	5	16	18	22	26	31	32	37	4	8	9	13	17	27	28	30	34	36	2	2	56	6	0	1298	0	3	3	0	0	0	0	
2	11	12	15	20	21	27	28	30	32	0	5	7	9	13	17	22	24	31	33	0	3	42	0	3	2	16	50	1	1	0	0	0	
0	1	2	12	13	24	25	33	36	38	8	14	16	17	20	28	30	34	35	37	2	0	18	11	0	1	14	0	0	0	0	0	0	
1	6	7	10	20	25	28	29	35	36	5	9	11	15	16	18	21	30	33	38	0	1	69	0	11	0	88	0	1	0	0	0	0	
0	1	12	19	20	23	26	33	34	35	8	9	10	14	17	22	31	32	37	38	1	2	61	2	0	0	10	1	7	2	0	0	0	
10	11	12	15	22	25	31	34	35	37	0	1	2	4	8	13	21	27	32	38	2	3	0	5	16	0	10	5	0	0	0	0	0	
7	11	14	17	18	19	21	30	32	37	0	1	2	3	6	12	20	24	26	34	3	0	72	107	85	47	13	0	17	2	0	0	0	
6	8	15	22	26	31	34	36	37	38	1	5	7	10	11	12	13	14	20	23	3	1	41	12	0	56	0	36	1	0	0	0	0	
1	3	5	7	8	16	20	23	30	37	2	4	11	12	13	14	15	18	21	33	2	2	26	0	4	10	0	0	0	0	0	0	0	
6	10	11	13	14	16	24	25	26	28	2	3	7	12	18	23	27	32	33	38	2	3	76	0	3092	2706	65	26	19	0	0	0	0	
0	3	4	12	17	19	24	26	30	33	9	14	15	18	20	21	23	27	35	38	2	0	63	76	50	0	117	0	0	0	0	0	0	
1	2	3	10	15	18	28	34	35	39	4	6	9	16	20	24	30	32	33	38	3	1	89	0	316	12	3	0	0	0	0	0	0	
1	9	10	13	15	20	23	25	29	36	3	7	12	18	19	21	30	34	35	37	0	2	54	4	13	0	11	0	0	1	0	0	0	
3	4	7	12	16	17	21	26	36	39	0	10	13	15	20	23	24	25	29	34	2	3	83	4	7	2	13	1	0	0	0	0	0	
2	4	6	10	19	21	23	24	25	30	9	11	13	16	26	28	29	33	35	39	1	0	62	62	6	0	732	26	3	2	0	0	0	
6	15	17	20	23	25	27	30	32	36	0	2	4	5	7	9	16	18	26	29	1	1	28	17	5	0	19	0	19	7	0	0	0	
2	4	5	7	12	16	19	25	30	38	8	9	17	18	26	28	29	31	32	36	1	2	82	5	2	5	16	5	0	6	0	0	0	
0	1	12	13	18	23	26	32	36	39	9	14	17	20	22	24	28	30	35	37	3	3	71	3	0	45	2	0	1	1	0	0	0	
0	5	7	10	12	14	15	19	25	27	4	9	11	16	21	26	28	32	37	39	0	0	78	165	1	24	275	0	21	4	0	0	0	
0	2	7	8	11	14	21	27	35	38	3	4	6	10	12	13	16	17	24	33	2	1	15	4	16	0	3	0	42	0	0	0	0	
0	3	6	9	11	14	15	24	32	34	4	7	13	21	22	25	26	28	37	39	3	2	40	5	1	0	0	6	10	0	0	0	0	
7	13	16	26	32	33	34	35	38	39	1	4	5	10	12	14	23	29	30	36	0	3	83	42	0	12	3	0	68	21	1	0	0	
4	8	9	15	18	20	24	26	28	38	2	3	7	10	13	17	22	29	30	35	3	0	36	18	6	0	10	0	4	2	0	0	0	
3	6	8	11	15	20	27	29	31	35	2	12	13	16	17	25	32	34	36	38	0	1	66	14	7	0	24	10	0	1	0	0	0	
8	11	15	16	17	28	29	35	36	39	0	2	3	7	10	13	21	26	31	37	3	2	50	20	3	1	0	0	4	0	0	0	0	
0	3	10	17	20	28	30	33	36	38	7	9	18	22	23	24	26	29	37	39	3	3	101	9	0	10	16	9	0	0	0	0	0	
3	9	14	16	21	26	28	29	32	35	1	4	7	11	13	15	20	25	36	39	1	0	30	27	0	5	55	24	15	1	0	0	0	
0	4	10	11	12	13	15	18	23	37	5	8	9	14	19	26	28	34	36	39	0	1	67	0	53	4	0	2	0	0	0	0	0	
4	8	13	17	19	25	27	28	31	34	2	11	18	24	30	32	33	35	36	38	3	2	37	10	1	23	0	80	40	3	0	1	0	
3	8	14	19	23	25	28	32	33	39	0	1	5	6	10	15	20	26	27	36	1	3	24	0	7	0	10	0	0	0	0	0	0	
2	3	12	14	18	22	28	32	33	37	0	1	10	11	17	20	24	25	27	31	0	0	14	21	0	0	0	1	0	0	0	0	0	
0	1	5	6	21	26	32	35	36	39	7	10	11	14	15	16	22	23	29	31	3	1	44	32	224	28	11	42	6	2	0	0	0	
4	6	9	12	13	14	20	25	26	35	1	3	7	8	11	24	27	31	32	39	0	2	73	19	29	0	26	4	0	1	0	0	0	
0	5	8	10	13	14	17	20	32	36	3	6	11	16	18	23	25	27	31	33	2	3	15	0	44	29	0	0	0	0	0	0	0	
1	4	16	18	20	21	22	34	37	38	3	6	9	10	15	23	25	26	35	39	2	0	73	7	0	5	1	1	0	0	0	0	0	
0	3	6	9	12	17	19	20	31	39	4	8	22	26	27	28	29	30	32	37	2	1	117	17	0	5741	44	0	20	0	0	0	0	
6	9	10	11	12	14	16	20	31	37	0	1	5	8	17	18	24	29	30	34	0	2	67	3	0	17	57	32	0	1	0	0	0	
7	13	18	19	23	27	29	30	36	39	0	4	5	14	15	24	31	32	33	37	2	3	72	4	0	695	0	0	2	0	0	0	0	
0	6	9	11	14	18	25	26	30	35	2	3	10	13	16	19	22	28	29	34	3	0	0	71	5	0	52	39	6	0	0	0	0	
0	3	6	9	12	18	23	30	31	38	4	7	8	13	14	19	26	29	32	36	2	1	74	12	6	0	7518	13	0	0	0	0	0	
0	3	8	9	11	15	26	32	37	39	1	5	13	16	19	24	25	27	31	35	1	2	103	19	201	25	3	0	7	4	0	0	0	
4	5	12	14	17	21	23	29	32	36	2	3	8	15	19	24	26	28	33	37	3	3	12	13	1	0	14	0	0	0	0	0	0	
6	8	17	21	25	26	30	34	35	38	2	5	9	10	20	22	27	29	33	39	0	0	49	16	0	35	0	0	135	0	0	0	0	
0	4	6	10	14	15	27	30	33	34	3	7	8	11	12	17	18	23	35	38	1	1	44	9	0	0	287	11	9	1	0	0	0	
5	13	16	17	19	23	31	33	34	37	4	9	10	14	18	25	29	32	36	38	1	2	97	20	26	3	0	34	13	1	0	0	0	
3	5	8	12	15	24	31	33	36	37	0	1	7	11	18	21	22	25	34	35	2	3	39	5	0	9	3	2	0	1	0	0	0	
1	5	8	12	15	25	26	31	32	36	0	4	10	11	14	17	20	22	29	35	1	0	58	26	4	0	11	0	0	0	0	0	0	
3	4	7	10	12	14	16	24	33	39	13	17	20	22	25	26	27	30	32	36	3	1	27	21	21	14	0	67	4	0	0	0	0	
0	2	3	4	10	13	16	19	22	31	6	7	8	11	26	27	33	37	38	39	3	2	55	63	95	0	15	10	0	0	0	0	0	
2	6	7	11	26	28	31	33	37	39	8	9	10	14	18	19	25	29	32	34	2	3	73	42	9	0	21	9	0	1	0	0	0	
1	4	6	8	11	30	31	36	38	39	3	5	9	10	18	20	21	25	26	33	3	0	103	73	19	16	0	68	5	1	0	0	0	
3	18	19	22	30	31	33	36	37	39	8	9	10	11	16	25	29	34	35	38	3	1	120	0	43	0	0	0	1	0	0	0	0	
7	13	14	21	22	28	30	32	35	39	0	4	6	10	12	20	29	31	36	37	1	2	52	0	0	6	18	1	0	0	0	0	0	
7	11	15	22	23	24	28	30	33	37	0	2	4	5	17	19	20	31	36	38	2	3	24	6	0	0	67	0	0	0	0	0	0	
1	4	7	11	15	20	22	30	33	34	3	9	10	13	18	19	28	29	31	35	1	0	66	22	1	4	0	0	1	0	0	0	0	
3	8	9	13	22	25	28	32	33	34	7	11	15	16	18	20	23	26	31	35	1	1	85	0	0	52	6	1	0	0	0	0	0	
0	2	7	8	9	10	25	30	35	36	1	5	13	15	21	23	27	28	34	38	2	2	67	0	57	121	9	0	4	1	0	0	0	
0	1	3	8	11	13	17	23	34	38	4	5	7	14	24	26	28	31	36	39	1	3	30	0	197	110	30	0	11	1	0	0	0	
4	5	10	16	18	19	22	27	29	38	1	3	6	8	20	24	31	32	34	35	2	0	107	29	0	25	733	0	21	0	0	0	0	
6	19	21	23	24	28	33	34	37	39	8	11	12	13	20	25	29	30	31	32	0	1	38	0	3	28	4	84	3	1	0	0	0	
4	8	9	12	18	24	27	28	29	38	3	7	13	23	26	31	33	35	36	39	2	2	85	2	152	9	0	0	8	0	0	0	0	
2	4	7	12	17	20	28	37	38	39	14	19	24	26	29	30	31	32	33	35	0	3	73	4	0	2	0	1	3	0	0	0	0	
5	6	14	16	19	21	22	26	27	30	2	4	7	9	12	13	28	31	34	38	0	0	100	32	0	811	673	0	114	1	0	0	0	
0	3	10	11	14	24	26	30	35	39	5	8	15	18	20	27	28	31	34	38	2	1	47	7	1	10	0	16	0	0	0	0	0	
2	3	4	8	11	12	13	16	34	35	1	6	15	22	24	26	28	29	37	39	2	2	60	17	1	8	26	0	4	0	0	0	0	
0	5	11	12	17	19	25	27	28	33	1	2	6	8	9	10	20	21	29	37	2	3	52	13	0	0	35	0	0	2	0	0	0	
0	6	7	17	18	21	22	26	34	37	4	5	10	11	12	13	20	23	27	38	2	0	45	19	0	0	5	1	0	1	0	0	0	
2	9	10	15	17	21	22	30	33	37	4	5	7	8	14	19	24	28	32	38	1	1	93	0	0	22	30	6	5	0	0	0	0	
5	7	8	18	26	28	30	36	37	39	0	4	6	13	16	20	21	27	29	38	1	2	72	16	294	0	60	5	0	3	0	0	0	
0	7	9	12	13	28	30	35	37	38	2	8	11	14	15	16	22	23	29	36	1	3	59	15	0	35	206	7	0	0	0	0	0	
0	1	10	13	18	20	26	27	34	37	6	8	17	19	21	23	30	33	35	39	0	0	63	25	0	41	5	1	0	2	0	0	0	
1	3	6	10	16	21	25	27	33	35	2	7	8	12	15	17	18	20	26	37	3	1	11	22	0	0	8	8	0	0	0	0	0	
3	4	7	14	19	22	24	25	29	39	6	8	11	16	17	21	26	27	35	36	2	2	66	8	5	3	0	0	6	0	0	0	0	
0	3	11	12	18	19	22	24	34	39	4	6	7	13	14	17	21	32	33	37	0	3	54	5	0	2730	744	9	0	0	0	0	0	
12	13	14	19	21	27	31	33	35	36	0	3	7	8	16	17	20	26	30	37	2	0	36	40	14	0	0	0	0	0	0	0	0	
0	4	9	10	19	20	22	24	32	34	3	12	13	14	17	23	36	37	38	39	3	1	46	1	8	0	34	8	0	6	0	0	0	
0	1	4	8	9	11	20	24	26	31	6	10	12	13	23	27	35	36	38	39	0	2	73	0	50	552	324	1	34	0	0	0	0	
0	1	8	9	20	25	27	36	37	39	3	5	7	13	16	19	23	28	30	31	1	3	61	8	154	0	13	3	3	0	0	0	0	
0	7	11	17	18	26	27	28	29	34	4	6	8	19	23	24	25	31	32	33	3	0	49	154	49	3	319	572	0	0	0	2	0	
3	4	7	11	18	23	33	35	36	37	2	6	8	10	13	15	16	25	31	39	2	1	25	0	10	28	0	3	4	0	0	0	0	
4	9	15	20	22	26	27	34	36	39	10	13	17	23	24	29	30	33	37	38	1	2	74	12	187	46	0	9	4	1	0	0	0	
2	4	6	7	11	18	20	24	31	35	3	9	13	14	22	26	29	30	34	39	1	3	76	18	0	7444	18	10	4	0	0	0	0	
0	1	2	3	13	18	22	34	36	37	8	9	11	14	15	16	24	25	31	33	2	0	40	86	0	0	11	3	0	13	0	6	0	
4	12	14	22	26	27	28	29	30	38	1	6	13	17	19	20	24	31	35	36	1	1	52	13	0	0	6	0	10	0	0	0	0	
2	3	7	8	11	12	27	32	33	37	1	9	14	17	19	21	23	25	31	38	1	2	32	15	3	0	0	0	2	0	0	0	0	
0	6	7	8	12	14	21	29	37	38	3	5	15	16	18	19	27	30	34	39	3	3	66	7	0	25	36	55	0	0	0	0	0	
3	6	17	19	21	22	24	25	26	30	0	9	10	15	16	20	28	34	35	36	3	0	37	58	0	2	0	5	0	7	0	0	0	
2	3	5	8	13	14	25	26	33	38	0	10	18	22	24	27	29	31	32	36	0	1	78	2	23	3	0	0	0	0	0	0	0	
4	7	9	22	23	26	27	28	32	34	1	13	14	15	16	17	25	31	35	36	1	2	35	92	22	129	0	0	0	0	0	0	0	
0	3	9	12	17	24	25	32	34	37	2	14	15	18	19	21	22	26	36	38	3	3	57	0	2	3	10	0	10	0	0	0	0	
8	10	14	18	26	27	28	31	35	36	1	2	3	6	7	17	20	24	25	38	2	0	86	34	611	9	5	0	2	0	0	0	0	
9	15	22	27	29	30	31	36	37	38	1	3	5	7	13	14	21	24	25	26	0	1	58	0	8262	0	129	69	4	0	0	0	0	
0	2	4	7	15	19	22	29	30	37	3	9	10	12	16	23	27	32	34	35	0	2	77	15	8	0	0	0	0	0	0	0	0	
5	8	18	19	22	23	24	28	31	34	1	3	14	16	27	29	33	35	37	38	2	3	105	8	0	54	3	0	0	1	0	0	0	
7	13	14	15	17	23	27	28	29	30	1	2	5	6	10	11	22	26	33	39	2	0	34	48	225	28	10	0	0	4	0	0	0	
0	8	11	12	14	15	17	30	35	38	4	6	9	13	16	25	33	34	36	39	1	1	93	20	8	14	0	56	29	2	0	0	0	
2	9	10	15	17	19	23	25	33	39	8	14	16	20	21	24	29	31	35	36	2	2	76	6	4	0	56	190	45	0	0	0	0	
2	3	5	7	10	12	21	22	26	36	4	6	9	15	23	24	31	32	33	38	1	3	34	2	1	6	11	2	0	0	0	0	0	
0	1	3	13	16	21	33	34	35	38	5	11	12	20	25	26	28	30	32	37	1	0	30	63	5	17	0	0	0	0	0	0	0	
3	4	7	8	13	22	24	28	37	39	2	9	17	18	19	25	26	33	34	36	1	1	84	3	0	3	23	7	0	0	0	0	0	
0	1	13	18	21	28	30	36	37	38	2	3	5	6	14	15	17	27	33	39	2	2	17	5	0	0	11	0	12	0	0	0	0	
0	7	11	16	19	22	24	27	36	37	4	6	9	12	14	15	21	28	31	38	0	3	30	13	0	0	1	5	0	4	0	0	0	
2	4	11	15	25	30	31	32	34	39	6	8	12	16	18	23	24	33	37	38	2	0	15	81	0	41	10	11	6	1	0	0	0	
2	4	5	6	7	11	17	22	23	30	0	3	12	16	24	27	28	33	34	36	0	1	65	4	0	1281	0	10	31	0	0	0	0	
0	1	5	10	15	18	19	21	28	36	2	11	12	13	26	32	34	37	38	39	1	2	82	1	6	0	0	30	3	0	0	0	0	
1	5	9	22	25	29	30	34	36	39	6	7	11	12	14	16	21	32	33	37	2	3	74	219	31	0	179	0	18	0	0	0	0	
4	6	9	11	20	27	31	32	33	38	1	5	13	17	18	21	23	25	29	30	1	0	54	40	139	0	3	21	10	0	0	0	0	
4	7	9	13	14	16	21	22	34	37	0	3	10	11	12	18	23	25	30	39	3	1	43	1	7	0	0	1	0	0	0	0	0	
2	4	8	13	19	21	22	25	31	32	9	10	12	14	15	16	24	30	35	38	2	2	49	5	0	0	11	0	0	2	0	0	0	
0	3	4	10	12	17	21	22	28	38	5	15	16	20	27	30	31	32	34	36	0	3	6	3	0	0	13	0	1	0	0	0	0	
2	4	14	16	17	22	26	28	29	32	0	1	6	7	9	15	20	21	23	25	0	0	92	33	9	22	0	0	9	2	0	0	0	
1	9	10	12	15	16	24	25	29	39	3	13	14	21	26	28	32	33	34	35	0	1	45	1	0	6546	8	77	38	0	0	0	0	
0	2	7	15	18	22	24	26	30	32	1	3	8	10	11	17	35	36	37	38	0	2	71	1	8	50	5	0	38	0	0	0	0	
8	16	22	23	24	25	29	31	35	36	2	4	10	15	18	27	28	30	33	37	3	3	85	31	272	0	18	9	0	0	0	0	0	
4	12	14	21	23	24	26	28	31	32	5	9	16	18	19	30	34	35	37	38	3	0	80	71	24	0	0	138	5	0	0	0	0	
1	2	5	8	12	18	19	24	27	36	0	3	4	6	13	16	23	25	31	38	0	1	74	3	0	0	3	4	0	0	0	0	0	
1	3	5	9	14	15	21	25	26	29	0	8	16	19	23	32	35	37	38	39	2	2	94	71	6	0	172	93	3	1	0	0	0	
1	8	9	10	14	15	23	32	33	34	3	12	18	26	27	28	29	35	37	39	1	3	101	0	19	3	2	0	0	0	0	0	0	
5	8	13	18	20	30	31	34	35	37	4	6	9	16	17	25	26	27	33	39	1	0	51	38	0	13	414	0	0	0	0	0	0	
11	20	24	25	29	30	31	32	34	37	0	9	13	15	16	19	21	28	35	39	1	1	71	0	226	30	9	0	24	0	0	0	0	
3	10	15	17	20	22	25	36	37	39	2	4	5	7	12	13	16	27	29	38	3	2	84	10	47	42	41	0	7	0	0	0	0	
0	1	4	23	26	32	33	34	37	38	2	8	9	11	16	17	24	28	31	35	2	3	51	5	0	16	56	34	7	0	0	0	0	
1	2	11	14	17	21	25	27	28	35	0	3	12	16	20	23	26	33	34	38	0	0	17	21	0	13	1	0	8	0	0	0	0	
0	1	5	7	10	12	20	24	26	36	8	11	14	18	19	22	25	29	34	35	1	1	115	0	530	10	0	43	18	0	0	0	0	
2	5	6	7	12	16	18	20	26	35	0	1	8	23	27	28	30	32	33	38	1	2	59	4	21	372	0	14	0	0	0	0	0	
10	13	14	17	22	26	29	36	37	38	1	5	7	9	19	24	25	27	34	35	1	3	62	0	285	0	961	42	5	7	0	0	0	
0	2	3	14	15	22	25	30	31	35	4	10	13	17	24	27	28	29	34	36	2	0	36	15	4	0	4	0	10	0	0	0	0	
5	14	16	18	19	23	29	31	35	36	0	2	7	9	10	24	26	30	38	39	3	1	50	27	15	0	732	0	0	0	0	0	0	
0	9	14	16	17	26	31	35	36	39	2	4	6	8	13	18	24	25	27	28	3	2	94	14	0	1823	924	0	0	1	0	0	0	
1	7	17	18	20	21	23	24	25	26	0	3	6	9	10	13	16	22	31	34	0	3	58	169	0	706	22	0	35	1	0	0	0	
4	6	13	22	23	25	27	32	34	39	1	7	9	10	17	24	26	29	30	31	2	0	88	54	0	53	1	9	1	0	0	0	0	
6	12	22	25	28	30	31	32	34	37	1	4	7	10	14	17	21	24	33	38	0	1	70	11	380	0	24	0	0	1	0	0	0	
1	12	17	18	21	22	27	29	35	37	0	4	5	6	14	15	23	24	28	36	0	2	68	1	41	9	100	0	0	0	0	0	0	
2	3	4	9	15	17	20	24	32	33	0	1	13	18	23	25	28	31	34	35	0	3	42	1	0	6	47	0	0	0	0	0	0	
0	4	11	13	16	18	32	34	35	37	3	5	8	10	17	23	25	26	28	33	1	0	58	80	12	375	51	32	143	2	0	0	0	
1	10	21	23	26	27	29	34	35	39	0	3	5	7	17	22	24	32	36	38	0	1	75	19	128	0	0	146	7	1	0	0	0	
3	4	5	11	12	16	21	27	32	34	6	14	15	20	23	25	26	29	31	36	2	2	52	1	1	0	2	20	0	0	0	0	0	
1	5	6	10	13	15	20	28	29	38	2	8	12	14	16	17	21	22	25	32	3	3	0	8	7	0	12	6	1	0	0	0	0	
0	2	5	10	12	21	23	28	29	36	1	4	6	9	13	14	22	30	31	32	1	0	3	26	3	0	0	0	3	0	0	0	0	
0	4	9	13	16	19	22	31	33	36	1	6	21	23	26	27	30	32	35	37	0	1	55	14	8	13	23	0	2	0	0	0	0	
6	7	8	13	15	23	24	25	28	32	0	3	4	9	11	27	30	33	34	39	0	2	49	57	20	0	368	253	35	1	0	0	0	
1	4	5	6	7	11	20	21	22	28	3	8	10	13	16	17	19	25	32	33	0	3	91	41	17	742	0	7	3	2	0	0	0	
6	19	21	23	24	28	33	34	37	39	8	11	12	13	20	25	29	30	31	32	3	0	75	124	4	1	1	0	96	0	0	0	0	
7	10	11	13	22	27	31	32	34	35	5	9	14	15	17	18	24	25	26	29	2	1	47	7	0	29	0	64	12	1	0	0	0	
2	3	7	11	12	14	23	24	29	30	1	9	10	15	21	22	25	34	35	39	3	2	36	3	0	12	0	6	6	0	0	0	0	
2	5	7	8	22	23	26	27	34	38	1	4	9	15	16	19	30	31	32	39	0	3	97	42	22	483	839	8	13	0	0	0	0	
2	3	10	19	22	23	24	30	34	36	0	1	6	9	16	28	29	32	37	39	3	0	73	10	0	0	0	0	4	2	0	0	0	
0	4	12	15	17	19	23	26	30	34	3	6	7	9	14	22	25	29	33	38	2	1	58	3	1	0	16	56	3	1	0	0	0	
5	10	11	14	20	21	23	31	32	36	3	12	18	19	27	30	33	34	35	37	2	2	22	0	1	0	18	16	0	0	0	0	0	
5	7	8	11	17	26	27	34	36	39	3	12	21	23	24	25	29	30	32	35	3	3	65	1	0	8	0	93	7	0	0	0	0	
4	6	12	15	16	17	19	25	28	39	7	8	11	20	22	24	33	35	36	37	2	0	55	18	0	0	3262	44	0	0	0	0	0	
0	1	2	5	7	17	23	27	28	32	6	8	12	16	18	21	30	31	33	34	3	1	26	6	18	1	0	0	15	0	0	0	0	
0	3	5	7	8	11	24	27	28	32	1	12	16	18	22	26	31	34	37	38	0	2	81	0	124	4172	6	73	0	13	0	0	0	
3	8	9	14	17	22	23	26	33	39	0	1	7	12	13	15	25	27	34	36	3	3	41	0	0	2	3	9	0	4	0	0	0	
3	5	9	10	22	23	24	26	28	29	2	6	8	13	14	17	19	21	32	36	3	0	18	86	183	0	5	45	5	0	0	0	0	
2	7	8	11	13	22	28	34	36	38	5	6	9	14	16	17	19	20	27	29	0	1	66	12	0	93	109	0	6	1	0	0	0	
0	6	15	21	25	28	29	32	34	35	4	7	9	16	17	18	26	30	31	33	0	2	76	4	10	0	3	0	3	0	0	0	0	
2	6	8	10	19	22	27	33	36	38	5	9	13	17	21	25	28	29	37	39	3	3	91	22	4	0	0	0	1	0	0	0	0	
0	1	12	14	26	28	30	32	33	34	3	7	10	15	25	27	35	37	38	39	1	0	28	6	0	3	0	0	0	0	0	0	0	
0	1	2	4	9	12	13	28	30	37	6	14	15	18	21	24	25	31	32	38	1	1	83	0	89	0	0	30	12	0	0	0	0	
3	4	9	13	14	16	29	30	34	35	0	2	6	8	10	11	12	18	20	28	1	2	102	0	918	80	0	0	17	4	0	0	0	
0	1	3	9	20	21	23	31	32	37	5	7	12	13	14	17	22	25	27	33	3	3	10	22	8	0	0	0	0	1	0	0	0	
1	2	7	9	10	15	23	25	31	38	0	6	12	19	22	24	29	33	35	39	2	0	71	24	5	1	0	14	0	0	0	0	0	
0	2	6	8	11	13	17	20	24	33	3	14	23	26	27	34	35	36	38	39	2	1	37	34	13	0	128	41	1	0	0	0	0	
9	13	18	19	25	27	29	31	36	37	1	2	6	12	20	21	23	28	34	39	2	2	101	1	69	0	27	7	0	0	0	0	0	
0	1	2	9	14	15	21	28	29	39	3	5	6	10	11	12	22	24	33	36	3	3	48	0	126	518	43	10	0	0	0	0	0	
1	2	4	13	14	17	22	23	34	36	5	8	9	10	15	16	24	25	29	31	1	0	64	8	6	0	1	8	0	0	0	0	0	
5	11	15	17	22	25	26	28	30	33	0	2	4	6	7	12	16	35	36	39	2	1	41	16	0	0	13	0	2	0	0	0	0	
6	9	11	12	13	15	21	28	33	39	3	4	5	10	14	17	20	23	30	32	2	2	43	13	3	9	4	0	49	0	0	0	0	
3	5	7	9	19	23	32	35	37	39	4	10	11	13	14	16	22	33	34	38	1	3	41	0	97	62	11	0	84	2	0	0	0	
1	3	5	7	18	20	27	35	37	39	0	8	9	16	19	23	24	25	34	38	1	0	56	48	15	0	5	0	0	0	0	0	0	
5	7	14	17	22	23	24	30	31	37	4	8	10	11	18	25	26	28	29	35	1	1	50	4	0	0	1	0	0	0	0	0	0	
5	7	14	17	22	23	24	30	31	37	4	8	10	11	18	25	26	28	29	35	3	2	29	6	0	1095	8	0	0	0	0	0	0	
1	2	4	13	23	24	25	28	34	35	0	8	11	14	19	26	29	32	33	36	1	3	54	0	11	11	0	7	1	0	0	0	0	
8	9	16	18	22	23	30	32	37	39	0	3	4	5	6	7	20	24	33	36	0	0	117	105	0	1952	0	0	15	0	0	0	0	
5	7	9	12	17	24	25	31	33	39	3	4	8	10	18	19	21	32	35	37	3	1	70	4	2	0	37	6	0	1	0	0	0	
0	9	16	18	19	21	22	29	31	36	3	4	5	13	15	20	30	32	35	38	2	2	74	11	31	0	1271	0	0	0	0	0	0	
3	5	6	7	8	14	19	27	36	37	1	10	13	16	21	22	25	26	30	31	2	3	51	12	6	85	0	14	0	8	0	0	0	
4	7	13	16	24	25	31	33	37	38	0	3	5	6	8	15	17	20	27	28	3	0	59	212	0	2515	0	116	5	1	0	0	0	
5	9	14	16	19	20	25	33	36	39	1	2	3	7	8	10	11	24	27	29	1	1	94	3	4	0	447	0	0	0	0	0	0	
5	6	11	15	24	27	28	29	35	39	0	3	4	10	12	13	16	17	18	36	1	2	66	6	0	59	456	0	20	2	0	0	0	
0	2	6	9	10	14	19	22	29	35	1	12	23	24	27	32	34	37	38	39	0	3	103	11	5	0	698	5	0	2	0	0	0	
4	6	15	16	17	22	25	26	33	34	5	12	14	19	20	24	27	28	32	37	3	0	5	16	16	89	0	0	0	0	0	0	0	
0	3	4	11	18	23	30	33	35	36	1	8	12	15	22	29	32	34	37	38	1	1	15	7	0	0	11	1	0	0	0	0	0	
4	25	26	29	30	32	33	37	38	39	3	8	9	10	11	16	21	24	31	34	1	2	2	14	21	2229	35	5	4	1	0	0	0	
1	3	7	13	20	23	30	32	35	39	2	6	9	19	22	25	28	31	33	34	0	3	35	0	44	112	0	124	18	0	0	0	0	
1	5	7	11	13	17	27	29	32	37	0	3	9	15	16	28	30	34	35	38	2	0	27	24	1	0	15	1	0	0	5	0	0	
4	5	6	11	14	21	35	36	37	38	2	8	10	15	17	20	23	29	33	34	1	1	44	10	288	0	28	5	0	1	0	0	0	
5	7	15	18	19	23	26	35	38	39	1	3	9	21	24	29	31	34	36	37	0	2	70	0	0	15	5	0	10	0	0	1	0	
2	9	10	14	22	24	26	27	32	39	3	4	6	15	17	20	21	30	35	37	3	3	68	10	0	597	78	8	1	0	0	0	0	
6	12	15	16	17	20	26	28	30	37	4	5	10	19	21	24	25	34	35	36	3	0	40	42	421	25	39	8	9	0	0	0	0	
11	15	17	27	28	31	33	34	38	39	3	4	5	9	12	16	24	29	36	37	2	1	56	5	0	12	7	0	9	2	0	0	0	
1	6	9	10	21	26	27	35	37	39	0	3	7	8	11	14	20	28	29	36	0	2	116	12	0	27	551	0	5	0	0	0	0	
1	7	15	16	21	26	30	31	34	37	0	4	12	17	24	25	27	33	36	39	3	3	67	3	0	22	0	10	2	0	0	0	0	
6	8	10	11	16	17	26	29	31	39	1	5	9	13	18	22	23	27	28	32	2	0	78	51	0	15	19	0	7	1	0	0	0	
6	9	16	17	18	20	23	24	27	29	1	7	13	14	19	21	31	32	33	35	3	1	42	70	41	0	17	5	0	0	0	0	0	
1	4	14	15	18	20	23	29	30	39	0	2	8	9	10	16	24	27	35	37	3	2	46	3	8	6	10	0	0	0	0	0	0	
1	13	19	20	26	27	30	34	37	39	5	8	9	10	14	16	22	25	31	36	0	3	37	29	0	9	634	0	1	2	0	0	0	
1	3	6	7	15	18	29	30	31	38	2	5	8	10	11	12	13	16	33	35	1	0	77	17	0	0	31	0	2	1	0	0	0	
0	8	9	11	16	22	24	26	32	39	2	3	5	7	19	21	28	30	35	36	3	1	73	2	4	3	6	6	0	12	0	0	0	
1	6	8	9	10	15	21	26	34	35	4	5	17	19	20	24	27	28	33	39	2	2	84	18	11	4	0	8	0	0	0	0	0	
1	6	14	18	22	24	30	32	34	36	0	2	10	23	25	26	27	28	35	39	3	3	69	3	48	4	40	0	78	9	0	0	0	
0	1	2	3	10	13	22	24	25	30	9	19	21	23	26	29	35	37	38	39	2	0	116	4	17	0	2	0	0	0	0	0	0	
2	21	23	24	28	30	31	34	38	39	3	6	9	10	11	14	16	17	22	29	3	1	75	39	15	0	23	122	8	2	0	0	0	
0	4	8	17	18	21	26	27	37	39	7	10	15	16	20	22	23	30	33	34	3	2	49	0	0	240	58	25	5	0	0	0	0	
0	4	5	7	11	21	22	23	25	37	2	12	15	24	27	30	31	33	34	39	3	3	40	0	14	19	4	15	0	0	0	0	0	
1	4	5	9	11	13	16	17	27	37	2	8	10	12	15	21	23	29	31	33	2	0	50	106	1	0	5393	0	127	4	0	0	0	
3	6	11	13	18	25	27	31	33	39	0	2	10	20	21	23	24	26	32	38	2	1	61	4	10	0	90	0	4	0	0	0	0	
0	11	15	18	20	22	24	25	30	35	3	5	10	13	14	16	19	27	28	37	0	2	63	27	0	6	9	11	17	4	0	0	0	
0	4	15	16	20	21	23	30	31	39	5	9	10	11	12	14	25	27	29	38	2	3	77	0	3	0	10	0	4	2	0	0	0	
8	9	11	18	19	21	23	25	36	38	1	4	13	15	22	24	26	30	31	35	1	0	53	19	0	281	0	2	5	0	0	0	0	
1	2	6	8	11	15	16	19	24	26	0	13	22	25	28	29	30	32	34	38	1	1	76	51	2709	4	3	3	0	2	0	0	0	
2	5	6	8	11	13	17	26	35	39	14	15	16	23	28	30	31	33	34	36	3	2	85	38	1	0	1866	0	0	2	0	0	0	
3	4	5	6	14	21	27	34	36	38	0	1	11	13	15	16	23	25	28	29	3	3	49	11	249	0	5940	0	0	1	0	0	0	
5	13	19	24	25	26	32	33	36	37	3	4	6	7	10	14	15	18	34	38	3	0	49	92	67	0	0	0	2	0	0	0	0	
0	2	3	6	8	12	18	30	38	39	1	15	22	24	25	26	28	32	34	37	3	1	90	1	88	23	105	31	0	1	0	0	0	
0	5	11	12	15	17	24	33	36	37	4	6	20	22	23	26	27	32	34	39	3	2	35	0	13	82	0	26	8	1	0	0	0	
0	5	6	10	12	20	23	28	32	36	3	9	13	14	15	26	27	31	38	39	2	3	58	41	63	8	0	2	0	0	0	0	0	
3	15	17	18	20	22	23	24	30	35	7	12	13	16	27	31	32	34	37	39	0	0	28	39	18	135	33	22	2	2	0	0	0	
0	2	11	17	23	24	26	29	36	37	3	8	9	13	15	21	28	30	31	32	1	1	38	9	0	19	485	0	4	3	0	0	0	
2	3	4	7	9	12	29	30	33	38	1	10	13	14	15	19	20	22	25	35	2	2	27	0	491	10	0	34	2	1	0	0	0	
2	8	9	10	14	17	21	24	36	39	1	5	13	18	20	31	32	33	37	38	1	3	63	2	14	4	8	0	62	0	0	0	0	
9	10	13	16	19	20	27	33	34	37	4	7	17	18	21	22	26	35	36	39	2	0	79	35	172	2	3	10	1	0	0	0	0	
0	5	6	7	9	12	17	21	33	39	2	4	16	18	19	25	27	34	35	36	2	1	60	22	0	77	30	0	14	0	0	0	0	
0	4	6	10	14	15	27	30	33	34	3	7	8	11	12	17	18	23	35	38	0	2	37	0	525	45	16	0	0	0	0	0	0	
1	3	4	5	8	18	22	27	37	39	0	7	11	12	15	24	25	26	33	34	3	3	63	14	0	37	20	48	6	1	0	0	0	
12	17	18	19	20	22	27	30	32	37	0	5	6	8	14	21	25	29	35	36	1	0	73	29	2	125	0	0	12	3	0	0	0	
1	4	6	8	11	30	31	36	38	39	3	5	9	10	18	20	21	25	26	33	0	1	118	31	419	42	26	0	11	4	0	0	0	
8	9	12	16	17	21	24	26	27	37	1	2	3	7	10	14	18	20	32	39	0	2	72	18	2	0	7	4	0	0	0	0	0	
3	7	8	13	18	20	21	26	29	31	0	1	5	6	19	25	27	33	34	39	0	3	109	0	9	26	17	19	1	3	0	0	0	
14	16	17	18	19	23	25	32	34	35	3	5	6	11	22	27	29	30	37	38	2	0	63	63	199	4222	22	0	3	1	0	0	0	
0	8	13	17	19	22	27	31	32	37	1	2	10	11	15	18	20	23	38	39	2	1	31	5	2	2	0	15	0	2	0	0	0	
3	4	5	7	14	15	16	20	31	37	0	2	6	11	13	21	28	30	33	36	3	2	67	8	10	24	0	35	2	0	0	0	0	
0	1	10	12	22	28	32	34	35	36	6	7	9	14	16	21	26	27	30	31	1	3	34	21	0	0	21	28	0	1	0	0	0	
1	9	14	15	20	25	26	27	28	33	2	5	6	10	18	34	35	36	37	39	0	0	34	40	0	399	146	8	0	1	0	0	0	
1	2	12	16	19	21	25	28	37	38	7	8	20	22	23	26	27	33	34	39	2	1	70	74	4	0	3045	0	7	4	0	0	0	
0	2	3	7	12	16	28	29	33	34	4	6	8	13	14	18	26	32	36	38	0	2	86	0	0	8	46	0	10	0	0	0	0	
0	12	17	19	23	24	26	30	37	38	8	11	13	20	25	29	32	35	36	39	3	3	114	20	117	0	20	0	7	0	0	0	0	
0	1	8	9	20	25	27	36	37	39	3	5	7	13	16	19	23	28	30	31	2	0	47	40	2	2	30	21	5	1	0	0	0	
6	9	15	19	20	28	32	34	36	37	2	3	4	5	11	14	18	25	31	38	3	1	102	2	6	7	15	0	33	0	0	0	0	
0	3	4	5	6	10	13	22	28	30	8	9	15	18	19	21	23	29	34	36	3	2	58	5	0	15	25	24	0	1	0	0	0	
3	5	10	15	19	20	24	28	32	35	0	4	6	7	12	14	18	26	29	33	0	3	50	2	0	3	168	0	0	0	0	0	0	
1	2	5	6	12	16	21	23	35	37	3	7	10	15	20	24	25	29	36	38	3	0	36	85	66	1	0	3	0	1	0	0	0	
11	15	16	17	22	26	30	33	36	38	2	8	9	12	13	23	25	34	35	37	2	1	29	13	373	20	0	13	0	0	0	0	0	
1	2	8	10	14	15	18	26	34	36	3	4	5	11	16	19	20	27	33	35	1	2	76	9	0	13	2	3	0	2	0	0	0	
8	14	16	17	22	24	34	36	37	39	0	2	6	7	15	19	20	28	29	38	3	3	103	16	28	0	1011	6	0	0	0	0	0	
3	9	18	19	20	24	28	30	31	35	1	4	8	10	13	23	26	27	32	37	0	0	77	23	68	0	535	0	21	0	0	0	0	
2	6	9	13	14	16	22	24	33	38	1	7	11	15	17	28	30	31	32	34	2	1	9	4	97	1	0	14	0	0	0	0	0	
0	1	12	14	26	28	30	32	33	34	3	7	10	15	25	27	35	37	38	39	0	2	14	0	0	4	0	0	17	0	0	0	0	
0	1	2	4	9	12	13	28	30	37	6	14	15	18	21	24	25	31	32	38	2	3	34	0	218	23	1	0	0	0	0	0	0	
7	9	17	18	20	26	33	36	38	39	1	3	8	15	16	24	25	29	34	35	1	0	31	44	0	5	34	0	10	0	0	0	0	
1	5	11	17	19	20	21	22	28	34	3	4	15	16	24	29	30	31	36	39	0	1	52	7	0	0	33	0	3	0	0	0	0	
2	3	4	7	11	15	23	24	29	36	1	5	9	10	12	27	30	34	35	38	1	2	35	2	0	13	0	6	0	0	0	0	0	
0	4	6	10	11	19	24	26	28	36	1	13	15	16	25	30	32	34	37	38	0	3	36	21	9	2	0	9	11	0	0	0	0	
4	19	26	28	31	32	34	35	36	38	1	3	7	8	13	16	21	25	29	30	2	0	68	296	0	2164	1230	130	180	10	0	0	0	
3	5	6	11	13	24	32	34	37	38	2	4	14	15	16	19	21	25	35	36	2	1	28	17	4	6	0	132	2	0	0	0	0	
4	5	7	13	15	21	26	30	31	35	0	3	9	10	17	23	32	34	38	39	0	2	57	11	8	4	0	0	3	2	0	0	0	
0	1	4	12	23	28	29	30	33	37	3	7	11	17	18	19	22	25	32	36	3	3	32	0	19	1254	0	8	4	0	0	0	0	
5	7	9	12	17	24	25	31	33	39	3	4	8	10	18	19	21	32	35	37	3	0	57	117	3	0	90	0	6	0	0	0	0	
0	6	21	23	26	29	31	32	35	39	4	8	10	11	16	20	22	27	28	37	2	1	67	16	7	57	101	66	35	1	0	0	0	
9	14	21	22	23	26	29	37	38	39	1	2	5	13	15	20	28	32	34	35	2	2	113	11	11	11	174	0	30	1	0	0	0	
0	5	14	21	23	24	29	32	35	36	2	7	8	12	13	27	30	33	37	38	2	3	67	2	0	12	18	20	7	1	0	0	0	
1	2	10	15	19	21	24	25	29	31	4	6	7	11	12	13	26	28	30	33	3	0	35	30	0	19	18	0	0	0	0	0	0	
4	7	9	15	19	21	23	24	37	38	0	2	5	10	14	25	26	27	29	32	1	1	74	5	0	13	142	41	3	1	0	0	0	
8	9	10	12	13	14	18	19	20	26	2	5	6	17	21	22	23	27	36	39	2	2	78	29	0	1425	1356	2	0	0	0	0	0	
5	6	9	10	12	17	21	24	31	32	2	3	11	15	22	26	33	35	37	38	2	3	2	3	1	13	4	0	0	0	0	0	0	
5	7	9	10	12	20	23	25	30	36	8	13	15	19	21	27	28	34	37	39	2	0	92	18	13	0	40	4	0	0	0	0	0	
5	7	9	10	18	19	30	34	35	38	3	16	17	22	23	25	29	31	32	33	1	1	69	9	71	0	39	3	0	1	0	0	0	
0	2	9	19	21	22	26	31	32	35	1	4	6	7	12	13	14	15	23	33	1	2	25	0	271	3	81	5	7	0	0	0	0	
6	8	14	21	29	31	33	36	37	38	9	13	15	17	22	23	27	30	32	35	0	3	35	25	10	0	1244	0	0	6	0	0	0	
4	6	7	9	14	23	24	33	34	36	0	1	8	16	17	19	21	25	29	32	1	0	48	47	19	70	0	13	6	0	0	0	0	
3	4	10	17	23	24	25	26	31	35	1	5	7	8	12	14	19	22	27	39	1	1	96	1	1	0	23	23	3	0	0	0	0	
0	2	3	4	12	13	16	21	30	37	5	7	8	9	20	22	28	32	36	39	2	2	65	0	5	5	22	0	0	0	0	0	0	
1	2	5	7	12	27	29	31	35	39	3	4	8	9	14	15	19	20	34	38	1	3	76	40	4	7	0	9	1	0	0	0	0	
1	4	9	13	15	17	25	28	32	37	6	8	11	12	21	26	30	31	33	34	2	0	28	31	0	0	149	9	0	0	0	0	0	
1	2	13	19	22	27	29	36	37	38	3	4	9	10	11	12	15	26	31	33	3	1	94	4	0	0	15	2	2	1	0	0	0	
8	13	15	21	22	25	28	32	35	37	1	4	5	6	12	17	24	29	31	33	3	2	40	12	18	0	22	0	36	0	0	0	0	
4	13	16	18	21	26	33	35	36	37	1	2	3	5	9	19	27	28	34	39	1	3	82	0	6	41	1214	0	0	1	0	0	0	
1	9	14	15	21	23	24	25	27	38	3	5	6	7	8	12	13	17	26	32	0	0	79	113	0	13	0	0	24	602	1	5	0	
2	6	8	10	21	22	28	30	32	35	7	9	12	16	24	29	31	33	34	37	1	1	47	0	34	8	9	15	1	0	0	0	0	
0	1	11	16	17	18	21	28	35	39	4	8	10	13	15	20	23	24	25	27	3	2	55	18	35	0	6218	42	0	8	0	1	0	
3	6	9	10	19	22	23	24	38	39	1	12	13	14	17	20	26	30	31	35	2	3	58	4	0	0	96	0	2	0	0	0	0	
4	6	11	17	21	22	26	27	31	34	10	12	18	28	29	30	32	35	38	39	2	0	58	49	0	8	78	0	0	0	0	0	0	
0	6	14	15	22	25	26	34	36	37	2	11	12	16	19	23	27	28	31	38	0	1	44	1	8	0	0	21	1	0	0	0	0	
1	10	11	14	16	19	27	30	31	34	0	2	13	17	21	22	23	32	37	39	2	2	54	0	50	3	11	9	1	1	0	0	0	
3	15	16	20	21	22	24	27	28	33	0	7	9	11	17	23	25	26	30	34	3	3	2	12	0	0	0	1	3	0	0	0	0	
0	1	4	11	17	18	24	32	34	35	2	3	8	9	13	14	16	27	33	36	3	0	37	72	9	0	37	22	3	0	0	0	0	
0	2	15	22	24	29	30	33	35	39	1	5	7	8	10	19	27	28	36	38	3	1	102	3	0	1905	7	52	11	0	0	0	0	
1	7	10	18	19	24	32	34	37	39	2	3	6	13	14	15	20	25	26	38	1	2	71	5	7	0	21	0	5	1	0	0	0	
1	9	11	16	17	19	20	26	28	34	7	8	13	18	23	27	30	31	36	37	0	3	83	18	531	0	29	0	2	0	0	0	0	
0	6	8	9	10	12	17	18	26	28	1	16	22	23	24	27	30	32	35	38	1	0	29	170	1923	1127	9	63	18	0	0	0	0	
5	8	10	17	18	23	26	29	33	37	0	2	6	11	21	27	34	35	36	39	0	1	69	1	0	65	999	0	1	0	0	0	0	
1	2	5	7	9	18	20	21	30	35	4	6	8	14	17	26	28	32	33	38	0	2	51	17	15	10	6	0	0	4	0	0	0	
2	5	6	8	10	12	20	22	30	37	1	9	13	15	21	25	26	27	33	38	1	3	27	3	1	2	0	36	8	0	0	0	0	
0	2	3	7	13	28	29	33	36	37	5	6	12	22	23	26	31	32	34	35	0	0	44	70	3	5	0	0	0	0	0	0	0	
0	1	3	6	11	22	25	28	34	39	4	7	9	15	16	17	21	23	26	36	2	1	70	6	0	20	6	31	9	0	0	0	0	
1	3	4	10	11	12	23	27	31	33	2	5	9	14	15	17	28	34	35	36	1	2	28	3	0	0	0	0	3	0	0	0	0	
0	1	5	9	13	19	20	21	29	38	2	3	10	15	22	23	25	28	32	39	2	3	91	4	8	19	0	0	1	0	0	0	0	
1	3	7	9	14	15	25	27	34	36	0	4	6	10	12	13	20	22	29	32	3	0	46	103	9	3	0	3	1	0	0	0	0	
0	11	13	15	20	21	23	31	34	39	3	5	6	18	25	29	32	33	35	36	0	1	42	2	4	0	3	1	8	0	0	0	0	
0	11	15	16	19	28	33	35	38	39	1	2	7	8	13	18	23	25	29	30	3	2	87	25	116	0	56	0	47	0	0	0	0	
2	10	11	15	21	22	28	31	36	39	0	1	4	5	18	19	25	29	37	38	0	3	86	2	3	0	47	22	2	1	0	0	0	
3	8	12	17	18	21	24	29	37	38	2	6	13	20	25	27	28	30	32	36	3	0	44	2	0	146	0	2	8	0	0	0	0	
0	2	8	9	14	17	18	21	28	30	3	5	10	12	22	23	29	31	33	35	0	1	69	15	3	15	0	0	0	0	0	0	0	
1	8	10	11	14	18	19	20	22	31	7	9	12	13	15	16	23	24	28	34	1	2	96	0	0	0	340	39	11	0	0	0	0	
4	7	10	11	13	21	30	32	37	38	0	3	8	15	17	19	20	23	25	27	2	3	67	0	24	34	14	69	0	1	0	0	0	
0	7	21	22	24	26	27	28	31	38	1	2	6	9	10	12	25	29	35	37	2	0	81	253	0	17	0	50	30	3	0	0	0	
1	5	8	10	12	14	16	25	27	33	2	6	7	13	17	21	22	28	29	36	2	1	64	2	44	0	17	0	11	0	0	0	0	
5	9	15	21	26	28	33	35	37	38	3	6	10	12	14	19	24	30	31	34	0	2	53	6	13	164	0	0	2	1	0	0	0	
4	8	11	20	26	31	32	34	35	38	6	7	9	12	13	17	21	22	29	37	1	3	25	38	0	0	2	4	2	1	0	0	0	
1	7	8	19	23	24	27	31	35	36	5	10	13	15	17	22	28	29	34	39	1	0	97	58	0	443	0	111	12	0	0	0	0	
1	7	12	14	17	19	22	27	33	36	2	3	4	5	8	10	15	21	28	37	0	1	74	0	0	22	24	0	29	0	0	0	0	
0	5	11	12	18	19	22	23	28	38	2	10	13	16	24	25	26	31	32	37	2	2	39	1	14	2	0	10	0	1	0	0	0	
6	9	11	15	20	21	22	26	27	31	0	10	12	14	18	19	30	34	36	38	3	3	25	3	18	0	233	27	0	3	0	0	0	
0	2	3	4	6	12	21	23	26	30	7	10	13	16	20	27	32	35	37	39	1	0	26	140	0	6	41	1	0	0	0	0	0	
0	7	12	14	22	26	34	37	38	39	1	4	5	13	20	21	23	27	29	35	3	1	70	5	0	7	63	0	4	1	0	0	0	
0	2	4	16	21	23	25	29	30	34	1	3	5	13	14	15	27	31	37	38	3	2	16	3	10	10	9	0	3	0	0	0	0	
2	3	12	13	16	25	27	30	33	36	0	1	8	14	18	20	21	22	24	39	1	3	47	3	0	3	3	58	4	0	0	0	0	
2	7	10	13	22	25	31	32	38	39	1	4	6	11	12	18	21	23	30	34	1	0	58	51	0	42	460	3	0	0	0	0	0	
5	7	9	10	16	26	27	29	30	36	1	2	4	6	18	19	32	33	34	37	1	1	84	18	61	0	3	0	1	0	0	0	0	
1	5	7	14	15	16	20	30	35	36	0	4	10	13	21	22	23	26	32	37	2	2	32	0	1	7	22	0	53	0	0	0	0	
0	4	9	16	19	21	23	24	37	39	2	3	10	18	20	22	26	34	35	36	1	3	85	1	0	68	17	0	0	0	0	0	0	
2	3	5	9	20	25	27	29	32	36	4	11	12	18	21	26	30	33	34	39	1	0	49	26	15	12	13	11	0	1	0	0	0	
3	6	9	10	12	14	22	32	33	34	1	2	4	15	23	25	27	28	30	39	3	1	25	0	0	27	23	5	0	0	0	0	0	
1	11	17	23	34	35	36	37	38	39	0	4	5	6	9	10	12	25	29	31	2	2	11	54	727	0	37	0	15	0	0	0	0	
7	9	10	11	15	23	25	29	35	38	4	5	8	24	26	33	34	36	37	39	3	3	99	2	107	0	8796	4	9	0	0	0	0	
4	7	8	12	18	22	27	29	30	35	1	2	11	16	20	26	28	31	32	33	3	0	19	17	138	0	5	2	0	0	0	0	0	
1	5	6	16	20	23	28	29	33	34	8	9	10	12	13	21	24	25	37	38	2	1	74	12	23	0	2	1	0	1	0	0	0	
7	10	20	21	22	26	31	33	36	37	4	6	9	15	23	24	25	32	35	38	2	2	57	1	0	2451	1	21	12	0	0	0	0	
2	3	4	8	14	21	22	28	31	33	1	7	9	11	12	18	29	30	36	38	1	3	77	25	10	61	1660	46	0	2	0	0	0	
1	5	17	18	20	29	30	32	34	38	12	13	15	19	23	25	26	31	33	39	1	0	88	13	0	2	28	0	265	2	0	0	0	
1	5	13	21	22	23	24	26	37	39	2	12	14	19	25	32	33	34	35	38	2	1	66	4	0	37	26	62	7	1	0	0	0	
3	7	11	12	22	30	32	36	37	38	2	8	9	13	14	17	21	23	27	28	2	2	83	0	0	0	0	71	145	2	0	0	0	
1	12	13	16	18	25	26	27	35	38	2	4	5	10	14	19	22	23	24	33	2	3	62	13	0	36	6	0	6	1	0	0	0	
3	8	9	20	21	23	26	30	33	36	1	6	7	12	16	24	28	34	37	38	1	0	47	32	237	0	11	45	5	0	0	0	0	
4	6	7	11	12	14	21	26	35	39	0	5	8	9	10	13	16	33	34	38	2	1	25	19	2	5	0	12	1	0	0	0	0	
5	8	13	22	27	31	33	37	38	39	3	4	6	11	19	23	25	29	30	32	2	2	61	49	21	3	42	0	0	1	0	0	0	
0	15	16	23	29	30	31	34	37	38	4	7	8	10	18	20	27	28	32	39	3	3	77	0	0	1557	1272	0	3	0	0	0	0	
2	5	7	9	12	18	20	25	29	34	4	6	15	16	19	22	23	35	37	39	0	0	105	53	4	6	5	0	34	0	0	0	0	
3	9	10	11	13	15	16	17	29	34	0	2	6	7	14	22	23	25	37	39	2	1	41	0	61	0	934	0	35	2	0	0	0	
5	6	19	22	23	24	28	36	37	39	0	15	17	18	26	29	32	33	34	35	3	2	90	8	146	0	0	0	0	0	0	0	0	
2	8	10	14	19	25	31	34	36	37	3	4	7	11	16	22	27	33	35	39	2	3	25	14	7	0	329	4	0	0	0	0	0	
0	1	11	13	17	20	23	26	37	38	3	4	5	12	15	16	30	32	33	36	2	0	19	26	2	0	3	1	0	0	0	0	0	
1	2	5	7	9	10	15	21	23	33	4	6	8	12	22	24	26	31	34	39	0	1	81	14	0	0	22	0	3	0	0	0	0	
2	3	5	6	9	17	28	31	35	39	1	10	14	16	20	21	24	29	30	37	1	2	50	0	16176	51	13	60	0	1	0	0	0	
2	14	17	19	22	24	30	31	32	39	4	9	11	16	20	25	27	28	34	35	3	3	91	17	5	40	0	0	0	0	0	0	0	
0	1	3	7	10	12	14	22	26	38	2	4	6	13	20	29	33	34	35	36	2	0	37	61	12	15	1	0	0	0	0	0	0	
1	4	9	11	13	30	31	34	36	39	8	10	17	24	25	27	32	33	35	37	0	1	32	81	2076	35	43	0	18	8	0	1	0	
5	13	17	19	21	23	25	28	37	38	4	6	9	11	14	20	24	26	31	33	2	2	55	127	0	117	10	14	0	0	0	0	0	
1	4	13	15	16	17	23	25	28	30	10	11	14	21	24	31	34	36	37	39	0	3	24	66	11	37	0	7	1	0	0	0	0	
3	4	6	11	13	14	16	27	32	37	0	5	9	21	26	28	31	33	34	35	2	0	39	44	3	0	0	4	0	0	0	0	0	
1	9	16	17	18	19	31	35	36	39	0	3	4	7	11	14	20	22	37	38	0	1	87	107	922	549	14	99	41	1	0	0	0	
1	5	6	12	20	22	29	30	31	35	2	10	13	14	15	16	17	21	24	32	2	2	41	13	25	6	8	5	0	0	0	0	0	
7	10	11	13	19	31	36	37	38	39	1	2	6	9	18	20	23	24	26	33	0	3	88	32	0	30	76	80	44	5	0	0	0	
3	8	13	15	16	19	23	28	30	36	0	1	4	9	11	14	20	25	31	37	1	0	88	96	18	0	50	1	0	2	0	0	0	
2	8	22	24	25	28	30	31	34	35	3	9	10	18	19	20	21	26	33	38	3	1	104	27	79	21	0	40	4	0	0	0	0	
3	4	14	18	20	21	29	34	37	38	1	7	8	9	11	13	17	24	27	32	0	2	74	5	0	490	0	14	1	0	0	0	0	
5	7	9	10	23	27	28	31	33	39	0	14	15	19	21	22	25	34	36	37	2	3	69	6	1	0	30	5	18	4	0	0	0	
8	9	15	17	20	25	26	30	34	36	2	6	10	11	18	21	27	28	33	37	2	0	40	15	9	0	0	0	0	4	0	0	0	
4	9	11	12	13	15	30	33	37	39	5	8	10	16	19	22	23	28	31	32	2	1	54	5	0	2387	12	10	28	1	0	0	0	
0	1	13	14	15	20	23	25	30	37	7	9	12	16	17	18	19	26	32	33	3	2	74	3	0	34	5	1	0	1	0	0	0	
1	3	5	6	7	10	11	24	27	30	17	18	22	25	26	28	29	31	33	36	1	3	34	16	6	0	30	0	0	0	0	0	0	
1	2	6	13	17	25	28	31	37	39	4	10	11	12	14	23	24	27	30	35	0	0	27	19	2	6	6	0	14	1	0	0	0	
0	5	13	15	16	20	26	32	35	36	12	17	21	22	23	30	31	33	34	39	2	1	13	16	0	22	37	0	11	0	0	0	0	
0	1	11	12	15	19	22	27	30	38	3	6	7	10	16	20	21	23	33	36	3	2	21	2	1	0	0	15	0	0	0	0	0	
2	3	5	11	20	21	22	24	38	39	7	9	10	13	15	23	30	33	36	37	3	3	64	1	0	197	11	0	1	1	0	0	0	
0	1	8	10	11	17	26	35	36	38	2	5	14	18	20	27	28	29	31	39	3	0	69	14	3	0	461	13	2	1	0	0	0	
2	3	16	20	26	28	30	34	37	39	4	12	19	21	22	23	32	33	35	38	1	1	63	6	0	0	665	24	6	0	0	0	0	
2	10	14	15	18	20	24	32	33	37	9	11	16	19	21	25	29	30	38	39	1	2	116	10	26	0	57	54	42	0	0	0	0	
3	9	13	20	23	25	26	31	37	38	2	5	6	8	11	17	28	29	33	34	2	3	102	19	2	32	7	0	45	0	0	0	0	
5	7	11	16	17	18	19	24	34	35	4	6	9	14	15	25	26	32	36	39	3	0	91	39	0	1230	0	82	0	0	0	0	0	
7	10	14	17	18	19	21	29	30	39	1	8	9	15	22	26	28	35	37	38	2	1	84	20	0	3680	696	0	1	0	0	0	0	
1	9	19	20	25	26	27	28	31	32	2	3	6	11	21	22	23	24	30	36	2	2	90	3	0	3679	2784	104	4	0	0	0	0	
0	8	13	17	18	21	28	29	34	39	1	4	10	12	14	15	16	20	31	35	0	3	70	1	1	2	0	10	0	1	0	0	0	
2	3	7	8	10	12	16	25	28	38	4	9	11	14	15	17	24	26	31	34	3	0	25	40	0	0	4683	60	30	0	0	0	0	
1	9	11	14	16	17	22	24	37	39	0	2	3	5	27	28	30	34	35	36	1	1	58	0	0	1	0	0	0	2	0	0	0	
1	9	11	14	16	17	22	24	37	39	0	2	3	5	27	28	30	34	35	36	1	2	64	0	0	17	0	116	30	0	0	0	0	
1	18	19	22	25	26	27	28	33	38	0	10	13	15	16	20	23	30	31	32	0	3	49	25	0	7262	0	5	0	10	0	0	0	
