Mode: 21 #Games: 1000
p0_0	p0_1	p0_2	p0_3	p0_4	p0_5	p0_6	p0_7	p0_8	p0_9	p2_0	p2_1	p2_2	p2_3	p2_4	p2_5	p2_6	p2_7	p2_8	p2_9	trump	first	fp	t_t0	t_t1	t_t2	t_t3	t_t4	t_t5	t_t6	t_t7	t_t8	t_t9
5	9	13	14	16	20	21	23	26	33	1	6	8	12	15	25	27	29	30	32	0	0	28	411	0	5234	1812	0	32	11	1	1	0	
8	10	13	14	15	24	25	27	30	37	0	7	9	11	19	23	26	29	33	38	1	1	70	47	15	69	0	1	0	2	0	1	0	
1	12	15	17	19	29	33	35	36	37	2	8	9	10	11	13	16	20	22	30	0	2	75	157	46	323	1821	0	514	0	0	1	0	
3	7	9	14	23	26	34	36	37	39	0	5	12	13	21	22	25	27	28	38	1	3	35	0	3211	820	84	131	19	3	2	1	0	
0	1	7	9	19	24	31	34	35	39	2	5	10	12	17	25	27	32	33	37	3	0	105	381	5040	0	44	0	153	2	1	1	0	
2	3	6	13	17	25	31	32	35	39	5	11	12	14	18	20	23	26	29	34	0	1	40	82	1070	94	0	209	199	4	1	0	0	
7	10	11	14	28	29	32	36	38	39	0	3	5	6	12	18	21	22	23	35	3	2	91	18	0	2366	781	0	3	2	0	1	0	
4	10	12	17	18	20	23	27	37	38	1	5	6	7	9	13	21	25	33	35	3	3	18	0	5893	46	146	0	260	6	2	0	0	
5	11	12	14	15	17	19	24	28	37	4	8	18	23	26	27	30	31	33	34	0	0	50	324	0	0	278	0	299	30	3	2	0	
5	8	11	18	21	24	27	31	35	39	3	7	13	15	16	22	23	25	26	29	1	1	58	32	0	63	835	4	26	2	1	0	0	
0	4	9	10	20	22	23	27	33	39	2	12	13	16	17	18	21	29	32	38	3	2	65	52	0	6379	225	271	40	2	2	0	0	
0	11	17	24	28	29	30	32	37	38	6	7	10	18	19	23	26	31	36	39	1	3	96	87	1604	0	4644	372	134	4	8	1	0	
1	3	5	10	13	14	20	25	31	35	4	12	17	18	22	23	26	28	38	39	1	0	96	367	41	0	68	67	0	5	0	1	0	
1	9	10	12	16	17	20	30	35	36	0	6	7	8	24	27	31	32	33	34	1	1	70	0	302	33	81	55	7	2	0	1	0	
2	3	10	12	14	19	29	30	33	36	1	4	8	15	17	21	23	26	28	39	0	2	71	0	4800	239	6782	1364	45	3	2	1	0	
6	11	12	15	16	19	25	29	32	33	3	5	7	20	23	26	28	31	34	36	1	3	82	59	312	2529	0	187	52	0	2	0	0	
0	6	19	21	22	27	33	34	36	39	3	8	11	13	14	16	18	20	24	29	1	0	107	272	0	37	0	143	0	61	3	0	0	
2	11	14	15	18	21	24	36	37	38	3	4	19	20	22	23	29	30	32	35	2	1	36	66	628	86	58	0	16	2	1	1	0	
7	16	27	29	30	31	32	33	35	39	1	4	9	10	12	18	22	23	26	37	1	2	76	0	1842	74	0	110	0	39	4	1	0	
0	3	7	8	9	21	23	25	28	39	1	2	4	10	12	17	18	26	27	36	3	3	42	97	8617	0	19649	199	75	11	3	1	0	
2	10	13	14	19	20	22	30	34	39	3	6	7	11	12	16	17	23	27	37	2	0	8	218	73	129	44	0	0	9	1	1	0	
3	8	13	15	16	18	20	24	26	33	1	2	4	5	9	11	23	29	34	39	1	1	41	129	1606	0	234	87	10	2	2	1	0	
2	5	7	10	20	22	27	32	37	38	4	6	14	15	16	18	25	26	31	33	1	2	34	0	58	53	0	126	11	0	2	1	0	
13	15	18	23	24	25	29	30	37	39	0	3	9	11	22	26	27	32	33	38	1	3	97	206	241	2229	0	214	30	3	2	0	0	
9	19	22	24	27	29	30	33	35	37	0	2	3	7	12	14	16	17	26	38	3	0	81	439	19178	21674	188	183	20	3	1	1	0	
3	5	12	15	18	21	23	24	32	34	0	8	16	17	22	25	27	28	33	35	2	1	69	46	82	90	41	0	11	0	1	0	0	
1	8	16	20	22	23	24	26	32	39	0	3	5	11	14	27	31	34	36	38	2	2	71	0	2944	0	192	0	88	3	1	1	0	
1	2	3	4	11	12	14	21	27	38	0	7	18	19	20	22	24	26	30	36	1	3	35	63	19	0	1760	65	0	8	0	0	0	
4	5	10	12	15	17	25	26	27	37	1	2	6	7	11	14	21	30	32	35	2	0	11	279	54	54	81	0	261	37	1	3	0	
4	9	14	19	22	24	31	32	35	39	3	7	10	13	16	20	23	29	34	36	2	1	62	32	0	7162	0	167	9	0	5	1	0	
4	12	19	20	23	26	28	29	35	36	1	3	16	24	25	27	30	32	34	39	1	2	34	85	0	21647	463	3	918	17	3	1	0	
1	5	14	15	22	29	34	35	36	39	0	3	7	16	20	24	28	30	31	37	1	3	30	58	2278	20	0	15	0	23	0	3	0	
7	11	13	16	18	21	28	31	32	38	2	3	4	5	8	9	15	24	33	39	0	0	87	340	22222	145	472	243	0	4	2	1	0	
1	7	8	16	19	21	26	28	36	39	6	12	13	18	20	23	24	27	32	34	1	1	94	44	27	0	1477	115	11	0	1	1	0	
6	7	8	11	18	19	20	25	34	37	1	3	9	16	17	24	26	31	32	39	0	2	98	44	0	61	292	0	13	0	2	1	0	
1	3	17	18	19	20	21	23	25	34	0	4	6	7	8	9	26	27	32	35	2	3	70	136	6714	0	3954	74	76	6	2	1	0	
1	4	10	13	15	17	24	26	35	39	8	11	14	16	23	25	27	28	33	37	2	0	62	245	74	57	0	283	41	3	1	1	0	
6	7	9	10	14	19	23	25	36	38	1	2	11	12	13	17	26	29	30	33	1	1	73	60	0	37	195	0	124	0	1	1	0	
0	1	8	13	16	21	22	29	33	36	5	9	17	20	26	27	28	30	31	35	2	2	68	30	54	23	40	39	0	10	2	0	0	
4	9	14	16	18	22	25	27	31	37	1	2	3	8	10	12	23	29	33	39	2	3	78	61	584	34	152	0	58	0	2	0	0	
1	2	4	6	12	13	18	19	21	33	0	8	11	15	17	28	29	31	35	36	3	0	40	229	223	60	140	0	13	0	2	0	0	
6	8	13	16	21	24	30	32	35	39	0	7	10	11	14	20	22	29	37	38	3	1	55	24	85	0	107	103	0	2	1	1	0	
4	5	6	12	16	17	26	34	37	38	2	9	10	15	19	23	25	30	31	35	3	2	39	81	32	0	90	22	0	7	2	1	0	
2	4	10	14	17	25	27	28	32	34	0	5	7	8	11	16	19	20	21	24	3	3	33	45	726	21	34	0	7	3	0	0	0	
0	3	6	7	8	12	22	32	34	37	1	4	9	15	17	19	20	21	23	24	1	0	38	232	84	138	6030	100	26	0	1	1	0	
1	4	11	15	16	17	20	28	33	39	5	7	12	13	14	24	27	31	36	38	0	1	23	44	0	102	56	3	0	6	0	1	0	
3	5	8	10	15	18	20	21	33	35	4	7	9	12	19	23	25	30	31	36	1	2	67	36	0	31	35	0	0	0	2	1	0	
2	3	10	12	16	28	30	31	37	38	11	13	15	18	23	29	32	33	35	39	1	3	50	0	6004	337	27224	337	44	8	2	0	0	
6	16	18	20	23	24	26	33	34	39	9	11	13	14	17	19	25	30	31	35	0	0	26	143	23	0	43	0	45	10	2	1	0	
2	4	8	16	21	25	26	32	34	36	5	9	22	29	30	31	33	35	37	39	0	1	89	51	460	248	0	4	0	0	1	2	0	
0	3	8	12	13	16	17	23	37	38	1	4	7	9	20	25	26	30	32	39	2	2	45	94	0	29998	503	146	0	3	1	1	0	
1	2	4	8	11	13	19	30	37	39	5	9	12	15	20	21	23	24	28	35	2	3	96	233	150	64	902	0	23	0	2	1	0	
10	15	19	20	21	24	27	35	36	38	3	4	7	8	9	12	13	16	18	23	1	0	72	307	110	61	749	985	573	13	4	2	0	
0	1	3	5	10	12	23	29	31	34	4	6	7	8	16	17	25	26	35	37	1	1	40	31	0	76	5	2	0	1	0	0	0	
1	4	8	9	11	21	23	35	36	38	3	6	12	14	17	19	27	28	37	39	1	2	107	0	253	0	392	93	18	2	1	0	0	
7	8	11	13	15	23	27	28	30	37	0	1	6	12	16	25	29	31	33	34	1	3	59	18	0	4015	2286	0	12	2	0	1	0	
2	14	17	21	25	27	32	33	36	38	3	7	8	12	16	19	24	29	35	37	3	0	93	255	636	0	38	0	22	3	1	1	0	
0	10	16	18	20	22	25	30	36	38	6	12	14	21	23	24	27	28	34	37	0	1	5	0	68	24	208	590	38	3	1	1	0	
3	7	10	12	16	20	21	26	30	35	1	9	13	14	15	18	19	24	32	39	2	2	66	114	60	55	0	46	28	0	2	0	0	
3	4	6	7	15	22	24	27	31	36	5	8	9	11	12	25	26	29	35	39	0	3	88	0	263	137	3598	3	12	0	2	1	0	
2	3	13	19	30	31	32	33	34	39	6	18	20	21	22	25	27	35	36	37	0	0	10	95	0	30	96	21	2	1	1	1	0	
2	4	9	11	17	23	26	30	33	34	1	3	5	6	19	20	31	35	36	37	0	1	62	41	48	37	0	358	0	6	0	1	0	
3	9	10	11	16	20	22	25	28	39	7	8	12	17	19	23	26	32	33	38	0	2	65	63	0	80	2410	40	0	41	2	1	0	
1	3	4	8	12	14	15	26	29	36	11	16	18	23	24	31	32	33	34	39	1	3	13	73	417	0	0	154	6	0	1	1	0	
3	4	16	21	22	26	27	29	34	36	1	12	15	19	30	31	32	37	38	39	1	0	50	223	1601	931	0	65	3	0	0	0	0	
3	6	20	22	23	27	33	34	37	38	1	4	10	12	14	26	29	30	35	39	1	1	35	103	245	132	165	73	0	8	1	2	0	
1	7	9	11	12	17	18	28	31	38	4	6	10	16	19	22	26	29	30	34	0	2	108	67	529	0	36	0	92	4	2	1	0	
6	7	14	15	21	23	27	34	36	38	2	3	5	8	19	20	26	28	29	35	1	3	30	58	36	33	0	3	0	3	2	1	0	
3	4	7	12	16	17	18	25	29	35	6	19	20	22	23	26	32	36	38	39	1	0	95	220	0	0	159	243	9	0	3	2	0	
6	9	10	12	13	14	18	27	32	36	0	2	5	8	11	15	19	23	31	33	2	1	6	55	0	0	205	0	243	2	2	1	0	
5	8	10	12	22	23	25	26	27	37	0	3	14	15	16	19	20	31	34	35	3	2	29	60	0	97	0	282	282	3	2	1	0	
3	11	12	13	21	24	25	29	32	38	6	8	10	16	18	22	27	28	35	39	3	3	56	0	0	121	91	0	98	10	2	1	0	
8	11	17	18	21	26	27	34	35	39	3	5	10	13	14	20	22	28	31	32	3	0	66	205	0	5086	0	108	21	3	1	1	0	
0	16	17	19	20	27	30	31	33	37	3	4	6	7	9	10	12	21	34	35	1	1	47	91	57	1471	0	201	394	2	0	1	0	
8	9	10	12	20	22	28	31	33	34	2	3	4	6	17	19	21	26	27	37	0	2	59	60	589	30	0	4	35	3	0	0	0	
3	9	16	21	24	25	26	29	31	37	1	4	7	13	17	23	32	33	36	39	3	3	62	95	0	423	174	0	19	6	2	2	0	
3	12	13	19	20	24	26	35	36	37	1	4	7	9	10	15	22	30	31	39	0	0	75	499	18	0	171	74	3	2	0	1	0	
0	3	7	15	16	20	25	29	35	39	5	9	12	13	17	19	22	30	32	33	1	1	51	60	40	0	3923	0	130	3	2	2	0	
0	2	11	17	21	22	23	32	35	39	4	5	13	19	20	24	27	29	30	38	1	2	33	24	0	0	56	57	0	3	0	1	0	
6	10	12	17	18	26	29	30	31	34	0	1	4	5	13	14	35	36	37	38	3	3	78	57	986	28	108	0	18	0	2	0	0	
1	11	13	15	18	26	30	31	34	36	5	7	9	12	14	20	21	23	25	38	2	0	54	349	219	183	3321	145	13	5	0	0	0	
1	3	11	13	17	18	20	28	33	34	4	6	10	14	15	16	23	26	27	35	0	1	30	65	0	178	3682	341	25	2	0	0	0	
3	6	9	10	21	22	24	26	29	38	8	13	15	16	18	20	23	27	28	36	2	2	62	0	35	241	295	768	84	21	3	0	0	
1	3	11	12	21	26	28	29	33	34	4	5	7	8	10	17	27	30	37	39	3	3	78	0	0	153	3831	0	40	6	3	1	0	
1	2	6	9	13	17	25	34	35	37	4	5	7	21	22	23	28	32	36	39	3	0	73	268	0	336	66	19	33	4	1	0	0	
0	5	11	12	14	22	25	32	34	39	2	4	13	17	18	19	21	27	31	35	0	1	30	36	29	0	2632	0	22	1	2	1	0	
4	8	9	18	19	20	29	30	31	38	3	6	10	12	13	22	23	32	35	39	3	2	96	43	0	10956	0	23	7	0	2	1	0	
3	11	13	15	17	21	24	28	30	37	1	6	7	14	19	23	31	32	34	39	1	3	43	67	29	48	0	320	22	16	2	1	0	
3	5	6	7	15	25	26	29	31	35	10	11	14	17	28	30	32	34	37	39	3	0	46	237	31	0	25	122	27	0	2	0	0	
1	8	14	20	22	24	29	30	32	33	4	7	13	21	23	28	31	34	37	38	0	1	77	54	0	0	3250	0	65	5	1	0	0	
1	3	4	11	14	15	24	25	36	37	0	7	13	16	21	22	23	27	29	38	3	2	17	62	15	0	6	0	1	0	2	0	0	
0	2	3	10	11	14	17	29	30	36	4	6	7	12	16	26	32	34	37	39	1	3	69	0	4455	0	164	3	115	2	1	0	0	
0	3	8	9	15	24	28	29	32	39	2	6	10	11	17	21	22	26	27	33	1	0	36	273	69	88	79	0	16	0	2	1	0	
1	4	7	8	14	16	17	19	25	32	2	5	12	13	18	21	22	27	28	34	0	1	72	85	1348	2497	0	3	123	0	2	1	0	
0	4	12	13	16	17	18	27	36	39	6	8	9	14	22	31	33	34	35	37	0	2	86	0	3961	2153	47	0	62	6	2	0	0	
0	4	5	9	10	14	20	28	31	33	8	11	16	17	27	32	34	35	38	39	3	3	73	91	50	0	121	0	32	6	1	0	0	
0	1	2	8	14	17	19	28	31	35	5	6	12	15	22	27	29	33	36	39	3	0	100	122	77	1067	0	3	0	4	0	1	0	
1	4	6	8	9	10	15	24	28	30	0	7	12	14	16	17	23	32	35	38	0	1	97	0	349	3870	0	53	0	5	1	1	0	
1	3	5	6	12	16	17	23	34	36	2	4	7	15	18	19	20	25	27	30	0	2	71	33	0	200	171	275	0	6	0	1	0	
2	12	13	19	21	27	28	33	35	36	1	3	4	9	18	29	30	37	38	39	3	3	114	100	0	111	0	203	99	0	1	1	0	
0	4	5	10	11	19	24	29	34	37	1	3	8	15	17	18	22	26	33	35	3	0	35	246	0	65	1165	4	129	9	0	1	0	
0	4	6	14	19	20	25	29	34	35	7	8	9	17	22	24	32	36	37	38	1	1	59	48	35	0	58	0	27	6	3	3	0	
0	8	15	16	21	23	24	28	32	35	2	10	11	14	22	26	27	29	33	36	0	2	0	65	34	0	74	40	17	4	1	1	0	
7	13	14	19	22	27	32	34	37	38	4	6	10	11	12	20	21	30	33	39	0	3	30	147	0	97	4884	3	21	4	2	1	0	
3	6	10	20	25	30	31	33	37	38	0	15	16	17	19	23	27	29	32	36	3	0	79	278	0	182	231	155	117	5	2	1	0	
1	8	12	16	17	19	21	26	28	29	0	2	4	10	18	20	22	23	24	27	0	1	60	107	75	0	16485	2	26	0	2	1	0	
10	11	16	19	22	24	25	27	28	33	2	3	5	13	18	23	26	30	31	37	3	2	40	113	158	419	134	99	2	0	3	0	0	
1	7	10	11	14	16	25	31	32	36	2	5	12	18	19	20	23	24	34	39	1	3	90	52	0	61	30	25	10	3	0	1	0	
3	6	13	18	19	25	27	29	34	38	0	1	2	8	10	11	22	23	32	39	2	0	73	138	0	138	4076	2	0	3	0	1	0	
0	18	19	20	22	28	29	33	35	36	3	4	9	11	12	30	31	32	38	39	2	1	108	101	31	285	65	2	0	1	0	2	0	
0	3	11	13	23	27	29	30	33	35	2	4	7	10	12	22	24	28	32	36	0	2	33	43	16	0	28	0	4	0	1	1	0	
0	1	5	9	10	12	18	22	28	29	6	13	15	17	26	27	30	34	37	38	0	3	76	90	23	258	92	158	93	10	2	1	0	
2	5	8	16	18	22	31	32	35	39	0	4	6	10	24	27	28	29	30	37	0	0	65	272	0	187	0	1	16	0	2	0	0	
2	5	6	20	21	22	23	27	33	37	3	10	11	12	25	28	29	30	36	38	2	1	96	51	812	0	87	3	8	3	2	1	0	
1	4	6	8	12	21	23	24	25	34	0	10	14	20	22	29	32	33	36	37	0	2	51	0	290	3788	71	0	0	2	2	1	0	
0	9	15	16	19	21	29	30	35	36	3	6	13	14	18	22	23	28	32	37	1	3	103	45	26	12	0	16	0	7	1	1	0	
2	8	9	11	13	15	23	25	28	32	1	7	12	17	19	21	31	33	36	38	2	0	68	299	1330	37	599	195	0	5	2	0	0	
3	5	7	12	19	22	24	34	35	36	0	10	11	16	25	26	28	30	31	32	0	1	18	75	735	64	0	41	4	2	0	1	0	
3	4	5	9	18	23	28	29	31	34	1	2	10	14	15	16	20	21	27	30	0	2	64	0	5117	769	0	0	40	3	1	0	0	
2	7	8	14	15	16	20	25	26	30	3	9	10	12	17	18	27	29	31	39	0	3	54	67	49	138	808	57	35	0	0	1	0	
7	10	14	16	21	23	25	27	29	33	2	12	19	22	26	34	35	36	38	39	0	0	40	319	7105	57	0	427	27	9	2	1	0	
2	7	11	15	16	17	19	23	35	38	4	8	9	14	18	25	30	31	32	34	3	1	104	160	0	312	196	0	0	5	1	1	0	
3	6	14	17	21	23	24	32	33	34	1	2	7	13	15	16	18	22	28	37	2	2	27	33	0	0	0	73	15	2	0	0	0	
0	1	11	28	29	30	32	33	36	37	2	4	7	9	16	20	22	26	35	39	2	3	68	63	87	0	0	0	40	43	3	1	0	
6	7	15	17	20	23	27	29	30	38	1	8	10	14	21	24	28	31	33	39	2	0	96	183	0	52	28	0	13	3	1	1	0	
2	7	8	10	13	14	16	24	31	36	5	6	11	12	19	21	23	25	30	32	0	1	17	0	102	2789	0	12	44	0	0	1	0	
1	5	7	8	13	14	19	20	35	36	2	10	11	15	18	25	29	30	33	37	3	2	71	120	0	79	966	3	0	3	1	0	0	
1	4	5	11	15	26	29	33	35	37	16	18	20	23	24	25	27	31	34	36	0	3	28	35	13	0	34	2	0	2	0	1	0	
2	8	10	12	17	21	22	27	29	37	4	5	13	15	23	25	31	32	33	35	2	0	65	164	31	891	0	3	68	7	0	1	0	
8	9	15	19	20	21	27	30	38	39	2	10	11	12	17	18	24	28	32	37	2	1	91	12	0	47	79	0	65	2	0	1	0	
3	4	5	20	21	25	27	32	36	39	1	6	10	11	13	19	26	33	37	38	1	2	61	153	61	42	74	0	0	10	1	0	0	
6	7	11	13	18	26	28	29	35	39	5	10	12	14	16	21	22	30	31	37	1	3	70	28	174	0	60	0	7	0	1	0	0	
5	6	7	10	12	13	15	21	31	37	0	3	11	17	18	23	26	28	34	36	2	0	27	192	995	0	45	20	4	0	0	1	0	
4	5	8	14	16	20	22	26	32	35	1	6	13	21	25	29	30	33	34	39	0	1	67	24	0	144	53	235	28	6	1	2	0	
1	2	4	7	8	17	24	31	34	38	0	5	10	12	15	22	25	35	37	39	3	2	104	113	1500	40	0	0	45	15	3	0	0	
2	3	4	5	8	21	22	29	33	39	0	11	13	15	18	19	30	34	36	37	2	3	48	69	1379	40	168	84	34	13	2	0	0	
1	2	5	11	14	15	16	22	27	36	0	3	8	17	26	29	30	31	32	38	3	0	25	284	13	0	190	79	5	1	2	0	0	
0	4	14	15	18	20	21	26	28	33	3	5	6	7	8	9	11	23	27	36	0	1	100	0	64	0	4568	173	47	4	1	1	0	
5	7	11	13	15	17	21	28	31	34	3	4	10	16	18	23	24	25	27	35	1	2	46	70	25	0	63	238	38	0	2	0	0	
2	10	12	20	25	26	29	30	36	39	1	3	19	21	22	27	31	33	34	37	3	3	78	0	371	0	236	1081	656	0	1	2	0	
5	6	13	14	17	23	26	28	34	36	1	3	4	8	9	16	19	22	25	39	3	0	39	252	34	15	33	0	327	3	2	0	0	
0	1	7	11	17	18	21	24	26	27	4	5	9	14	23	29	34	35	36	39	0	1	88	224	109	45	111	125	10	4	0	1	0	
11	13	14	15	20	21	23	24	27	32	6	8	9	10	12	18	25	26	37	38	3	2	36	42	25	34	168	153	0	2	1	0	0	
2	3	9	16	18	21	25	30	32	39	1	5	6	7	11	12	13	19	31	37	0	3	62	45	59	15	0	3	0	4	0	1	0	
0	6	10	20	22	25	29	30	32	38	2	4	8	12	13	14	21	26	36	37	2	0	70	270	161	0	64	0	13	5	2	1	0	
2	6	14	15	18	23	32	33	36	38	3	9	16	21	22	25	26	27	28	39	3	1	80	46	0	628	339	372	127	4	2	1	0	
15	17	18	24	25	29	31	33	36	39	1	3	5	8	19	22	23	27	28	35	1	2	80	246	54	32	127	298	221	6	2	2	0	
2	3	6	7	28	32	36	37	38	39	10	13	15	17	18	21	23	25	33	35	3	3	41	91	46	930	1084	0	88	8	2	1	0	
1	5	14	16	22	23	24	27	29	34	2	4	6	13	18	19	20	25	36	38	0	0	70	238	0	0	133	0	8	8	2	1	0	
6	8	14	18	21	23	31	34	35	37	1	2	12	16	22	24	25	27	29	33	3	1	38	85	260	0	17106	4	55	22	0	1	0	
2	6	11	15	16	24	25	27	32	39	0	7	8	9	10	17	22	29	34	37	0	2	68	52	0	4680	0	31	19	2	1	0	0	
0	3	4	7	9	16	19	25	31	37	5	6	8	17	21	22	26	28	33	35	0	3	84	104	39	846	63	0	5	0	0	2	0	
5	8	12	14	16	19	20	26	28	39	0	1	2	4	9	11	15	18	22	31	3	0	41	341	139	4343	106	0	384	22	1	1	0	
2	13	14	17	20	28	34	35	38	39	0	10	15	16	19	25	30	31	33	36	3	1	93	47	0	144	354	3	24	0	2	1	0	
1	4	6	7	11	18	24	30	35	37	8	12	16	22	25	32	33	34	36	38	0	2	57	75	91	0	0	216	95	11	2	1	0	
3	6	11	12	21	23	24	32	35	37	2	4	10	13	16	17	26	27	28	36	3	3	13	0	0	19	0	15	14	2	0	1	0	
3	7	11	12	15	16	22	24	25	28	2	4	6	8	18	27	29	30	36	37	1	0	49	345	61	110	130	653	196	24	0	1	0	
0	1	13	16	17	18	20	21	26	39	6	7	9	19	24	29	30	32	35	38	3	1	87	0	25430	0	666	581	20	0	2	2	0	
0	11	16	19	24	25	28	29	36	39	2	3	8	9	12	15	17	21	22	23	0	2	81	81	1437	224	2119	80	0	6	2	0	0	
2	3	8	10	14	16	19	34	35	37	5	6	11	13	15	17	18	23	24	36	2	3	10	54	84	348	157	121	5	1	1	0	0	
12	13	14	15	17	18	24	28	33	35	1	2	4	6	8	30	31	34	37	38	2	0	25	375	2984	179	228	114	38	2	0	1	0	
7	14	16	17	26	27	28	31	34	39	1	3	12	13	21	22	24	32	36	38	0	1	7	51	786	106	451	0	86	4	1	1	0	
3	5	12	18	21	28	29	33	36	38	2	4	15	17	19	20	22	23	26	27	0	2	43	48	0	121	68	116	10	0	2	1	0	
1	4	6	7	17	23	24	27	28	31	9	10	13	15	22	25	33	34	37	38	1	3	33	0	164	89	88	79	12	0	2	1	0	
1	6	13	18	21	24	33	36	38	39	3	10	11	15	17	25	27	28	30	37	3	0	80	226	32	0	46	0	88	12	2	0	0	
15	17	18	19	21	23	25	28	29	31	1	3	6	7	12	13	14	22	27	30	0	1	52	376	403	192	124	0	122	24	2	1	0	
0	2	6	9	22	25	26	29	34	35	3	7	10	15	20	27	28	31	32	39	3	2	84	117	10964	68	137	0	25	3	2	0	0	
5	7	8	11	13	22	28	30	32	37	4	6	14	18	23	26	29	31	36	38	2	3	23	59	0	23	0	126	4	5	2	0	0	
2	11	12	15	18	24	25	34	37	38	0	3	5	10	16	20	28	29	30	33	2	0	38	226	52	0	42	8	0	1	1	0	0	
1	2	6	7	12	18	20	26	29	32	5	13	15	24	30	31	34	35	36	39	2	1	70	59	0	0	256	500	23	8	1	1	0	
1	4	5	8	16	26	34	35	36	39	0	14	17	20	22	28	29	30	33	37	1	2	37	72	74	4776	0	3	428	3	1	1	0	
0	2	4	20	24	25	29	34	35	37	1	6	9	14	15	16	18	22	23	36	3	3	48	74	122	86	0	142	108	18	1	0	0	
1	4	10	13	14	19	20	30	35	39	6	8	9	16	18	22	24	25	26	33	2	0	64	260	0	207	0	1276	45	4	2	0	0	
0	4	5	7	8	13	14	20	30	35	1	3	11	16	18	24	26	37	38	39	1	1	84	0	0	218	170	159	24	14	0	2	0	
0	4	11	13	23	24	28	30	35	39	7	8	12	15	19	20	25	26	27	34	0	2	62	27	0	65	0	49	19	0	1	0	0	
2	7	11	20	23	26	27	34	35	38	0	6	10	12	13	25	29	32	36	37	1	3	43	108	5385	0	37	63	10	0	1	1	0	
3	11	14	18	19	24	25	30	32	39	0	6	7	8	9	15	17	27	29	37	3	0	76	427	86	0	178	0	293	9	1	2	0	
0	7	10	12	13	16	22	24	31	32	9	11	18	20	21	30	34	35	37	38	1	1	65	26	21	0	0	25	0	0	2	1	0	
4	8	10	12	17	20	22	31	34	37	6	7	14	15	16	19	23	29	30	32	2	2	44	23	27	0	2979	0	10	0	2	1	0	
1	6	7	9	10	11	27	30	31	37	5	15	17	19	20	24	26	32	36	39	0	3	120	60	0	0	0	2	5	5	0	1	0	
5	8	12	13	17	21	27	31	33	35	0	2	6	9	15	18	29	30	34	38	2	0	44	257	0	3311	80	43	21	5	0	0	0	
4	5	6	8	10	12	21	33	35	39	2	3	14	18	20	24	27	30	31	32	1	1	25	25	0	164	0	172	15	3	3	1	0	
2	5	16	21	23	24	29	31	32	38	1	3	9	13	18	20	28	35	36	39	2	2	89	47	0	0	103	0	0	0	1	0	0	
1	3	10	12	13	16	20	21	31	32	5	8	11	14	19	27	28	33	34	36	2	3	40	31	0	0	0	0	0	2	1	0	0	
1	2	14	15	16	17	25	26	29	32	8	10	12	13	21	28	34	36	37	39	0	0	57	239	12	21	1214	0	71	0	2	1	0	
1	3	11	17	20	23	24	25	34	36	2	4	8	10	13	14	15	22	27	30	3	1	21	31	0	3267	61	0	21	0	1	2	0	
3	4	5	8	14	19	20	29	33	37	6	7	9	10	17	26	30	34	35	38	1	2	75	40	42	0	3542	165	13	0	2	0	0	
5	7	12	14	16	22	27	29	37	38	6	18	19	20	21	25	30	33	34	39	0	3	63	33	12	16	0	0	2	1	1	1	0	
0	12	17	20	25	27	29	30	33	35	1	2	4	5	8	10	24	26	38	39	1	0	35	320	518	0	430	3	8	2	1	2	0	
5	7	9	11	12	14	17	24	28	38	1	3	23	26	27	30	31	32	34	39	3	1	81	77	552	0	18	0	65	12	2	1	0	
1	6	9	11	15	17	25	27	36	37	2	3	16	21	22	23	28	32	35	38	1	2	21	56	33	0	27	28	0	4	2	0	0	
11	12	19	22	23	24	27	29	36	37	3	5	9	10	18	28	30	33	34	38	2	3	86	64	0	5264	130	114	44	9	1	1	0	
0	3	8	10	20	22	23	26	27	39	1	5	14	15	16	19	25	28	30	33	3	0	46	537	91	0	0	316	142	6	2	1	0	
0	3	4	5	6	20	21	22	24	29	9	14	23	27	28	32	34	35	36	37	3	1	81	363	104	137	0	0	21	7	2	1	0	
7	8	10	11	12	20	23	25	31	35	4	6	13	15	18	21	26	29	33	36	1	2	14	25	0	0	0	32	0	1	0	1	0	
1	7	14	15	20	23	25	27	36	38	5	8	11	13	17	28	29	33	34	39	0	3	68	104	0	3601	128	61	0	11	2	1	0	
5	9	11	13	21	22	27	30	32	39	2	6	8	12	14	15	23	28	31	35	0	0	62	378	52	0	108	0	42	7	2	1	0	
4	10	13	14	21	25	28	31	32	35	1	6	7	8	24	30	33	34	36	38	2	1	30	0	4499	0	112	171	95	0	3	0	0	
0	3	4	20	27	30	32	35	38	39	9	13	14	17	21	24	25	28	31	36	3	2	93	220	233	210	0	0	38	13	2	1	0	
4	7	8	11	13	15	22	25	27	32	5	10	12	17	19	21	29	37	38	39	1	3	74	100	1145	91	147	0	35	5	0	1	0	
0	4	8	10	17	24	25	34	36	38	3	14	18	20	21	22	26	29	33	37	0	0	74	195	36	35	0	0	455	7	1	0	0	
4	6	12	16	18	20	27	29	31	34	1	3	14	15	24	25	26	30	36	39	1	1	24	46	26	0	98	0	40	12	0	3	0	
1	2	6	8	14	15	20	22	25	37	4	5	7	9	11	12	17	18	29	34	3	2	0	44	62	66	0	0	12	2	1	6	0	
5	8	11	14	18	21	26	27	32	37	1	2	10	13	20	28	33	34	36	39	2	3	51	18	0	14755	476	34	0	3	1	1	0	
3	5	11	16	17	27	31	32	35	37	2	4	7	13	14	19	26	28	30	39	3	0	71	240	0	36	45	46	27	0	1	1	0	
1	4	6	7	22	24	25	32	33	37	0	2	3	16	17	18	20	30	36	39	1	1	35	59	60	89	87	20	11	3	1	1	0	
6	10	13	14	19	20	28	30	38	39	2	8	21	25	26	29	32	34	35	36	0	2	66	42	0	173	2573	92	115	15	2	1	0	
3	5	17	23	26	27	29	32	33	37	6	7	9	10	18	19	21	28	30	31	0	3	56	52	0	0	1811	0	0	4	0	1	0	
7	11	14	15	24	26	32	34	37	38	3	4	6	12	16	19	20	22	27	30	1	0	50	389	0	0	14185	399	475	0	1	1	0	
2	4	5	6	9	11	17	21	32	37	0	12	13	14	16	20	22	25	27	35	2	1	30	94	109	48	0	3	44	0	2	0	0	
2	6	9	11	17	18	30	37	38	39	7	13	15	16	19	23	24	25	32	34	3	2	86	48	385	415	347	482	57	19	3	0	0	
3	7	13	15	17	21	28	35	36	37	2	5	9	11	12	14	18	24	25	34	2	3	43	52	0	213	31	0	21	2	2	0	0	
3	7	11	16	17	24	27	28	30	36	9	10	12	13	19	20	23	25	29	32	2	0	94	186	0	76	72	0	13	1	1	0	0	
3	9	18	19	21	29	31	32	33	36	5	10	11	12	14	24	25	26	28	38	0	1	65	54	0	72	0	140	8	0	2	1	0	
13	14	15	18	21	26	28	34	35	38	0	4	6	17	24	27	31	32	33	37	0	2	2	59	47	165	13	52	0	1	1	1	0	
3	5	6	13	14	22	24	28	29	37	0	2	4	11	12	15	21	30	33	34	1	3	40	86	1294	34	0	0	0	10	1	1	0	
2	3	6	14	15	16	19	22	30	35	0	11	17	18	23	24	25	29	32	37	2	0	88	147	77	109	0	274	82	6	4	1	0	
6	9	15	17	19	26	28	29	30	37	0	2	4	7	11	14	20	21	24	39	0	1	84	27	34	0	1747	15	6	0	2	0	0	
3	9	11	14	19	20	23	30	35	36	1	5	6	8	15	16	17	22	33	34	2	2	79	55	0	183	95	17	17	0	2	1	0	
5	8	9	13	16	19	26	31	35	36	0	3	4	12	20	25	27	29	33	39	3	3	67	0	3190	661	0	66	42	0	2	1	0	
1	2	7	13	17	18	19	22	25	26	4	10	14	15	16	20	24	37	38	39	0	0	51	602	2433	680	0	35	8	2	1	0	0	
0	7	10	15	16	17	19	20	25	39	1	2	5	8	14	18	22	24	32	38	3	1	34	119	0	0	10972	3	39	0	1	1	0	
4	6	12	18	26	29	31	33	36	37	5	7	8	13	14	20	21	27	28	35	3	2	44	42	0	78	121	0	162	2	0	1	0	
4	8	14	16	17	23	29	31	34	35	0	15	18	19	28	32	33	36	38	39	1	3	90	66	65	35	0	3	2328	0	2	0	0	
2	4	5	6	9	29	32	34	38	39	8	11	12	14	15	17	21	22	25	30	0	0	95	261	163	2316	10453	1	26	4	2	1	0	
0	1	7	9	16	23	24	27	34	36	12	14	17	18	20	21	22	25	28	31	0	1	61	17	0	3920	156	3	0	17	0	0	0	
1	4	11	15	20	22	23	30	32	36	0	5	7	17	19	21	25	28	34	39	0	2	22	141	118	0	346	61	0	22	2	1	0	
3	4	6	16	23	32	35	37	38	39	8	12	13	14	19	20	24	26	28	31	0	3	65	70	0	464	25559	466	492	11	1	1	0	
1	3	7	20	22	25	26	27	34	36	0	2	4	5	13	19	21	28	29	38	1	0	31	498	69	69	192	157	19	0	2	1	0	
0	2	3	6	12	16	21	28	33	38	10	13	15	22	23	25	29	31	34	35	2	1	67	27	0	92	1089	56	11	3	0	1	0	
0	3	7	13	15	17	24	25	30	37	1	10	11	12	16	23	31	32	34	36	2	2	2	32	18	110	0	5	2	0	2	1	0	
0	1	8	21	23	24	29	31	32	34	3	6	7	14	18	19	22	27	33	38	2	3	93	67	662	54	159	0	32	4	1	1	0	
2	4	9	10	15	16	21	23	25	30	5	7	11	18	22	27	28	32	37	39	0	0	44	361	54	33	40	0	264	6	4	1	0	
2	5	6	21	25	27	28	30	36	38	1	12	13	15	18	20	22	29	34	39	0	1	41	88	64	114	1849	204	92	3	1	1	0	
9	25	28	29	30	31	32	34	35	36	3	4	8	16	17	19	23	26	27	37	2	2	93	67	571	0	1552	60	11	3	2	0	0	
8	12	18	21	23	28	29	34	35	39	5	7	9	10	11	19	20	27	30	38	3	3	103	49	0	18649	0	1	3	2	1	0	0	
3	4	5	11	21	25	26	29	36	37	8	9	10	13	14	16	27	31	35	39	0	0	108	184	45	0	177	3	0	1	1	0	0	
0	2	9	13	23	28	30	32	34	37	1	5	6	12	16	17	18	20	22	38	1	1	54	62	36	26	0	2	0	1	1	0	0	
0	2	3	6	11	12	13	29	35	36	4	7	9	14	20	21	27	31	37	39	0	2	82	37	0	54	1608	0	36	0	0	0	0	
1	17	20	22	26	29	31	35	36	38	2	3	4	6	8	11	12	13	16	27	2	3	83	82	119	2823	128	0	186	6	3	0	0	
3	12	15	18	21	23	28	30	33	38	4	5	7	9	10	13	14	25	27	37	2	0	55	251	854	164	55	0	85	5	1	1	0	
0	1	10	14	19	25	30	33	38	39	3	13	15	16	17	21	24	29	31	34	1	1	96	0	0	314	0	109	34	0	2	1	0	
0	2	11	12	18	20	26	29	36	37	8	9	10	19	24	25	28	33	35	39	0	2	95	34	0	108	1071	17	7	4	0	1	0	
4	7	10	17	19	26	31	33	36	38	0	5	9	14	18	20	22	23	27	34	0	3	71	163	1462	51	0	168	24	2	1	1	0	
0	3	4	8	9	11	12	15	24	35	7	18	19	20	22	26	31	33	34	38	1	0	57	332	1964	0	124	408	560	0	2	1	0	
1	5	8	11	19	26	27	29	35	38	0	6	9	14	16	18	21	31	32	36	3	1	88	57	38	38	0	33	0	5	1	0	0	
0	1	4	20	25	27	28	31	34	39	2	3	14	18	19	24	26	29	30	38	1	2	78	52	78	140	1239	802	0	13	2	1	0	
3	5	7	13	19	20	23	28	29	38	4	14	16	21	24	30	34	36	37	39	3	3	86	26	0	178	141	2	0	8	1	1	0	
0	1	4	15	17	18	27	31	36	38	2	7	13	14	19	23	24	32	33	34	1	0	30	184	335	0	39	53	0	6	0	1	0	
0	2	4	5	6	21	23	29	33	38	3	11	12	19	20	22	26	28	34	35	0	1	75	497	624	9314	0	2	76	7	1	0	0	
0	6	7	9	12	21	27	32	34	36	1	3	4	8	15	16	20	25	28	38	1	2	29	70	124	0	267	276	26	17	0	1	0	
3	5	7	13	15	17	21	26	27	39	0	6	8	12	20	23	25	29	31	35	1	3	54	62	3804	54	39	79	30	0	0	1	0	
2	5	7	11	17	19	24	26	29	39	0	9	13	14	20	27	30	31	35	37	2	0	69	234	33	52	143	0	0	0	2	1	0	
0	1	4	6	21	24	25	32	34	38	3	5	7	10	16	17	19	22	27	31	0	1	61	221	94	8907	1138	55	0	7	1	1	0	
0	2	4	8	12	15	17	19	21	35	9	11	13	14	20	22	31	33	37	38	2	2	33	0	390	154	0	4	121	6	2	1	0	
0	1	6	9	16	19	20	30	33	35	4	8	11	13	14	23	25	28	29	39	0	3	92	38	15	16	0	3	0	2	2	1	0	
1	3	7	10	15	23	29	31	33	39	5	6	13	18	19	21	22	25	27	30	3	0	90	192	66	0	17	0	6	0	2	2	0	
8	13	14	16	17	21	25	26	34	38	0	1	2	3	4	11	20	30	33	39	0	1	61	15	0	142	4081	78	18	2	1	0	0	
7	10	14	15	19	20	26	27	32	38	0	1	5	8	9	18	23	24	31	33	0	2	80	0	2625	1885	94	46	16	0	2	1	0	
5	7	8	14	17	22	25	28	30	38	0	2	4	16	19	21	26	32	33	37	0	3	66	44	0	17	0	1	22	0	1	0	0	
5	6	13	17	19	23	24	32	35	38	3	7	8	11	21	25	27	29	31	33	1	0	61	194	0	0	0	258	8	2	0	1	0	
7	8	10	11	13	15	21	28	31	36	9	12	16	17	19	24	27	29	37	38	2	1	85	29	32	0	203	416	2	0	1	1	0	
4	7	13	15	21	27	30	31	32	38	0	1	14	17	23	25	28	33	36	37	2	2	2	49	20	0	141	0	6	2	1	1	0	
0	1	3	12	13	15	18	25	32	34	7	17	19	22	23	27	29	30	37	38	3	3	43	38	66	55	0	0	8	3	2	0	0	
3	9	12	16	18	23	24	25	31	34	0	1	2	8	17	21	29	30	37	39	0	0	103	241	43	0	0	40	0	3	0	1	0	
5	9	10	13	15	18	23	26	31	34	6	8	12	16	22	24	32	33	35	36	2	1	53	20	0	21875	91	140	197	4	0	0	0	
0	10	13	15	17	20	22	30	35	36	1	3	6	7	12	23	24	26	31	33	2	2	5	0	258	31	0	75	10	2	0	1	0	
0	6	9	12	13	18	19	21	23	36	1	2	7	8	10	14	15	25	29	33	0	3	105	27	50	0	2751	144	42	0	7	2	0	
3	5	10	14	16	17	19	26	28	39	0	1	12	15	18	31	33	35	37	38	2	0	73	249	49	0	13804	426	136	18	0	1	0	
6	8	11	15	21	26	29	31	35	38	1	5	10	14	17	22	23	27	28	33	0	1	63	34	917	108	0	3	6	0	1	0	0	
5	15	17	19	21	23	32	35	37	39	0	3	7	9	11	13	16	22	25	33	0	2	69	38	0	56	10615	2	0	3	1	1	0	
0	3	6	16	18	23	25	31	37	39	1	4	10	14	15	17	20	22	28	33	3	3	35	36	587	0	37	0	98	0	1	1	0	
2	6	10	12	17	23	24	25	34	36	0	5	9	15	18	26	30	33	35	37	3	0	28	275	0	71	22	9	4	0	1	0	0	
0	1	8	11	17	20	23	26	30	39	5	7	9	15	18	25	27	33	34	37	0	1	72	28	0	247	852	0	16	2	1	0	0	
1	9	17	18	20	21	26	28	36	37	2	3	5	6	11	16	23	25	33	39	2	2	46	27	415	0	39	0	62	3	0	1	0	
0	3	9	14	20	21	31	34	35	36	1	5	13	17	18	25	28	29	32	37	3	3	69	0	0	298	261	203	14	0	2	1	0	
11	13	17	18	25	26	27	28	29	30	1	2	4	5	6	8	9	10	14	21	2	0	104	371	173	0	180	150	20	7	2	1	0	
2	7	11	12	15	19	25	28	33	36	4	8	9	10	16	20	22	27	31	32	1	1	79	32	0	56	17	2	0	7	1	0	0	
9	14	15	22	28	29	33	34	37	38	4	8	10	12	17	20	25	26	31	32	2	2	56	16	0	282	2161	3	26	0	2	6	0	
0	3	14	22	23	25	28	29	31	35	8	17	18	19	20	21	24	27	32	36	1	3	98	0	320	184	108	0	6	3	1	0	0	
3	14	22	25	26	27	30	35	37	38	0	2	8	9	12	13	23	28	32	36	1	0	33	420	1665	0	9503	514	7	2	1	0	0	
0	3	4	7	14	20	24	25	34	36	2	8	26	27	28	29	32	33	35	37	1	1	24	0	13788	352	0	164	9	1	1	1	0	
0	7	9	11	12	13	16	17	23	39	3	8	10	14	18	24	30	31	34	35	2	2	31	73	50	0	181	154	3	0	2	1	0	
0	1	7	10	11	13	32	34	36	39	4	16	20	21	22	23	24	25	26	28	1	3	33	137	928	62	100	31	47	12	1	0	0	
4	7	8	10	12	14	21	22	32	35	13	19	20	24	27	28	29	31	37	39	3	0	78	269	0	149	17	11	3	0	1	0	0	
0	2	5	8	12	13	21	27	33	37	1	14	15	16	22	29	34	35	38	39	2	1	62	0	0	39	1773	18	11	0	1	1	0	
7	13	18	19	23	24	29	31	35	38	0	3	4	5	14	15	16	17	25	37	0	2	55	0	16103	206	142	65	7	1	0	1	0	
0	2	4	11	17	18	20	31	32	38	3	6	9	16	21	24	26	33	35	39	2	3	49	0	194	204	37	216	12	0	1	1	0	
1	4	8	17	18	20	22	28	31	33	7	10	11	26	29	34	35	36	37	38	1	0	41	209	58	62	0	3	90	2	0	2	0	
0	5	11	12	17	21	24	32	34	36	2	8	14	16	18	23	25	30	31	37	2	1	30	23	0	29	8	0	69	4	1	1	0	
1	2	8	10	11	15	17	30	36	37	0	3	4	5	9	14	22	23	28	32	2	2	63	66	162	201	71	0	0	6	1	1	0	
1	11	14	16	19	25	30	31	36	39	6	7	10	12	20	21	23	24	29	37	1	3	48	0	23561	531	1862	3	353	6	3	1	0	
8	11	16	20	25	27	29	31	36	39	1	3	5	21	23	24	26	30	34	35	2	0	89	254	8533	59	0	201	36	16	0	2	0	
0	3	7	10	18	22	30	37	38	39	6	8	19	21	25	28	32	33	34	36	1	1	47	125	89	58	134	0	56	15	3	1	0	
0	2	11	12	17	22	25	30	35	38	5	9	15	16	21	24	26	29	33	37	0	2	43	29	0	55	0	55	5	0	1	1	0	
0	13	17	21	23	25	30	32	33	34	1	2	5	7	11	24	28	29	38	39	2	3	93	34	0	26	22	0	4	0	1	0	0	
2	13	14	22	25	29	35	36	37	39	5	6	9	16	17	19	24	28	32	33	2	0	72	175	0	285	96	22	17	6	0	1	0	
8	11	13	15	16	17	21	30	34	35	5	6	12	14	19	23	24	29	32	39	2	1	74	0	233	211	117	2	0	4	1	1	0	
5	6	7	9	15	17	20	22	26	33	2	8	16	23	25	31	34	35	36	37	2	2	49	88	408	0	108	16	1	1	0	1	0	
5	14	20	21	22	29	30	31	33	35	1	6	7	12	13	26	27	28	37	38	1	3	19	0	2342	57	0	88	22	2	1	1	0	
3	8	10	12	16	17	22	23	37	39	0	13	14	18	21	24	26	27	31	36	0	0	31	412	46	362	0	3	0	33	0	1	0	
0	4	5	13	17	21	25	31	32	39	6	7	8	16	18	27	28	30	35	37	2	1	61	44	0	32	50	0	2	0	1	1	0	
0	7	8	14	19	23	26	27	29	33	2	3	5	9	10	13	17	21	34	39	0	2	104	102	6535	53	49	16	0	12	1	0	0	
0	3	9	10	12	19	27	28	30	36	2	6	11	13	14	17	21	23	31	32	0	3	44	30	20	40	0	1	0	10	1	1	0	
0	1	6	8	9	11	14	18	19	20	2	3	10	13	15	16	26	28	30	35	3	0	43	273	4519	2118	0	326	68	5	2	1	0	
3	9	11	12	17	21	28	30	34	39	0	1	4	6	7	10	13	16	25	31	2	1	51	86	69	98	0	0	0	17	1	0	0	
0	2	7	12	15	23	25	27	29	35	1	3	10	11	17	19	30	33	38	39	0	2	71	0	3748	0	259	94	46	12	2	0	0	
7	11	12	15	18	25	29	31	33	37	2	10	13	16	20	24	27	35	36	38	0	3	46	50	532	0	133	95	51	0	2	1	0	
1	7	9	18	23	25	26	31	32	35	3	4	16	19	21	24	27	29	30	34	0	0	108	147	18	0	2552	3	7	2	0	0	0	
7	8	9	10	13	20	22	30	35	39	1	2	4	6	14	15	21	24	29	32	2	1	34	45	381	39	37	0	11	0	2	0	0	
10	11	12	16	17	18	25	29	35	38	0	1	4	8	9	19	21	24	28	30	3	2	48	273	267	44	0	3	37	0	3	1	0	
1	3	5	9	11	18	20	26	29	30	4	10	12	14	16	17	24	27	33	34	3	3	55	132	1222	0	184	81	78	0	0	6	0	
5	10	11	16	19	21	28	30	34	36	2	4	7	15	18	20	22	31	32	35	2	0	59	346	62	46	0	1	223	0	1	1	0	
7	14	18	20	24	25	27	28	37	39	3	6	8	13	17	21	29	31	32	38	1	1	63	43	0	0	559	227	6	3	1	0	0	
3	5	8	9	11	20	21	22	26	28	0	2	6	14	16	25	27	29	33	37	1	2	39	0	214	158	70	127	28	4	2	1	0	
0	7	10	13	24	26	27	32	33	37	1	3	4	9	19	22	25	30	31	35	1	3	23	77	0	4072	747	0	3	1	1	0	0	
2	6	7	14	15	18	29	31	35	38	10	12	16	22	23	24	25	32	37	39	0	0	47	170	1295	37	18	0	72	3	2	0	0	
3	14	15	22	25	27	28	33	36	38	0	1	7	11	12	16	26	31	35	39	2	1	22	0	198	195	1176	94	28	0	2	1	0	
1	2	5	8	13	17	19	21	22	29	3	9	11	16	20	24	25	28	32	35	2	2	85	187	1594	167	2881	299	31	3	1	1	0	
2	7	13	25	27	28	33	34	37	38	1	5	8	12	18	19	20	22	30	36	3	3	66	75	965	0	163	1	8	0	2	0	0	
6	7	10	13	16	19	26	28	34	35	0	4	5	11	21	22	27	31	38	39	3	0	77	140	27	0	4066	265	640	13	0	3	0	
3	6	8	10	13	17	20	31	36	38	0	1	7	9	11	19	22	23	24	34	1	1	65	0	275	148	1179	0	123	4	0	1	0	
5	8	16	19	30	31	32	34	35	37	3	4	6	13	17	18	24	25	26	27	2	2	44	234	163	132	53	0	30	2	1	1	0	
2	5	9	10	16	19	28	35	37	38	7	12	14	15	20	25	26	30	31	39	1	3	93	0	6717	3965	0	19	8	0	3	1	0	
4	9	17	21	26	29	30	32	34	35	1	5	8	12	15	16	20	22	38	39	3	0	72	390	0	8567	5	49	5	0	2	1	0	
4	5	12	17	18	23	28	30	35	36	1	9	14	20	25	26	27	32	34	37	2	1	83	17	153	40	67	0	45	0	2	1	0	
6	9	12	15	18	19	20	21	25	35	1	2	4	5	10	11	13	26	37	39	0	2	70	32	0	26	40	0	0	3	2	1	0	
0	1	6	8	13	15	23	28	30	31	3	7	17	19	24	26	29	34	35	39	3	3	73	39	0	0	106	37	5	2	0	1	0	
2	5	7	10	12	21	22	27	29	34	0	8	15	16	18	19	20	25	28	37	1	0	58	252	0	67	0	329	40	6	1	1	0	
1	2	3	8	10	11	17	25	28	36	6	7	9	19	20	22	29	33	34	39	3	1	92	22	18	32	15	0	89	0	2	1	0	
6	9	12	15	17	19	30	33	36	37	2	4	5	8	21	23	26	31	35	39	2	2	59	86	65	160	115	128	5	1	1	0	0	
5	12	13	20	21	25	27	30	32	33	0	1	2	4	6	15	17	24	28	35	3	3	15	0	79	0	172	2	1	0	0	1	0	
0	1	5	12	18	21	22	25	30	31	4	9	13	15	23	26	27	29	36	38	0	0	51	168	0	888	0	15	8	0	1	1	0	
0	4	10	16	17	23	28	33	36	37	2	5	7	13	19	22	24	26	27	31	0	1	54	85	34	32	26	0	0	4	1	1	0	
5	13	14	18	22	27	29	33	34	36	7	11	17	21	24	25	26	28	30	39	2	2	108	27	0	59	0	0	67	3	0	1	0	
0	3	7	8	9	22	25	28	32	37	2	6	12	16	17	21	26	33	35	36	3	3	14	73	56	204	127	136	36	0	0	0	0	
0	3	4	13	20	31	34	36	38	39	2	6	9	12	15	23	24	25	29	35	2	0	46	247	707	207	129	0	0	3	2	1	0	
4	9	16	19	20	26	29	30	31	39	2	11	12	13	15	21	23	24	34	36	1	1	94	37	801	16	0	1	2	0	2	1	0	
3	7	8	13	18	27	28	30	34	35	5	9	12	16	19	20	22	37	38	39	0	2	120	48	0	2431	127	65	0	4	0	1	0	
1	6	8	9	10	14	17	19	27	39	0	3	7	18	21	22	26	28	35	38	1	3	91	0	15854	3238	0	4	7	3	1	1	0	
1	8	12	13	16	26	32	34	36	39	2	3	4	14	17	19	20	24	31	33	1	0	62	177	0	107	638	3	11	7	0	1	0	
9	15	18	19	24	27	28	31	32	36	0	1	3	12	14	20	21	22	23	25	3	1	79	143	107	0	12954	0	12	7	0	1	0	
4	6	7	11	14	20	21	34	36	38	2	5	9	13	17	22	26	29	30	35	3	2	46	93	635	26	4061	43	0	2	0	0	0	
0	1	5	6	7	15	18	20	21	30	3	13	14	17	24	25	26	34	37	39	2	3	27	0	116	93	18	14	4	0	1	0	0	
4	10	12	15	20	30	32	34	35	36	2	5	6	7	11	17	21	27	29	39	1	0	67	252	14402	320	182	146	20	14	0	1	0	
5	6	9	16	23	24	28	31	34	35	0	1	8	12	15	18	21	26	32	39	0	1	73	0	4503	69	1250	288	113	3	2	1	0	
3	6	16	17	20	22	27	28	30	38	2	8	13	14	15	26	29	31	35	37	1	2	54	42	0	105	5971	0	0	15	1	1	0	
3	4	12	18	24	28	31	34	35	36	1	7	8	13	15	22	25	30	32	39	0	3	29	34	0	0	231	49	26	5	1	1	0	
0	3	5	9	14	15	23	25	33	35	4	6	7	10	12	19	24	26	30	38	0	0	97	305	61	0	160	0	15	0	2	1	0	
0	2	5	6	9	10	12	13	23	36	7	15	16	18	20	21	28	31	37	39	1	1	74	0	140	0	7538	3	41	45	0	1	0	
1	2	6	12	18	27	28	31	35	39	3	4	5	8	10	22	24	26	32	36	3	2	61	31	34	0	3462	0	0	15	1	0	0	
1	7	10	11	18	26	31	32	37	39	0	13	15	16	21	22	23	28	29	36	2	3	87	35	722	123	0	239	54	3	0	1	0	
1	14	16	20	23	26	27	28	30	34	8	10	12	13	15	17	22	29	32	36	2	0	78	656	94	40	81	40	41	4	2	1	0	
4	10	12	15	17	18	21	23	28	29	5	6	7	11	14	19	20	25	38	39	0	1	89	428	274	17997	419	401	43	4	0	1	0	
3	6	8	10	16	17	19	21	22	27	2	4	7	15	18	23	26	32	34	36	1	2	72	68	83	118	133	234	22	4	0	1	0	
4	13	15	21	23	28	32	35	36	38	3	9	10	14	16	19	20	24	31	33	1	3	54	48	80	0	4722	18	0	6	3	1	0	
4	5	8	11	22	27	29	37	38	39	2	6	10	12	14	16	19	21	32	34	3	0	59	118	582	41	290	0	39	9	0	1	0	
4	14	15	17	25	31	33	34	36	39	0	2	6	13	16	18	21	22	23	38	1	1	75	0	5760	9104	373	1	17	24	1	1	0	
3	6	9	17	19	22	23	29	31	37	4	8	10	13	18	21	24	26	28	34	0	2	100	22	27	0	1457	0	0	5	0	1	0	
4	18	23	24	26	28	29	33	35	36	1	5	6	10	11	15	16	20	22	30	3	3	79	91	2810	0	0	55	0	9	3	1	0	
0	2	5	7	10	12	24	29	35	37	8	11	13	14	16	18	21	25	28	38	2	0	83	336	35	178	73	113	0	0	2	0	0	
0	5	9	14	17	21	24	25	32	38	1	13	16	19	26	27	28	29	30	35	3	1	69	57	543	41	0	4	36	8	2	1	0	
1	3	4	7	16	20	25	33	35	39	10	12	14	21	23	27	30	31	32	38	0	2	9	81	31	9	0	180	401	34	0	1	0	
2	6	13	14	15	18	20	28	29	36	0	3	5	8	12	16	21	23	24	25	2	3	38	31	0	161	71	0	73	0	3	3	0	
0	9	16	18	21	22	29	34	35	36	3	6	7	8	15	28	30	33	37	38	3	0	107	123	0	89	154	20	11	5	1	1	0	
1	5	7	18	22	26	30	31	33	38	0	8	9	10	12	14	25	27	29	34	3	1	74	0	6764	0	78	3	6	0	1	1	0	
1	6	8	15	19	22	23	32	34	37	9	12	16	20	27	29	30	33	36	38	0	2	77	0	94	29	91	0	104	4	0	1	0	
8	11	18	26	28	30	32	33	34	37	0	2	10	13	19	21	23	31	36	38	1	3	55	88	0	62	23	0	19	3	1	1	0	
0	9	13	17	23	25	27	31	33	35	2	3	4	14	18	19	21	28	34	37	2	0	83	378	0	3202	53	37	0	3	1	0	0	
5	8	9	10	16	18	19	22	30	39	3	4	6	12	14	15	24	26	27	33	2	1	64	105	717	1189	0	38	0	3	1	3	0	
4	5	7	13	21	27	28	31	33	36	0	2	9	14	15	16	22	29	30	38	3	2	82	66	681	0	156	1	49	6	1	0	0	
4	9	17	20	25	26	28	31	32	35	0	3	10	11	14	18	21	29	33	39	1	3	57	0	13713	0	7728	141	139	3	1	1	0	
5	8	10	17	21	22	28	29	35	39	2	6	13	16	23	27	31	32	34	38	2	0	103	280	0	3965	0	34	6	0	1	1	0	
0	1	5	8	10	19	21	23	31	32	2	3	7	11	15	18	28	29	35	38	1	1	83	0	0	37	0	91	71	12	0	1	0	
2	3	5	19	20	24	26	32	34	38	6	7	11	17	18	27	28	30	33	36	2	2	52	76	23	0	0	3	16	0	1	1	0	
7	8	9	11	12	18	24	29	30	36	0	2	5	6	14	22	31	32	34	35	2	3	42	34	0	5765	0	12	8	1	1	0	0	
0	6	12	13	15	18	19	24	29	34	7	14	17	20	22	25	26	27	28	38	1	0	100	237	31	0	18959	137	0	5	2	1	0	
0	1	3	9	11	20	24	31	34	37	6	7	10	12	15	21	25	26	29	39	0	1	85	47	1569	28	49	0	25	11	0	1	0	
7	13	18	19	22	24	25	26	29	32	1	3	4	8	11	23	31	34	38	39	0	2	100	122	2980	0	30725	4	77	12	0	2	0	
5	6	7	10	15	16	18	25	32	39	0	1	3	9	11	12	13	19	22	28	3	3	16	0	6538	0	145	98	0	4	1	1	0	
1	3	8	12	13	17	25	27	29	36	4	10	14	15	18	23	31	34	37	39	0	0	53	145	27	109	0	1	12	5	0	1	0	
2	12	16	17	23	25	28	31	35	37	9	15	18	19	20	22	26	32	36	39	2	1	58	176	40	0	0	46	128	11	2	1	0	
0	3	9	11	15	17	23	29	30	35	1	4	5	18	19	22	25	32	33	39	3	2	66	50	0	6733	47	136	7	0	0	1	0	
1	9	13	20	24	25	28	32	33	38	3	6	11	14	15	26	27	31	37	39	2	3	81	69	34	51	0	0	29	9	2	0	0	
3	8	17	18	20	22	24	26	37	38	1	2	5	6	7	14	25	27	29	39	2	0	95	137	21	25	60	0	137	2	0	1	0	
0	2	6	7	8	9	16	17	31	32	1	3	4	11	13	14	24	26	30	33	3	1	46	336	298	0	0	351	9	1	0	1	0	
5	8	12	14	15	17	18	20	33	39	0	2	3	11	16	19	21	24	32	35	2	2	34	192	0	8711	59	160	0	5	1	1	0	
3	6	8	10	11	12	19	26	31	35	0	2	13	20	22	23	25	30	36	37	2	3	38	0	65	57	27	0	53	4	0	1	0	
1	2	12	17	22	29	32	33	34	35	0	16	18	19	20	21	27	28	38	39	1	0	74	92	0	100	2777	97	0	0	2	1	0	
6	10	11	19	20	21	29	30	31	39	0	3	4	7	15	18	22	26	32	37	0	1	61	32	31	0	519	58	0	3	1	0	0	
0	13	15	18	21	23	24	28	31	39	1	4	6	12	14	16	19	20	25	37	3	2	38	56	1293	0	0	268	74	6	2	0	0	
0	3	5	22	25	28	33	35	38	39	6	7	9	13	18	20	21	29	36	37	2	3	101	121	56	0	243	2	0	3	1	1	0	
1	3	5	10	14	19	29	32	34	38	2	4	8	17	18	22	25	26	27	39	2	0	68	431	31	57	0	3	241	21	2	0	0	
9	10	14	15	17	18	24	30	35	36	0	1	6	7	8	13	21	23	38	39	3	1	106	184	64	0	756	149	53	5	0	1	0	
0	3	6	7	9	11	14	18	28	37	5	13	15	19	20	21	22	29	31	36	3	2	66	49	2248	0	0	3	269	4	1	1	0	
10	12	15	17	19	21	23	26	35	38	2	7	9	13	16	22	30	31	32	33	2	3	64	116	89	98	0	3	343	16	2	1	0	
6	10	16	17	19	21	22	30	34	36	5	9	14	15	23	26	28	29	33	35	2	0	76	186	1026	0	90	0	0	8	1	0	0	
0	6	13	14	17	21	24	25	28	32	19	20	22	23	29	30	33	35	36	38	0	1	59	114	0	320	367	627	0	3	1	1	0	
0	7	12	13	20	23	24	26	34	37	2	3	4	6	9	17	18	19	21	27	0	2	79	42	0	121	0	285	22	0	2	0	0	
7	11	13	15	18	19	28	31	38	39	0	8	10	12	17	20	26	27	33	34	3	3	93	88	0	376	179	64	6	0	2	1	0	
0	3	4	15	16	28	29	32	38	39	5	7	8	9	10	17	19	21	26	31	0	0	117	249	331	0	21	0	10	0	2	6	0	
8	11	18	21	22	30	33	34	38	39	3	9	12	13	19	24	25	26	27	29	0	1	75	0	0	6873	405	0	180	10	1	0	0	
3	5	9	11	15	21	26	34	37	38	2	6	10	12	16	18	28	29	32	39	1	2	77	59	0	54	0	46	22	2	2	1	0	
3	8	9	12	13	15	24	30	37	39	1	7	11	21	22	28	31	33	35	38	2	3	53	39	1298	0	162	37	24	0	2	1	0	
7	8	10	15	16	23	27	33	34	37	1	6	9	14	17	22	31	32	35	38	3	0	62	126	0	70	24	0	12	0	7	3	0	
1	3	7	12	13	16	18	21	29	35	0	4	9	17	20	24	28	32	37	38	2	1	55	33	0	216	0	2	0	8	1	1	0	
6	7	10	15	26	27	29	31	37	38	1	2	8	12	17	19	22	30	32	39	2	2	51	35	0	51	484	0	70	3	0	3	0	
0	1	3	4	14	17	18	24	28	39	2	10	12	22	23	25	26	29	37	38	0	3	50	66	372	0	0	3	0	5	1	0	0	
1	7	9	13	17	23	26	30	37	38	0	2	5	6	15	16	19	24	25	35	1	0	24	273	43	0	320	70	0	4	1	1	0	
6	11	12	13	20	28	29	32	34	37	5	14	16	17	21	23	25	31	35	39	0	1	24	0	0	0	2294	0	5	3	1	0	0	
5	9	10	14	16	17	24	28	30	33	1	2	20	22	23	27	29	32	37	38	3	2	70	81	0	14721	533	77	0	5	1	0	0	
5	6	10	12	24	27	28	30	34	37	1	2	9	14	15	16	19	26	35	36	2	3	35	58	251	63	20	23	0	3	0	1	0	
2	8	9	11	13	15	23	25	28	32	1	7	12	17	19	21	31	33	36	38	3	0	44	242	1392	0	29	50	11	0	1	1	0	
7	9	10	12	14	16	19	21	27	32	1	2	3	4	15	17	22	23	33	38	3	1	32	124	0	339	0	1	65	6	1	1	0	
0	4	6	8	14	24	27	31	35	38	1	2	15	20	22	28	29	32	37	39	0	2	90	69	1098	0	40	54	5	0	3	1	0	
0	1	4	6	16	27	32	34	35	38	3	5	13	14	20	24	26	28	29	36	0	3	79	64	0	6976	0	3	28	5	3	0	0	
1	4	7	10	21	22	23	31	32	36	8	9	11	14	17	24	25	29	33	39	1	0	52	91	25	0	105	37	0	0	1	1	0	
6	8	10	15	16	18	20	21	35	39	1	4	12	19	25	27	33	34	37	38	2	1	53	117	679	17	0	0	0	3	0	1	0	
3	8	13	17	19	27	30	32	36	37	0	7	9	11	15	18	23	25	38	39	2	2	58	69	0	200	0	332	0	3	1	1	0	
0	2	5	6	10	13	15	23	25	37	1	12	14	20	22	27	28	33	34	39	0	3	17	90	22	39	0	30	2	0	1	1	0	
5	6	7	19	25	30	31	36	37	39	1	9	12	13	20	28	29	32	34	35	2	0	73	306	0	21555	3381	0	1020	3	2	1	0	
5	11	15	20	24	27	29	30	34	39	6	12	13	14	17	21	25	28	33	37	3	1	60	135	1121	22	0	45	0	0	1	1	0	
5	12	16	21	24	27	35	36	37	38	0	2	8	17	18	23	25	28	33	39	3	2	72	0	266	0	293	43	6	2	0	2	0	
2	5	10	13	15	22	23	30	37	38	3	7	11	12	26	31	32	34	35	36	0	3	3	0	48	41	0	3	0	2	1	0	0	
4	8	11	14	15	17	20	25	33	35	5	6	7	9	10	13	16	30	34	37	0	0	30	191	0	286	96	222	6	0	1	1	0	
5	6	19	20	21	22	24	34	35	39	0	4	12	13	17	23	28	29	31	32	2	1	75	0	5158	48	0	0	0	2	1	1	0	
0	4	5	6	16	30	31	37	38	39	1	9	10	14	15	17	22	26	29	36	0	2	61	308	444	291	9254	0	5	2	1	1	0	
2	5	18	21	23	24	26	31	34	36	0	3	4	7	9	10	11	13	22	33	0	3	61	39	0	16	27	2	21	2	1	1	0	
0	9	10	14	23	27	28	32	35	38	1	2	7	11	13	15	24	26	29	31	0	0	63	157	67	54	0	4	64	0	2	1	0	
5	7	10	15	18	29	30	31	36	39	1	3	6	8	9	11	13	25	26	38	3	1	81	93	0	11737	10804	65	21	6	0	1	0	
6	8	13	16	19	23	28	29	30	33	0	3	4	9	11	26	27	35	38	39	1	2	82	41	412	0	2217	25	0	5	1	0	0	
5	9	15	17	20	25	29	32	34	35	0	1	3	8	10	13	21	22	26	30	3	3	41	36	0	4028	0	164	8	0	2	1	0	
1	3	8	12	15	18	22	29	34	37	5	7	13	14	17	20	21	23	32	36	1	0	54	214	24	88	43	33	0	9	2	1	0	
3	4	5	13	16	22	25	26	27	32	7	12	14	15	28	33	34	35	36	39	3	1	49	36	0	309	425	0	0	2	1	1	0	
2	3	6	12	16	19	24	27	33	39	4	9	13	17	18	22	23	26	35	36	1	2	88	28	0	34	224	31	0	4	1	0	0	
1	5	9	15	16	19	26	29	32	35	7	10	11	14	23	28	30	31	37	39	2	3	65	55	0	43	0	1	17	7	1	0	0	
6	7	9	15	19	23	30	32	37	39	1	10	11	12	13	16	26	31	35	36	0	0	21	324	0	343	957	359	308	3	1	1	0	
1	8	9	15	16	19	24	30	32	35	0	4	5	10	14	20	21	22	26	34	0	1	78	52	440	0	31	33	0	5	0	1	0	
0	1	2	5	14	16	21	23	24	32	6	11	15	17	20	22	29	30	31	37	0	2	19	50	0	57	89	2	11	0	1	1	0	
3	4	8	14	16	27	33	34	35	38	1	5	6	7	19	20	23	28	31	36	0	3	74	59	913	26	105	0	131	6	2	0	0	
9	10	12	21	26	28	29	35	36	39	1	2	6	7	15	20	22	27	30	31	3	0	64	166	5679	854	237	107	62	0	2	1	0	
0	2	7	11	12	25	28	35	37	38	8	10	13	16	23	24	26	31	33	34	3	1	28	46	71	492	0	42	8	0	1	0	0	
1	2	3	5	9	21	23	24	28	38	8	11	13	16	20	22	26	30	33	37	2	2	65	245	89	1676	0	1	83	3	2	1	0	
0	1	3	6	17	18	20	30	31	33	5	9	12	14	15	21	25	29	37	39	2	3	47	26	30	46	0	133	124	0	1	1	0	
4	6	8	10	13	15	18	25	30	36	0	7	20	22	23	29	32	34	35	37	0	0	45	360	1152	891	56	2	0	0	1	1	0	
9	14	16	18	26	30	32	35	37	39	3	4	5	6	10	11	19	21	34	38	1	1	56	123	159	60	62	0	165	8	2	1	0	
0	3	4	5	14	17	23	28	29	35	1	7	9	18	25	27	33	34	38	39	3	2	64	59	30	0	46	111	0	2	1	0	0	
0	1	2	6	9	12	14	18	21	35	3	4	8	10	13	27	30	31	33	37	2	3	41	0	113	0	16	8	7	0	1	1	0	
8	11	14	15	19	21	22	26	32	37	2	3	6	10	12	16	17	29	33	38	0	0	24	366	6080	120	72	130	40	0	0	0	0	
0	2	3	22	23	25	26	30	33	34	1	5	15	20	24	27	28	31	37	39	2	1	78	112	0	41	150	0	0	3	1	0	0	
2	9	15	16	17	21	22	24	29	37	1	3	5	10	12	18	27	28	32	35	3	2	47	35	43	93	0	144	0	14	1	1	0	
0	6	7	11	19	21	24	34	35	36	2	10	12	14	18	23	25	30	32	39	3	3	72	54	747	98	58	0	6	0	1	6	0	
7	12	17	19	24	28	29	32	38	39	1	6	13	16	18	21	33	35	36	37	0	0	74	469	1042	0	111	2	6	7	0	0	0	
4	7	9	17	19	20	22	24	27	32	5	6	10	11	15	18	28	35	37	38	2	1	59	33	825	0	2807	648	19	13	0	1	0	
1	2	6	7	13	19	24	28	30	37	0	5	8	9	12	14	15	23	26	32	1	2	105	61	36	0	4908	432	23	0	2	1	0	
1	2	3	8	13	19	24	25	30	38	6	10	12	15	16	18	20	21	31	33	1	3	102	46	60	0	3786	29	51	11	0	1	0	
4	6	8	20	26	27	29	30	31	32	0	5	9	12	18	21	24	25	35	36	2	0	68	146	766	136	1698	60	37	0	0	0	0	
1	5	7	8	17	19	21	26	27	37	0	6	11	12	18	24	25	33	36	38	0	1	77	0	4452	49	53	0	95	10	2	0	0	
2	12	14	16	17	22	26	33	35	39	0	1	4	8	10	13	19	20	27	29	1	2	87	0	148	132	363	355	212	87	3	1	0	
4	8	12	17	20	25	26	27	29	37	1	9	14	18	21	22	24	31	33	35	2	3	95	59	0	101	1755	0	26	0	2	1	0	
0	6	12	19	27	29	33	35	36	39	2	3	14	21	22	23	24	30	32	34	3	0	85	255	0	3120	0	3	398	2	2	0	0	
0	10	13	15	17	20	22	30	35	36	1	3	6	7	12	23	24	26	31	33	2	1	0	37	0	71	0	133	12	1	0	1	0	
3	6	9	11	12	23	24	30	33	38	1	4	10	14	17	18	27	29	36	39	0	2	83	32	356	0	178	26	6	0	1	0	0	
1	2	3	4	10	11	15	18	37	39	5	7	8	9	16	21	22	31	32	33	1	3	92	22	76	53	29	0	11	0	0	0	0	
0	2	7	11	18	24	30	34	35	38	4	6	16	17	20	21	23	27	31	32	1	0	19	422	55	49	0	350	16	2	0	1	0	
2	4	6	11	14	16	17	20	24	39	8	10	13	18	19	26	27	30	33	37	0	1	80	103	0	260	418	94	25	15	1	0	0	
1	8	13	14	19	21	25	26	34	38	0	7	11	17	20	23	27	31	33	37	3	2	41	38	38	19	0	14	0	1	0	1	0	
17	18	19	20	21	25	30	31	32	38	0	1	3	4	5	6	8	10	12	34	1	3	63	34	58	0	152	0	0	6	2	1	0	
3	4	13	14	22	23	25	28	29	37	0	9	15	17	19	20	24	26	30	39	3	0	67	129	0	90	98	2	16	2	0	0	0	
1	3	11	13	14	29	30	31	32	34	4	6	9	15	23	24	25	28	33	35	3	1	51	0	3675	0	0	25	83	5	3	0	0	
0	7	12	15	19	25	27	28	32	33	6	13	22	23	24	26	29	30	38	39	3	2	56	43	47	42	694	0	138	0	0	2	0	
4	15	16	19	23	29	32	34	35	38	2	12	14	20	21	25	27	30	31	33	0	3	30	0	10267	145	0	95	15	1	1	0	0	
1	5	7	12	15	17	23	27	35	37	0	2	10	14	16	20	24	25	29	39	3	0	32	267	26	13	6	9	0	2	2	1	0	
3	7	14	17	19	24	29	30	35	39	1	4	9	15	16	18	20	21	23	32	3	1	115	20	298	0	951	0	3	0	2	1	0	
4	6	12	17	25	26	29	30	38	39	3	7	13	15	16	21	23	24	27	37	3	2	81	81	0	292	0	3	66	2	0	1	0	
0	2	4	7	9	10	14	21	32	38	8	12	13	15	18	23	26	29	33	35	1	3	85	104	0	6960	256	0	71	6	1	1	0	
3	13	17	18	25	27	28	31	33	35	0	4	6	9	11	14	30	32	36	39	2	0	77	212	2469	185	4862	0	133	6	0	1	0	
9	12	13	16	18	26	27	30	31	33	4	6	14	17	23	25	29	32	34	38	3	1	48	0	1456	525	74	0	23	3	0	1	0	
3	5	13	15	20	28	29	30	31	37	2	4	16	21	22	23	26	32	35	36	2	2	56	17	0	113	48	0	18	0	1	0	0	
1	2	6	11	14	15	24	25	31	32	5	9	10	12	17	22	30	33	38	39	2	3	30	18	0	22	0	0	13	0	1	1	0	
2	3	5	6	7	15	18	33	37	38	0	4	9	11	13	24	26	31	34	39	3	0	50	606	487	341	26	0	266	6	1	1	0	
5	7	11	17	21	24	25	28	35	38	4	6	8	14	15	18	19	22	23	27	0	1	69	48	3808	130	0	82	0	4	2	1	0	
11	13	14	15	19	25	30	32	37	39	3	8	10	12	17	20	22	24	27	35	1	2	80	0	155	256	344	3	223	39	2	1	0	
5	7	11	12	20	25	26	27	29	30	1	6	8	10	13	14	17	19	22	38	1	3	117	0	0	0	356	173	59	9	3	3	0	
9	10	13	15	18	19	20	29	37	38	2	3	8	21	24	25	30	32	34	35	3	0	96	378	1312	3961	348	0	472	34	0	1	0	
1	6	7	16	21	22	24	25	28	30	0	4	12	13	19	26	27	32	34	39	1	1	61	0	6544	2536	91	30	0	3	0	1	0	
0	4	11	23	26	29	31	34	36	38	1	6	7	8	9	12	15	24	25	28	3	2	41	57	0	176	440	239	19	5	2	0	0	
6	8	10	11	12	18	27	30	38	39	1	3	14	15	17	19	21	22	29	35	1	3	64	53	0	2971	32	30	0	5	1	1	0	
0	1	5	6	11	15	19	24	36	39	3	7	9	10	17	18	22	28	31	33	3	0	43	380	1160	126	898	0	0	4	2	0	0	
7	11	12	14	16	20	21	30	34	35	4	10	13	17	22	27	29	32	38	39	3	1	30	53	299	0	19	0	0	4	2	1	0	
9	10	11	13	20	23	26	28	37	39	8	15	21	22	29	30	31	32	34	35	2	2	71	20	67	37	0	117	49	7	1	1	0	
1	9	13	14	15	16	21	26	34	39	0	3	8	11	17	25	29	30	31	37	3	3	80	31	0	3354	234	30	0	11	2	0	0	
1	7	11	19	20	25	27	28	30	32	2	3	10	13	15	17	22	23	26	38	2	0	83	391	0	244	135	164	0	5	2	0	0	
0	1	5	11	15	20	22	28	31	36	6	13	17	18	19	25	26	27	29	30	2	1	87	64	1225	0	75	0	22	0	1	1	0	
0	4	13	14	16	22	26	28	34	39	1	2	3	11	15	19	20	24	35	36	0	2	20	26	3905	0	554	0	49	4	1	0	0	
3	8	10	13	14	19	20	25	32	38	9	11	15	18	21	22	23	31	37	39	3	3	87	84	51	0	0	3	0	15	2	0	0	
3	5	9	13	17	20	30	33	34	39	0	2	4	6	8	10	12	19	32	38	3	0	105	231	37	0	479	246	43	4	1	1	0	
8	9	14	20	22	24	26	27	36	39	0	1	4	11	15	23	25	29	32	38	2	1	107	170	44	0	4088	63	2	0	2	1	0	
4	7	8	10	15	20	30	33	35	37	5	6	18	19	21	23	24	27	38	39	1	2	50	0	67	43	97	0	31	11	2	1	0	
9	18	20	24	25	28	32	37	38	39	2	5	6	21	23	26	29	30	33	35	1	3	51	125	4756	64	0	289	39	3	1	1	0	
1	5	7	11	19	23	25	26	28	37	2	4	6	8	12	13	15	18	22	34	1	0	40	308	83	560	0	490	107	5	2	1	0	
1	11	12	14	17	18	22	26	29	31	3	6	9	13	21	23	28	32	34	35	0	1	41	63	0	280	85	1	206	10	2	1	0	
4	11	14	19	23	26	27	32	35	37	1	3	6	10	16	21	24	25	33	39	0	2	3	46	2378	38	88	0	7	2	1	0	0	
1	2	3	13	14	18	21	31	32	35	5	8	10	19	22	25	27	30	37	38	0	3	43	20	655	0	0	0	8	7	1	0	0	
5	6	8	10	22	25	29	32	36	37	1	3	4	11	12	18	21	23	24	33	3	0	47	182	49	0	178	1	9	0	3	3	0	
0	1	7	8	17	18	35	36	38	39	3	9	16	20	21	24	28	29	31	37	3	1	91	76	0	159	962	72	8	2	0	1	0	
0	1	2	5	6	12	15	25	34	36	14	17	18	20	22	23	26	28	29	31	3	2	16	0	3051	47	105	0	156	1	0	7	0	
4	9	11	15	24	27	34	37	38	39	0	3	5	7	8	16	18	25	28	31	2	3	78	105	1266	26	0	3	0	6	1	0	0	
0	1	2	5	11	18	31	32	38	39	3	4	6	8	14	19	20	22	23	35	1	0	23	357	0	78	0	207	17	4	1	1	0	
0	2	9	11	12	18	28	30	33	35	3	4	7	8	14	24	27	32	34	39	2	1	23	26	39	62	0	202	9	6	2	0	0	
6	9	12	20	22	30	32	33	37	39	2	10	14	18	24	25	27	31	34	38	1	2	29	84	0	74	0	0	48	7	2	1	0	
5	7	8	9	10	14	15	17	20	30	3	18	19	21	22	26	27	28	29	32	3	3	29	171	105	114	1750	0	52	0	2	2	0	
0	2	5	16	18	25	31	35	37	38	1	3	4	8	10	12	14	21	32	34	3	0	51	338	0	270	285	459	0	10	2	1	0	
1	5	7	8	10	17	18	21	28	32	9	11	12	13	14	15	19	24	27	39	0	1	117	65	0	50	71	292	272	0	3	0	0	
0	10	20	21	22	25	27	32	33	39	2	8	9	18	30	34	35	36	37	38	1	2	37	70	0	167	211	0	12	1	1	0	0	
5	12	13	22	23	27	29	33	36	38	0	1	10	14	15	16	25	26	28	35	3	3	72	0	115	1884	33	64	0	2	0	2	0	
0	2	10	11	14	22	23	29	31	35	5	7	8	9	13	19	24	28	38	39	3	0	100	182	0	22	35	16	10	2	0	1	0	
0	1	3	6	12	13	16	21	24	25	7	8	10	11	20	22	26	34	35	39	3	1	27	215	58	304	114	123	9	2	0	1	0	
2	6	7	8	13	16	19	27	31	34	3	5	10	11	28	30	33	36	37	39	1	2	77	55	74	1606	0	94	30	0	2	1	0	
1	9	12	22	26	27	28	36	37	38	11	14	19	21	23	24	25	29	33	34	1	3	23	90	0	903	183	164	36	8	1	1	0	
1	3	6	8	19	23	27	32	36	38	2	7	11	13	17	22	25	31	33	35	1	0	29	301	75	0	4899	436	15	0	1	1	0	
0	2	3	5	6	10	12	15	22	33	13	19	25	26	29	30	32	35	36	38	1	1	61	0	38130	933	568	235	102	5	1	1	0	
2	5	8	9	24	25	27	31	32	36	0	1	6	7	11	12	15	19	22	26	3	2	36	148	153	693	47	84	18	2	0	1	0	
3	11	14	19	21	22	23	27	28	33	1	2	9	13	16	24	25	37	38	39	0	3	63	189	0	226	8666	117	0	5	1	1	0	
1	2	3	4	7	12	16	24	29	39	6	8	17	18	21	23	26	31	34	35	3	0	89	341	0	65	0	3	0	0	0	0	0	
0	5	7	13	14	17	24	31	33	38	9	10	11	12	15	19	27	35	36	39	2	1	26	0	69	56	133	187	19	1	1	1	0	
1	4	5	9	18	19	21	31	34	37	2	6	8	10	14	15	17	20	25	33	2	2	58	92	38	71	0	3	22	0	1	1	0	
4	6	7	12	14	20	21	28	32	39	1	3	8	10	18	25	27	33	34	38	2	3	49	15	0	148	24	26	4	0	2	0	0	
3	5	10	15	27	28	31	32	33	36	6	12	14	16	21	22	29	30	37	38	2	0	41	144	0	27	0	37	55	6	0	0	0	
2	11	15	20	24	30	32	33	36	37	0	1	7	14	18	19	23	27	28	29	2	1	82	69	83	19	0	263	57	0	2	1	0	
4	5	8	11	13	19	24	27	35	37	1	2	3	16	21	22	23	32	38	39	3	2	68	26	1926	36	0	153	18	2	0	1	0	
5	6	8	13	14	21	27	29	38	39	7	11	15	16	20	28	32	34	35	36	2	3	80	28	48	0	3746	738	5	0	1	0	0	
6	8	10	12	14	20	21	22	35	36	1	2	3	19	24	25	27	30	34	38	1	0	29	123	0	62	26	0	0	0	0	1	0	
1	9	12	18	25	26	28	33	34	36	3	4	7	8	11	14	24	27	29	38	3	1	79	37	55	52	0	3	14	18	2	1	0	
3	4	6	13	14	17	29	35	37	39	2	8	10	23	24	28	30	31	34	38	0	2	36	64	0	22	193	0	149	3	0	1	0	
10	11	14	19	25	27	32	34	35	36	1	6	7	13	17	21	30	31	38	39	2	3	80	47	0	291	235	331	35	10	0	1	0	
3	8	13	18	19	24	25	28	35	38	9	10	15	17	22	23	27	30	31	33	3	0	75	167	0	1780	34	0	0	4	1	1	0	
9	11	12	18	20	21	22	25	36	38	3	15	17	24	27	31	32	33	35	39	1	1	55	46	33	26	0	1	0	5	2	2	0	
2	9	14	16	23	24	27	29	32	39	1	4	5	12	13	18	26	28	34	38	1	2	69	65	0	13	0	1	0	3	1	1	0	
0	11	13	15	19	21	22	28	30	31	2	5	9	17	25	29	32	34	35	36	0	3	52	208	0	203	41	91	0	3	1	0	0	
0	2	3	6	7	24	25	29	37	39	1	8	9	12	14	15	16	19	31	35	1	0	101	253	917	94	48	64	134	2	0	1	0	
2	8	11	14	22	27	28	34	37	39	3	5	9	12	17	18	19	20	36	38	3	1	107	21	31	778	0	98	5	0	1	1	0	
1	2	6	9	11	12	13	28	33	35	5	15	19	23	25	30	32	36	37	38	0	2	72	0	4222	0	0	39	15	4	2	1	0	
0	6	8	10	14	18	24	31	34	36	2	3	7	12	16	19	25	30	35	39	0	3	104	0	91	107	54	973	27	12	2	0	0	
5	6	7	16	22	24	28	36	38	39	1	3	9	13	15	17	19	20	21	27	2	0	78	161	2260	108	65	0	73	9	1	1	0	
2	7	11	16	20	24	25	30	34	36	3	5	9	12	13	17	28	32	35	39	0	1	82	28	0	98	57	0	25	2	0	1	0	
1	6	8	10	13	17	18	21	30	34	4	12	15	19	23	26	27	28	29	33	0	2	85	97	90	75	148	0	11	0	1	1	0	
8	16	18	22	25	27	28	29	36	39	0	1	2	3	6	11	15	31	32	34	3	3	46	74	13072	891	138	0	7	0	0	1	0	
2	3	14	16	21	23	24	26	31	32	4	6	10	12	22	28	29	30	34	39	3	0	24	95	0	0	0	50	0	5	2	1	0	
4	5	8	14	17	18	33	34	37	39	0	1	2	3	12	19	21	22	28	31	1	1	97	60	461	241	238	97	6	3	1	0	0	
14	15	16	19	21	28	33	35	37	38	0	1	3	6	7	9	10	25	31	34	2	2	79	148	7462	1292	107	0	73	42	0	1	0	
1	5	7	21	22	25	35	37	38	39	0	2	6	12	13	15	24	30	34	36	2	3	2	121	1006	169	282	79	8	5	0	1	0	
3	10	15	16	18	21	27	32	34	39	2	5	6	11	19	24	30	31	33	38	0	0	47	246	2454	139	142	157	0	6	1	0	0	
0	2	4	7	9	10	13	15	30	38	3	6	11	16	17	19	20	25	34	35	3	1	46	173	149	0	10146	0	63	5	1	1	0	
0	13	17	22	26	28	33	35	37	39	4	8	10	15	16	18	19	21	27	38	3	2	101	78	0	0	235	56	24	3	2	1	0	
3	5	7	9	12	14	19	32	33	35	11	17	18	21	22	25	27	28	29	38	3	3	41	52	2974	1563	102	0	20	0	1	1	0	
1	2	4	5	7	17	24	29	32	33	3	11	12	15	21	22	27	34	37	39	3	0	93	331	0	223	48	38	28	0	3	0	0	
4	5	8	11	13	25	29	33	34	38	0	2	7	9	12	17	19	30	35	39	0	1	108	23	0	0	48	34	4	0	2	0	0	
4	5	12	14	16	18	26	32	36	39	1	3	13	15	19	20	21	27	29	35	2	2	69	27	0	118	3149	179	285	3	2	1	0	
0	8	9	11	13	15	18	20	24	26	1	2	5	16	21	31	34	35	36	39	1	3	53	155	150	98	378	0	23	1	1	0	0	
5	6	8	14	16	18	21	22	36	38	1	2	4	10	11	12	15	19	30	37	2	0	16	100	0	0	51	95	6	1	1	0	0	
0	2	5	7	10	12	17	23	24	30	3	4	8	9	11	15	19	27	29	35	0	1	89	0	115	41	60	461	34	0	1	0	0	
0	3	4	11	13	14	22	26	34	39	2	5	7	9	10	20	23	24	28	35	2	2	65	15	36	0	2294	0	331	3	1	1	0	
0	11	12	16	18	19	21	22	29	32	1	4	5	8	17	23	28	30	34	38	0	3	75	0	89	342	82	151	0	0	2	1	0	
2	9	16	17	20	21	22	30	34	38	5	8	11	14	15	25	31	33	36	39	3	0	93	121	0	20	0	0	78	13	1	0	0	
2	4	6	11	14	18	21	27	31	36	3	12	13	15	16	17	24	25	26	37	0	1	46	58	70	0	57	42	15	0	2	0	0	
1	2	11	13	15	16	17	30	31	33	4	5	7	8	12	20	29	34	38	39	1	2	83	153	1404	38	141	83	14	0	0	1	0	
4	5	7	9	14	24	27	33	38	39	0	1	3	12	16	18	23	26	30	35	2	3	57	0	5671	5497	127	0	141	6	0	1	0	
0	3	10	15	17	19	26	28	35	38	1	2	9	20	23	27	30	32	33	36	1	0	66	163	50	0	6142	3	0	7	1	0	0	
4	5	7	8	12	16	19	22	34	36	0	9	11	13	18	21	23	24	37	39	3	1	41	97	71	0	68	1	30	6	1	1	0	
2	5	7	12	17	22	33	35	36	39	4	9	10	11	15	18	21	26	29	38	1	2	106	0	125	184	2655	1	0	0	0	1	0	
0	4	5	8	11	12	14	18	26	34	13	16	20	25	27	29	31	33	37	39	1	3	53	0	89	268	533	338	29	5	2	1	0	
4	6	11	18	19	24	28	33	34	36	0	12	14	15	16	20	21	22	26	32	0	0	14	116	0	120	110	54	0	5	1	0	0	
0	3	5	8	9	16	20	27	29	30	6	7	10	15	18	28	32	35	37	38	1	1	97	123	0	213	26229	1	25	3	2	0	0	
0	2	4	7	14	15	18	22	24	30	6	8	10	19	23	25	28	29	35	37	0	2	76	140	561	28	117	307	0	5	1	1	0	
2	3	16	18	25	26	33	35	37	38	4	5	10	11	12	15	22	24	27	28	1	3	61	39	0	0	45	0	110	3	0	1	0	
17	18	19	20	21	25	30	31	32	38	0	1	3	4	5	6	8	10	12	34	2	0	16	122	0	0	41	13	10	1	1	0	0	
8	10	20	23	24	27	29	34	35	38	1	3	7	13	18	22	28	30	31	39	0	1	76	0	255	7318	1108	202	24	4	1	0	0	
3	4	12	16	22	23	24	26	28	32	0	5	17	21	25	31	33	34	37	39	3	2	84	0	226	262	256	0	11	6	2	1	0	
4	12	13	16	18	19	32	33	36	37	0	2	5	9	15	17	23	30	34	38	3	3	62	346	198	173	0	3	29	4	2	1	0	
2	8	12	23	26	30	31	34	35	38	0	4	6	11	13	21	25	28	32	33	2	0	27	275	0	77	0	42	7	2	1	1	0	
4	5	7	8	11	13	18	30	33	36	12	20	21	23	26	27	28	34	37	38	1	1	29	168	4504	217	269	3	13	0	1	1	0	
2	3	6	13	16	17	24	29	33	37	7	9	11	12	18	21	27	31	34	35	0	2	39	40	0	34	23	19	0	0	1	1	0	
1	5	6	10	11	23	27	31	35	37	0	2	4	13	16	20	21	25	28	33	1	3	0	0	0	19	78	80	0	1	2	0	0	
1	3	11	14	21	23	26	31	35	39	4	6	8	10	13	16	24	29	30	38	2	0	62	337	62	0	83	0	6	0	2	1	0	
3	9	12	13	14	21	23	24	26	38	0	1	5	8	17	22	25	28	33	39	0	1	78	0	1333	54	59	0	0	3	2	1	0	
2	10	15	17	18	24	25	28	34	37	0	4	8	11	19	29	32	33	36	38	3	2	79	75	89	0	156	214	2	0	0	0	0	
1	5	10	19	20	31	32	36	38	39	8	16	17	21	22	23	27	29	30	33	1	3	40	0	637	150	454	2	0	27	3	1	0	
4	5	9	15	16	20	21	23	26	32	0	2	8	12	14	24	33	34	36	39	2	0	19	242	0	71	93	84	14	4	1	1	0	
3	7	11	18	19	27	29	33	34	37	6	8	13	14	15	21	22	25	35	38	0	1	35	28	0	45	0	1	26	3	2	1	0	
5	6	19	21	22	26	27	28	29	39	4	8	10	11	13	16	17	20	24	34	1	2	84	62	0	0	20954	1	320	28	1	2	0	
11	16	17	20	21	23	24	27	28	29	9	10	14	15	30	31	33	36	37	39	0	3	63	205	39	309	142	204	22	4	1	1	0	
4	8	9	10	12	15	22	25	26	33	1	2	7	13	14	18	24	32	35	38	0	0	91	264	836	0	130	3	65	10	2	1	0	
2	6	9	11	12	16	25	31	33	36	0	5	7	8	13	15	17	24	28	39	0	1	94	48	227	13	44	45	0	13	0	1	0	
1	2	4	14	18	21	27	34	35	38	6	10	15	22	28	29	30	31	32	36	3	2	93	65	0	6063	32	32	0	2	1	0	0	
0	3	14	15	16	19	21	29	36	37	1	2	4	7	9	12	17	24	25	31	1	3	65	58	0	76	2022	59	0	3	2	1	0	
2	4	7	15	19	22	26	27	37	38	0	6	11	16	18	24	29	32	33	36	3	0	64	130	0	3023	0	1	157	0	2	1	0	
5	7	15	18	24	27	29	30	33	38	8	9	10	13	16	19	22	25	32	34	0	1	81	69	500	37	0	31	9	0	2	0	0	
2	8	10	12	14	17	24	28	31	39	0	4	5	7	15	19	23	26	30	35	1	2	63	142	0	9007	14	12	4	0	2	0	0	
2	10	11	12	14	22	27	33	34	37	0	1	5	6	19	20	28	35	36	38	3	3	75	0	224	132	36	14	9	6	0	1	0	
0	1	2	3	8	14	31	35	38	39	6	7	11	15	19	22	24	26	30	37	2	0	59	171	433	0	0	141	22	5	2	1	0	
11	12	14	18	24	25	28	32	33	34	0	4	5	8	9	13	15	16	36	37	2	1	38	0	0	185	174	189	36	14	8	0	0	
0	1	3	6	12	16	18	20	29	35	2	10	15	21	31	33	34	36	37	38	3	2	76	44	33	81	37	0	0	21	2	2	0	
7	8	9	10	15	21	30	31	32	34	0	2	4	5	14	20	22	26	27	38	3	3	71	18	0	130	3141	69	25	0	2	0	0	
0	1	11	16	18	20	23	27	30	35	2	5	9	12	13	22	29	33	34	37	3	0	17	231	0	68	20	15	0	0	0	1	0	
0	5	8	17	18	20	21	23	35	37	6	13	14	24	25	27	29	31	32	33	3	1	65	11	0	1658	18	0	11	3	2	1	0	
0	4	7	10	19	27	28	34	35	37	3	6	11	12	16	22	24	25	26	33	3	2	26	60	689	0	20	22	0	5	0	1	0	
17	21	25	26	27	31	32	34	35	37	1	3	5	7	10	14	22	24	29	36	0	3	66	0	26592	4369	2874	246	25	4	1	1	0	
6	11	14	21	23	28	31	36	37	38	0	2	4	15	18	19	20	27	30	35	1	0	48	256	0	276	236	52	0	7	3	1	0	
5	14	16	17	20	23	27	30	37	39	2	6	12	15	18	21	28	29	34	36	3	1	86	68	92	714	0	0	19	0	5	1	0	
0	3	6	9	14	19	25	32	36	39	1	2	5	7	8	17	18	22	31	33	0	2	120	50	35	0	1596	0	15	3	0	1	0	
0	5	8	13	14	19	24	27	31	35	3	7	11	12	22	25	28	30	32	38	2	3	56	43	572	0	36	0	16	5	1	1	0	
1	5	10	14	18	26	30	31	35	36	3	4	12	13	15	20	21	22	24	33	3	0	35	192	15	11	0	7	2	0	1	1	0	
5	7	13	18	20	21	26	30	33	37	3	4	11	15	16	19	31	34	35	39	3	1	71	27	0	75	0	2	5	7	2	1	0	
0	8	13	17	22	26	27	30	33	36	6	7	15	21	23	28	31	32	34	35	3	2	49	41	44	0	3578	0	24	4	2	1	0	
1	2	5	6	18	21	24	30	34	38	0	3	4	11	16	17	20	23	25	27	2	3	38	102	8165	99	41	65	25	0	0	1	0	
7	9	10	12	16	18	20	22	24	36	2	4	5	6	13	15	17	32	34	39	2	0	29	281	55	47	0	67	4	0	2	0	0	
0	3	7	8	16	18	30	32	33	35	2	10	12	13	15	21	22	24	38	39	1	1	66	85	7212	268	76	101	66	13	2	0	0	
4	7	17	18	20	23	28	29	36	37	1	8	12	13	15	16	24	26	34	38	0	2	44	25	0	38	29	0	0	9	0	1	0	
1	2	3	5	6	11	12	23	31	38	7	9	16	18	19	21	28	29	32	37	3	3	52	0	113	303	0	4	0	0	2	1	0	
4	5	6	13	16	24	25	26	38	39	3	7	14	18	22	27	29	31	32	37	3	0	57	268	553	42	0	43	0	15	2	1	0	
1	5	6	10	16	17	23	24	29	38	12	15	18	20	25	26	27	30	31	37	2	1	85	44	0	17686	0	336	317	6	1	1	0	
4	5	7	8	10	22	26	29	35	39	0	2	3	9	13	14	16	20	27	36	1	2	58	38	0	153	71	0	163	5	2	1	0	
1	5	12	14	16	17	19	22	29	38	0	3	4	6	9	10	21	30	32	35	3	3	31	103	59	0	94	64	75	7	0	1	0	
0	7	15	17	18	19	24	32	34	38	6	11	13	14	21	22	28	33	36	39	3	0	89	247	0	52	0	2	41	4	1	0	0	
3	4	6	7	8	13	27	29	32	38	0	1	10	15	16	21	25	26	30	37	0	1	95	0	184	1781	0	5	0	3	2	1	0	
2	11	12	13	15	16	19	22	30	35	0	7	8	9	10	18	24	26	27	28	2	2	56	68	139	0	147	312	14	0	3	1	0	
1	7	10	12	13	15	23	28	29	30	2	5	9	14	19	22	25	26	36	37	1	3	88	59	30	75	37	0	118	0	1	1	0	
6	8	9	11	12	13	17	30	33	34	0	7	14	18	24	28	29	35	37	38	0	0	54	181	94	134	45	87	21	0	2	1	0	
0	7	8	12	19	20	26	31	33	36	2	4	5	6	10	14	18	25	29	34	1	1	62	39	45	0	88	61	0	3	0	1	0	
3	4	5	9	12	15	22	28	36	38	2	7	10	13	16	19	20	23	34	37	0	2	40	32	0	64	25	0	149	0	1	1	0	
0	11	14	16	20	23	25	28	31	35	2	4	5	6	8	9	17	21	27	36	0	3	48	46	0	1409	0	760	72	6	1	1	0	
4	6	7	17	19	27	28	31	37	38	1	2	5	12	14	25	29	32	33	39	0	0	72	160	20	0	3825	3	0	2	2	1	0	
4	6	7	10	22	23	25	34	35	36	1	3	8	12	15	16	17	26	32	38	3	1	58	62	36	0	250	46	9	0	0	2	0	
1	5	14	19	27	28	29	32	37	38	4	11	17	20	25	26	30	33	34	36	3	2	99	29	58	0	103	0	20	8	2	0	0	
11	14	15	20	24	27	28	31	33	36	0	1	6	7	9	12	17	19	21	37	1	3	66	91	63	70	76	2	14	4	1	1	0	
6	10	11	12	13	15	24	28	34	39	1	3	7	17	19	20	23	31	35	36	3	0	66	122	0	67	0	3	0	6	0	0	0	
4	13	15	17	19	23	25	29	30	37	1	5	6	12	16	20	24	26	32	35	3	1	31	73	573	0	59	0	142	8	2	1	0	
2	4	6	8	11	18	23	24	27	29	7	14	15	16	19	28	32	33	36	38	1	2	68	263	317	149	38	1	6	0	2	1	0	
2	6	8	14	18	20	24	29	33	36	1	3	4	16	22	28	30	31	38	39	0	3	67	25	29	66	43	39	0	10	1	2	0	
1	2	6	9	11	12	13	28	33	35	5	15	19	23	25	30	32	36	37	38	3	0	74	191	0	2566	0	0	10	3	2	1	0	
1	3	5	7	18	22	25	33	34	35	6	11	13	20	21	23	29	31	38	39	1	1	44	37	1554	42	0	76	0	17	1	1	0	
5	13	14	19	22	25	27	30	33	36	1	10	15	16	26	28	29	34	37	38	3	2	104	60	33	0	19	13	0	6	0	0	0	
0	3	8	10	15	16	20	24	32	33	1	9	12	14	21	25	27	29	37	38	3	3	42	0	0	34	47	0	65	2	1	0	0	
5	7	10	12	13	18	19	22	35	39	1	4	8	17	21	25	26	29	34	37	3	0	101	432	0	53	0	1	115	8	1	1	0	
0	5	8	12	17	18	22	25	33	35	1	2	9	10	14	19	26	29	30	31	0	1	107	52	0	42	50	0	36	2	1	0	0	
1	6	8	9	19	25	30	32	34	39	3	5	7	10	12	13	15	17	22	33	2	2	65	108	7816	98	0	0	30	5	1	0	0	
3	15	24	26	27	30	31	35	36	38	2	4	5	6	11	14	21	25	33	37	1	3	2	117	419	168	1170	0	0	2	1	1	0	
5	11	12	13	18	23	27	34	35	37	1	6	7	10	19	24	25	26	31	39	2	0	76	210	5226	106	145	1	27	0	1	0	0	
0	5	10	12	15	17	25	27	33	36	1	3	4	11	18	20	24	32	37	38	3	1	35	30	0	45	0	82	4	0	1	1	0	
1	6	9	14	16	17	18	34	35	37	5	7	11	12	13	15	19	20	24	29	1	2	86	316	53	37	516	0	106	3	1	0	0	
3	10	13	16	19	23	24	28	33	38	1	8	11	12	15	20	21	22	36	39	3	3	81	0	101	8028	0	0	115	3	2	1	0	
1	2	6	8	9	11	15	21	25	34	4	7	14	18	20	29	31	32	33	36	2	0	41	310	1192	1829	17	0	56	4	0	1	0	
0	4	7	11	15	18	23	29	31	35	3	5	16	17	22	27	32	36	37	38	1	1	55	47	307	0	13	31	0	1	1	1	0	
2	4	7	16	24	28	29	33	36	38	3	5	10	12	17	20	22	26	30	31	0	2	79	33	36	0	122	38	8	2	0	1	0	
1	11	13	14	15	16	21	29	30	31	0	3	8	10	18	20	23	26	27	39	2	3	55	61	94	0	56	0	1087	7	2	1	0	
2	3	4	7	17	23	24	26	28	32	6	9	10	12	13	18	19	25	34	37	0	0	68	278	77	60	0	1	20	13	1	1	0	
1	5	8	13	20	23	25	29	30	34	0	2	4	10	12	18	24	32	35	36	0	1	59	139	63	0	83	54	0	8	1	1	0	
6	9	15	20	25	29	34	37	38	39	2	11	14	16	17	18	27	33	35	36	0	2	52	81	1181	0	518	232	8	8	2	1	0	
0	1	2	4	14	16	19	22	23	38	5	7	12	13	15	25	26	28	35	37	2	3	41	0	0	0	732	59	16	5	2	1	0	
2	8	16	18	19	23	28	31	32	39	6	7	12	14	21	25	26	30	33	35	3	0	61	163	0	12	82	202	65	4	2	1	0	
2	5	8	9	14	16	19	29	37	38	3	4	7	13	18	21	23	24	27	31	3	1	55	38	1030	0	3815	30	16	2	0	1	0	
3	6	12	14	21	24	27	29	35	38	0	4	5	7	15	23	30	31	33	39	3	2	67	69	0	42	0	78	16	7	1	1	0	
6	7	8	16	17	25	26	29	31	34	1	2	3	10	13	15	22	27	35	39	3	3	35	43	428	55	223	13	0	5	1	0	0	
1	4	5	11	15	16	19	24	26	31	2	17	22	23	25	28	29	30	33	39	0	0	80	232	20	0	0	220	4	0	2	1	0	
5	13	21	24	25	31	32	35	36	38	2	3	9	10	14	15	20	26	27	28	2	1	72	0	6144	366	8171	3	44	13	1	1	0	
5	7	14	15	17	19	20	29	31	39	0	2	4	12	18	23	24	27	34	36	2	2	92	33	0	190	54	0	88	3	1	1	0	
4	8	9	13	16	28	29	33	35	37	0	5	14	15	17	20	24	27	32	39	0	3	94	24	159	0	1403	0	76	0	1	1	0	
2	7	12	17	19	21	26	27	30	34	4	8	10	13	18	20	22	29	31	38	3	0	47	293	560	0	16	0	19	2	0	1	0	
0	2	3	7	8	17	24	25	29	33	5	6	9	12	14	18	19	20	22	31	1	1	84	0	305	284	2166	0	41	1	0	1	0	
12	15	16	18	26	27	29	36	38	39	0	3	5	10	14	19	32	33	35	37	1	2	100	47	1591	0	137	3	85	2	2	1	0	
2	7	10	11	12	13	23	31	38	39	1	4	6	8	15	18	30	35	36	37	1	3	43	38	26	0	0	0	0	5	1	1	0	
1	5	7	13	19	28	31	34	37	38	0	2	4	8	11	12	15	18	24	33	3	0	56	268	140	43	0	234	84	23	0	1	0	
1	2	3	6	10	12	14	16	27	31	4	7	11	17	21	25	33	36	37	39	0	1	32	0	117	81	192	2	47	0	0	1	0	
2	6	7	12	13	15	16	17	21	37	1	5	8	11	20	24	28	30	31	34	3	2	67	0	344	7240	3553	129	21	0	2	1	0	
2	12	14	22	25	33	35	36	37	38	1	9	11	15	23	27	30	31	32	34	2	3	2	45	0	97	133	299	95	2	1	1	0	
3	7	13	14	15	16	20	25	32	38	0	4	5	6	8	12	19	23	26	37	2	0	41	176	1776	59	217	0	0	3	2	1	0	
1	2	8	14	17	22	24	26	37	39	10	11	15	16	18	20	25	28	34	36	3	1	41	152	76	0	64	75	4	0	2	1	0	
5	23	25	26	30	31	32	34	35	36	0	1	3	6	9	10	17	19	29	38	3	2	95	258	380	314	223	0	592	31	2	2	0	
0	5	10	15	20	22	24	26	33	36	6	9	21	27	28	30	32	34	35	38	2	3	74	84	0	170	39	0	17	2	2	0	0	
0	7	10	12	13	15	27	34	38	39	3	8	9	17	21	26	31	32	33	35	2	0	62	200	0	160	0	3	30	3	1	0	0	
6	11	13	20	22	24	25	26	31	33	0	4	8	12	17	21	27	29	34	39	1	1	18	58	0	35	139	0	5	2	1	1	0	
1	2	8	9	18	25	30	36	38	39	0	6	11	20	21	26	27	29	34	37	2	2	71	61	1875	0	0	3	0	5	1	1	0	
1	2	6	7	13	19	24	28	30	37	0	5	8	9	12	14	15	23	26	32	2	3	65	50	33	0	3521	4	65	4	1	1	0	
0	1	5	9	16	20	22	30	32	39	2	17	18	23	25	28	29	34	36	37	0	0	65	234	59	35	0	3	5	0	1	1	0	
6	7	10	11	19	23	26	28	33	37	1	2	3	5	18	21	27	29	30	39	2	1	69	21	16	0	15	0	19	2	1	1	0	
0	1	2	3	13	15	17	28	34	36	5	11	12	14	18	24	27	29	38	39	3	2	87	101	28	0	0	2	8	0	0	0	0	
5	10	22	23	24	25	27	31	35	38	1	6	8	15	16	17	19	20	26	39	0	3	41	69	59	0	430	248	34	8	1	1	0	
4	7	13	15	17	18	21	23	33	34	5	11	26	27	29	30	31	35	36	39	1	0	20	286	829	442	0	22	0	2	0	0	0	
2	5	6	7	9	10	13	14	31	32	0	16	22	23	26	27	28	30	36	39	3	1	29	122	0	0	926	294	0	7	1	1	0	
4	6	19	21	23	24	30	32	33	38	1	8	9	11	12	13	14	17	25	37	0	2	37	58	0	104	84	97	0	0	1	1	0	
2	3	4	6	11	16	20	29	35	37	1	8	12	15	17	18	24	28	30	31	2	3	36	43	0	11	0	0	0	7	0	1	0	
2	5	8	12	17	21	22	24	25	36	0	9	11	16	18	20	27	30	32	39	2	0	67	197	1323	85	56	48	0	6	2	1	0	
1	2	6	18	20	21	24	27	28	38	4	9	15	16	19	25	26	30	31	35	0	1	64	73	105	109	0	204	380	43	2	1	0	
0	8	9	13	18	25	27	30	38	39	1	5	6	16	19	21	22	26	33	37	3	2	92	21	16	0	689	2	0	2	0	1	0	
4	16	18	22	23	24	26	29	30	33	1	2	3	10	12	15	17	25	32	34	2	3	45	32	0	223	178	3	17	5	1	1	0	
6	9	17	18	19	21	23	24	25	30	1	7	10	11	13	14	22	29	33	35	3	0	77	270	0	4066	94	110	74	6	3	1	0	
4	6	9	14	18	24	29	31	34	38	1	5	8	12	20	27	30	32	33	35	3	1	82	58	965	0	2351	0	6	0	2	1	0	
3	7	8	10	15	16	21	27	29	38	0	9	17	22	23	25	28	30	33	37	0	2	83	50	426	0	2597	145	5	0	2	1	0	
0	5	6	14	17	28	30	32	36	39	2	7	9	11	13	16	18	20	34	38	2	3	44	70	1158	50	0	0	226	3	3	1	0	
4	7	8	17	23	29	30	31	35	37	1	2	5	6	10	16	18	26	28	36	3	0	64	316	1500	0	549	151	27	7	2	1	0	
3	7	8	12	17	19	25	33	36	39	5	13	16	23	26	27	30	32	35	37	3	1	66	0	4921	3095	363	470	34	6	1	1	0	
6	7	9	10	15	21	23	24	25	36	0	2	11	13	19	20	26	29	30	35	1	2	71	104	1715	0	0	4	0	2	1	1	0	
0	2	12	19	20	26	30	32	33	39	5	8	9	10	11	15	17	18	34	37	1	3	104	56	0	81	325	0	24	15	2	6	0	
0	1	4	5	9	18	26	28	29	33	2	10	13	14	17	25	27	36	37	38	1	0	71	155	8597	79	164	166	0	3	1	1	0	
2	3	5	17	21	23	25	32	36	39	9	12	14	18	19	24	29	30	35	37	0	1	17	71	44	35	0	1	0	13	2	0	0	
2	4	7	8	14	17	18	19	31	34	1	5	6	10	20	21	22	25	26	38	0	2	99	226	7038	104	50	0	86	0	1	1	0	
1	2	3	8	9	12	22	29	34	35	0	6	14	17	18	23	25	26	32	39	0	3	112	38	0	23	0	60	48	2	1	1	0	
2	4	7	9	11	14	20	27	29	30	0	3	10	12	15	18	19	21	24	28	3	0	16	292	48	0	393	176	70	3	1	1	0	
5	14	18	21	22	26	30	32	34	37	0	7	16	19	23	25	33	35	36	38	1	1	71	35	0	0	89	0	68	0	3	1	0	
3	4	10	14	17	19	21	33	35	37	0	8	11	15	20	26	27	31	34	39	3	2	44	88	0	115	5279	0	0	5	2	1	0	
3	9	10	13	15	18	25	26	28	35	2	16	17	20	21	23	27	29	30	31	1	3	81	23	0	77	113	0	438	4	1	0	0	
0	2	3	4	12	17	22	25	29	31	1	5	8	10	11	13	20	26	32	37	2	0	52	210	0	46	135	3	0	0	0	0	0	
1	13	14	18	19	26	29	30	35	39	2	5	6	15	16	20	23	27	28	37	0	1	70	53	1011	0	116	0	222	4	2	1	0	
0	7	9	10	16	22	28	32	33	37	2	3	5	6	13	19	21	27	29	36	3	2	85	80	831	56	57	0	183	0	2	0	0	
0	1	2	3	5	8	14	17	31	32	4	13	16	18	22	29	30	34	37	38	1	3	38	52	0	0	487	141	99	7	2	0	0	
0	6	9	11	12	21	25	26	27	35	4	8	13	17	18	22	32	33	36	38	1	0	21	210	0	0	140	88	53	0	1	0	0	
0	3	4	8	9	13	19	26	31	38	1	2	7	11	21	28	29	32	33	39	3	1	82	0	7586	113	86	0	61	4	2	1	0	
1	3	5	9	11	18	21	24	30	33	2	12	15	16	26	27	31	36	38	39	1	2	39	124	81	0	13661	0	29	3	1	0	0	
5	10	11	14	23	24	26	33	37	39	4	6	8	9	12	15	25	31	34	35	3	3	50	150	46	702	0	1	5	1	2	1	0	
1	3	5	9	12	13	14	26	29	35	0	7	8	10	19	20	31	33	36	37	2	0	52	126	563	23	0	0	51	17	0	3	0	
5	7	16	18	19	24	25	28	37	39	4	6	9	11	20	21	29	32	35	38	2	1	115	15	0	1632	0	97	51	0	2	2	0	
8	14	18	20	22	23	28	34	35	37	1	4	5	6	11	15	21	31	38	39	2	2	87	43	313	0	0	2	11	2	1	0	0	
1	18	23	24	27	34	36	37	38	39	0	5	7	8	10	11	14	30	31	35	1	3	30	143	3670	1013	878	48	0	7	1	0	0	
2	3	12	15	17	20	21	22	24	37	5	6	10	19	23	25	30	31	34	38	2	0	56	93	0	81	1082	3	14	4	1	0	0	
0	4	6	12	16	21	22	31	32	37	1	2	9	15	19	23	28	29	30	36	1	1	76	43	560	62	0	54	10	0	1	0	0	
0	1	2	14	18	27	30	32	35	38	3	8	16	19	20	21	22	23	25	29	0	2	26	0	0	76	0	1	1	0	1	1	0	
2	7	11	21	23	25	30	32	34	38	1	3	6	19	24	33	35	36	37	39	2	3	28	49	0	190	266	0	140	73	2	1	0	
3	5	10	12	15	19	20	33	35	39	0	8	9	16	25	26	29	32	34	38	0	0	75	215	0	699	89	0	108	4	2	1	0	
12	13	14	18	19	25	36	37	38	39	1	4	9	16	17	21	23	28	29	35	2	1	106	67	2195	0	2088	4	32	5	2	0	0	
3	4	7	15	16	23	25	27	36	39	0	1	6	8	9	12	17	29	31	34	1	2	62	41	1548	89	108	0	11	5	1	0	0	
5	13	16	17	21	23	26	31	32	33	1	3	6	9	10	14	24	27	30	37	3	3	42	43	15	0	0	64	17	2	0	0	0	
4	6	7	22	25	27	29	33	35	38	3	10	11	13	15	17	20	23	26	30	1	0	61	240	82	4748	178	193	51	3	0	0	0	
5	6	10	12	16	19	20	22	33	36	2	3	8	9	15	25	28	30	34	35	2	1	28	35	0	54	58	18	0	0	1	1	0	
1	7	12	16	18	23	25	29	30	34	3	4	11	13	14	15	31	33	37	39	3	2	86	169	26	0	50	32	120	22	3	1	0	
0	2	5	16	21	22	23	24	35	38	4	9	13	17	19	26	28	33	37	39	0	3	74	22	0	1015	185	0	24	0	0	1	0	
1	3	5	13	18	19	23	24	31	38	7	9	10	16	22	25	26	30	33	35	2	0	63	325	18	26	0	0	0	1	0	1	0	
6	12	13	14	23	26	27	30	38	39	5	9	10	15	21	22	25	28	32	37	1	1	34	0	0	0	45	0	31	0	3	1	0	
5	9	12	16	21	22	29	33	34	39	2	8	11	14	15	19	20	25	28	36	1	2	117	15	0	33	17	6	6	0	2	1	0	
4	7	12	18	19	20	25	30	33	38	1	9	15	16	27	28	29	31	32	35	3	3	93	34	357	40	0	180	4	0	1	1	0	
1	6	8	9	10	23	27	28	33	36	4	7	12	13	14	17	26	29	34	39	0	0	99	430	31	686	0	3	3	0	1	0	0	
3	11	16	20	21	28	29	30	32	39	0	1	5	6	7	12	13	14	17	37	1	1	75	84	1007	0	323	3	0	5	2	1	0	
1	5	6	14	15	16	21	22	26	34	2	3	7	13	18	20	23	32	36	37	3	2	19	23	109	23	18	21	2	0	0	0	0	
7	8	9	10	16	18	20	24	29	38	2	4	5	12	13	19	21	22	26	36	3	3	59	54	1018	0	0	133	30	4	2	1	0	
2	8	10	12	17	21	22	27	29	37	4	5	13	15	23	25	31	32	33	35	2	0	30	188	29	683	0	3	0	2	2	0	0	
2	3	6	12	19	20	29	31	33	35	1	7	10	13	15	17	21	23	25	37	0	1	69	20	36	0	2965	38	16	0	2	1	0	
18	19	21	24	25	26	27	30	32	35	0	4	5	6	8	9	10	11	12	14	3	2	26	149	0	20999	219	799	254	11	2	1	0	
1	2	3	8	25	31	32	33	36	39	5	7	12	14	16	22	23	24	29	34	1	3	18	46	10	21	11	88	2	1	1	1	0	
0	3	5	12	23	26	27	30	32	36	1	2	8	15	19	20	31	37	38	39	3	0	65	276	13	0	120	65	0	3	1	0	0	
0	1	2	4	18	19	25	26	30	34	6	12	13	14	16	21	28	31	33	35	3	1	36	10	0	26	16	0	5	0	2	2	0	
6	9	10	13	16	19	23	27	33	35	0	4	12	14	15	20	21	22	30	37	2	2	23	76	0	64	0	296	15	7	1	1	0	
4	5	6	7	11	16	21	25	26	37	0	1	8	9	10	12	13	27	31	39	1	3	39	88	23	79	648	2	0	0	2	1	0	
2	3	11	22	28	29	31	33	34	37	4	10	12	17	26	27	32	35	36	38	2	0	30	279	29	0	5398	0	0	0	2	1	0	
1	5	14	15	19	21	33	37	38	39	0	7	9	10	13	22	23	24	31	35	0	1	90	92	888	813	0	130	130	5	1	0	0	
4	5	13	14	18	20	22	24	28	36	0	2	8	15	23	27	32	33	37	39	3	2	90	46	57	100	0	0	41	5	0	1	0	
8	11	18	20	28	29	30	34	35	39	3	4	6	7	10	15	16	24	31	36	0	3	68	0	6593	2551	622	230	28	4	2	1	0	
0	1	6	9	12	26	30	33	35	36	2	8	13	17	19	23	24	29	31	34	3	0	82	458	60	0	239	216	31	5	1	1	0	
0	6	9	12	13	16	25	27	31	37	17	18	19	21	28	29	30	34	36	38	1	1	89	52	31	0	40	0	60	7	2	1	0	
1	9	10	11	15	16	18	26	27	31	7	8	22	24	29	30	34	36	37	39	0	2	47	84	0	50	0	159	75	8	0	1	0	
3	6	11	15	19	25	33	34	37	39	0	1	5	9	10	13	14	16	28	36	3	3	85	0	39	0	321	93	8	6	2	1	0	
6	8	15	16	19	25	27	28	31	39	1	3	9	10	14	17	26	33	35	38	1	0	86	134	0	1230	17	3	0	3	1	0	0	
2	8	9	10	11	14	21	23	26	33	0	6	7	18	19	28	34	35	37	39	1	1	88	0	41	0	92	113	14	2	2	1	0	
0	1	10	14	19	25	30	33	38	39	3	13	15	16	17	21	24	29	31	34	3	2	91	131	1093	0	0	284	13	4	1	1	0	
2	7	11	16	21	23	26	31	38	39	6	12	13	18	20	24	25	30	33	36	0	3	34	30	0	48	0	150	14	0	1	0	0	
0	4	7	13	14	19	20	26	38	39	2	6	10	12	23	28	30	31	32	36	2	0	68	159	0	27	7	0	35	0	2	0	0	
2	9	10	11	14	26	31	35	36	37	4	5	7	18	20	23	24	28	32	33	1	1	50	45	28	22	0	24	9	0	1	0	0	
2	11	15	21	22	27	30	32	35	39	1	3	4	7	8	13	16	24	33	37	0	2	60	53	0	0	0	116	29	21	1	0	0	
5	9	12	17	25	26	27	31	37	39	3	4	8	10	13	14	19	20	22	33	1	3	71	80	23	0	85	0	7	0	2	1	0	
1	2	5	7	9	10	20	27	33	39	3	6	12	16	19	22	30	34	37	38	1	0	40	254	2719	64	0	0	57	8	2	1	0	
6	7	14	19	23	25	26	27	29	30	0	1	8	16	22	24	31	34	35	37	3	1	53	0	157	1037	178	0	918	0	2	1	0	
3	11	17	19	27	28	30	34	38	39	0	1	14	16	18	21	22	23	35	37	1	2	69	58	0	298	4424	0	80	9	0	1	0	
0	5	8	14	16	23	24	27	31	38	9	10	12	13	17	26	29	32	34	35	0	3	89	43	0	2427	0	13	0	0	1	0	0	
0	8	11	18	23	26	29	30	32	33	7	9	13	16	21	25	27	34	38	39	3	0	70	144	0	3915	0	90	13	3	2	0	0	
3	11	16	19	22	24	27	30	31	38	1	21	23	25	26	28	33	35	36	37	3	1	43	112	2898	0	0	74	13	2	1	1	0	
2	8	17	19	22	24	26	27	30	33	4	5	6	7	23	25	28	31	34	38	3	2	36	29	0	87	47	45	0	7	2	1	0	
1	9	14	17	23	24	28	30	33	39	2	3	4	12	18	20	29	31	32	35	2	3	98	32	0	22	31	0	44	0	1	1	0	
2	3	4	7	13	15	26	28	35	39	0	6	10	11	16	19	21	22	29	33	1	0	71	209	0	63	0	3	73	20	2	1	0	
5	11	13	21	22	25	30	34	37	39	0	6	7	15	17	18	23	29	31	38	1	1	87	0	4497	59	0	116	0	4	1	0	0	
9	11	13	18	20	25	27	29	33	35	1	2	4	15	24	26	28	30	32	37	2	2	70	0	9838	75	0	132	34	5	2	1	0	
3	5	18	19	23	25	30	31	36	38	0	1	7	9	10	12	13	14	15	17	0	3	80	22	0	49	0	3	0	17	1	1	0	
2	6	8	9	13	15	20	26	30	32	4	16	23	25	28	33	34	36	38	39	2	0	68	358	1073	415	167	0	30	0	2	0	0	
0	1	3	6	10	15	22	25	31	37	4	7	11	14	18	20	23	27	33	36	1	1	48	29	11	0	7468	0	135	43	1	1	0	
8	17	21	24	27	28	29	32	35	36	1	3	5	18	19	26	30	31	33	39	3	2	60	75	102	0	464	0	465	12	1	1	0	
4	20	21	22	23	29	31	32	36	38	0	2	3	6	7	10	13	15	26	28	2	3	48	128	185	94	1959	34	0	3	1	2	0	
3	9	18	22	25	26	29	31	35	37	13	15	17	19	20	30	32	33	38	39	2	0	86	307	5896	0	345	3	5	2	2	0	0	
1	7	8	15	18	26	27	28	30	39	3	5	6	9	13	19	21	23	31	36	2	1	89	64	25	39	0	1	0	0	0	2	0	
0	1	3	14	17	31	34	36	38	39	2	5	8	15	18	20	25	26	29	37	0	2	39	562	4135	324	276	0	42	6	1	1	0	
0	5	6	11	14	15	21	22	29	32	12	17	18	20	24	27	30	31	33	37	2	3	46	0	163	3534	311	0	8	0	3	1	0	
4	6	14	18	23	27	28	31	32	38	2	3	9	10	12	16	19	29	34	39	3	0	92	136	0	108	31	39	0	10	1	1	0	
0	3	11	12	13	16	18	21	28	33	1	2	6	7	9	14	29	30	32	37	1	1	81	30	0	96	128	45	0	8	3	1	0	
0	4	12	14	16	17	18	26	34	35	2	7	8	25	27	30	31	32	37	39	2	2	33	41	0	62	0	78	6	0	1	1	0	
4	6	7	8	9	13	16	21	23	32	0	1	5	12	15	24	27	29	30	39	1	3	36	97	2144	583	53	0	0	4	1	0	0	
0	7	10	12	13	16	22	24	31	32	9	11	18	20	21	30	34	35	37	38	0	0	37	162	0	0	191	287	67	5	2	0	0	
1	2	3	4	10	11	15	18	37	39	5	7	8	9	16	21	22	31	32	33	1	1	55	107	109	2879	0	0	27	10	3	0	0	
1	3	4	10	22	24	29	32	34	35	8	9	18	20	21	23	28	30	36	38	0	2	90	66	47	0	48	0	39	2	0	0	0	
5	7	16	19	20	22	26	31	35	39	0	1	4	9	15	17	21	27	29	36	3	3	94	47	59	0	62	0	108	0	0	1	0	
14	18	20	23	27	29	31	32	35	37	2	4	8	13	16	17	21	26	28	33	3	0	64	345	0	19081	2997	537	30	3	0	1	0	
3	4	13	17	19	23	24	26	32	33	0	6	8	11	12	15	25	28	36	39	0	1	39	0	0	0	407	176	168	0	2	0	0	
4	6	8	10	14	25	27	35	37	39	7	11	13	15	17	19	22	31	34	38	1	2	100	65	179	33	89	0	37	0	2	1	0	
6	7	11	17	20	21	22	23	28	33	3	5	10	19	24	25	35	36	38	39	1	3	50	0	128	17	0	0	9	2	0	1	0	
6	11	15	24	26	27	28	33	34	36	12	13	14	19	22	23	31	32	37	39	0	0	26	386	0	732	209	167	6	1	1	0	0	
3	11	13	15	22	25	27	30	34	39	0	12	14	17	18	23	24	28	31	33	2	1	74	0	4645	87	233	81	55	4	0	0	0	
1	3	9	17	21	22	24	31	33	35	0	7	10	11	16	18	19	27	28	34	1	2	120	0	3887	121	135	109	39	2	1	1	0	
4	5	7	13	14	17	18	22	33	34	3	6	9	11	12	15	16	24	35	37	3	3	5	74	266	21	53	2	0	0	1	0	0	
6	10	11	12	15	20	27	29	31	34	1	2	7	9	13	23	24	26	28	32	2	0	93	396	86	231	0	2	0	10	2	1	0	
1	2	4	9	12	18	25	29	35	38	3	5	15	16	19	20	26	27	34	36	2	1	107	35	0	5586	0	0	10	18	0	1	0	
2	3	5	9	11	13	20	24	25	36	12	19	22	27	28	30	31	33	34	37	1	2	17	27	0	89	36	0	48	24	1	1	0	
14	15	16	18	20	21	23	27	30	32	1	2	3	5	9	22	25	26	37	38	0	3	48	197	81	103	0	154	67	6	2	1	0	
0	4	10	14	17	19	20	21	34	36	5	6	16	18	22	23	25	27	28	35	1	0	44	227	52	141	33	36	0	0	1	1	0	
4	8	11	13	22	30	33	34	36	39	5	9	10	12	16	19	20	25	27	35	0	1	51	64	0	65	0	338	125	4	2	2	0	
0	8	18	20	23	29	30	33	34	38	2	3	5	7	13	14	16	19	28	39	1	2	100	26	0	0	2709	116	3	0	2	1	0	
1	2	5	11	12	15	21	27	34	39	9	14	16	20	23	24	31	36	37	38	3	3	56	20	43	0	85	0	3	0	2	1	0	
10	13	14	22	23	26	29	35	37	38	0	3	4	7	8	25	27	31	32	39	1	0	68	228	0	0	94	2	105	5	1	0	0	
0	6	7	8	15	17	20	25	32	39	9	16	24	27	29	33	34	35	36	38	3	1	100	74	34	58	0	159	0	8	0	1	0	
0	8	10	14	17	25	28	33	36	38	1	3	6	9	12	15	18	21	23	34	2	2	52	16	0	150	40	3	27	2	0	1	0	
10	18	19	23	24	27	28	30	32	33	1	2	5	8	9	11	14	15	16	25	1	3	75	75	64	131	0	0	22	14	2	1	0	
5	13	14	15	16	20	24	25	30	33	1	3	4	6	9	19	31	34	36	39	2	0	28	177	1703	67	0	4	107	8	1	0	0	
3	5	6	8	10	11	25	27	31	32	0	1	9	14	15	16	22	28	33	36	3	1	23	0	0	27	0	0	0	1	1	1	0	
4	7	8	25	29	31	33	34	36	37	0	11	14	17	18	23	27	30	35	38	2	2	33	185	96	295	168	114	132	12	1	0	0	
6	8	11	14	15	17	24	31	36	39	7	12	19	20	21	22	25	27	30	38	2	3	74	69	0	9576	77	95	0	0	1	6	0	
3	10	11	12	24	25	26	32	37	39	5	6	8	14	16	21	27	30	31	34	2	0	34	227	0	86	6	0	0	0	1	0	0	
3	8	11	13	19	21	25	30	34	39	0	2	7	12	17	26	27	28	35	37	0	1	57	18	70	66	0	1	76	6	1	0	0	
0	4	15	23	28	29	30	35	36	38	5	7	8	9	16	20	21	24	34	37	1	2	20	61	67	8075	0	93	18	2	0	0	0	
0	7	8	10	15	18	22	28	33	39	1	3	9	12	14	16	24	26	29	37	0	3	109	38	31	94	50	0	89	6	1	0	0	
3	4	7	21	27	28	34	35	38	39	0	1	2	6	13	15	17	26	30	37	2	0	62	331	207	110	174	180	116	5	2	1	0	
1	2	9	10	12	15	16	29	31	37	5	13	14	21	26	28	30	33	34	35	0	1	52	34	0	11098	0	438	155	7	2	1	0	
6	10	12	16	18	21	23	26	27	38	0	3	11	13	19	24	29	30	31	36	3	2	53	0	19245	3172	0	319	17	5	1	1	0	
3	8	9	13	15	17	22	29	35	39	2	6	16	18	23	24	27	28	33	37	3	3	62	66	37	25	0	1	0	2	1	2	0	
0	4	12	16	17	22	23	27	31	34	1	2	3	6	10	18	24	33	35	36	1	0	28	168	0	13	40	14	0	0	1	1	0	
3	12	15	16	18	21	22	23	27	30	0	4	10	13	14	17	28	35	36	38	1	1	70	68	0	163	225	188	38	15	0	1	0	
1	2	8	10	13	16	18	25	30	39	0	5	14	22	23	26	28	29	34	36	1	2	81	67	0	0	4901	118	65	12	0	3	0	
3	8	10	11	18	19	24	27	36	39	7	13	20	21	23	26	32	33	35	38	3	3	88	40	73	1141	35	0	35	2	0	1	0	
5	7	9	10	12	17	27	29	30	31	1	2	4	14	15	21	28	32	33	39	1	0	62	122	19	15	0	1	10	6	0	0	0	
5	6	7	8	12	18	21	23	29	36	2	9	11	15	17	19	22	24	27	33	0	1	99	0	3438	0	270	3	6	2	1	0	0	
0	1	4	10	13	14	25	31	37	39	2	11	19	20	23	26	30	32	34	38	1	2	39	13	19	0	23	146	253	0	0	0	0	
2	7	15	16	20	22	23	35	37	38	0	1	6	11	14	17	25	26	31	33	2	3	7	76	0	20	0	31	0	7	0	1	0	
0	1	7	18	25	27	29	32	33	37	4	10	11	13	19	24	30	34	36	38	1	0	67	178	4505	367	0	2	35	1	1	1	0	
0	1	3	5	15	32	33	34	35	38	12	13	14	16	18	19	22	23	25	36	1	1	46	163	0	681	405	93	77	5	3	1	0	
1	2	7	12	23	28	30	34	36	39	5	6	8	16	24	29	31	32	35	38	0	2	79	48	0	60	4762	0	20	4	2	1	0	
2	7	9	12	16	23	24	28	30	39	3	6	10	11	13	20	25	29	31	33	1	3	56	40	0	0	128	24	0	3	1	0	0	
0	5	8	12	17	18	22	25	33	35	1	2	9	10	14	19	26	29	30	31	1	0	82	219	0	177	158	3	0	2	0	2	0	
1	8	10	14	16	18	21	22	33	35	0	2	3	4	5	19	20	23	24	37	1	1	53	93	56	33	0	206	36	0	2	1	0	
2	6	11	12	21	27	28	29	31	34	4	7	10	16	18	22	26	30	32	37	1	2	40	65	0	109	39	85	67	0	0	0	0	
1	2	7	16	19	27	29	34	37	38	5	10	11	12	15	18	20	23	26	28	1	3	90	18	0	157	203	120	11	0	0	0	0	
6	14	15	18	21	22	26	31	34	35	3	5	7	12	16	19	20	23	29	32	2	0	77	242	1000	0	21	0	18	13	2	1	0	
0	2	5	10	11	12	17	26	32	39	4	9	14	15	22	24	28	29	33	34	2	1	62	0	2453	15	33	22	0	0	2	1	0	
0	5	17	25	26	28	29	33	38	39	2	10	15	16	18	19	20	23	31	35	1	2	105	36	1339	0	58	0	0	6	1	1	0	
3	8	10	14	15	17	18	26	32	37	4	6	11	13	16	21	22	25	28	38	1	3	53	81	90	43	79	0	277	19	0	1	0	
1	2	8	15	19	22	25	29	36	38	5	9	14	18	21	24	30	32	35	37	0	0	81	94	11	12	0	1	12	0	2	0	0	
0	5	8	17	19	22	25	31	32	33	1	7	13	14	15	16	27	29	30	36	3	1	37	33	1693	41	0	3	0	5	0	1	0	
0	5	8	13	17	18	23	26	31	39	1	6	7	11	14	16	21	28	29	33	3	2	46	55	57	0	9636	0	80	8	2	1	0	
4	6	8	9	13	15	17	21	25	30	0	3	7	12	18	22	23	24	35	36	0	3	89	0	327	22	0	28	10	3	0	1	0	
0	1	10	17	20	22	27	34	35	38	4	11	12	15	18	19	23	24	29	31	2	0	88	151	0	0	270	33	53	3	0	1	0	
3	9	10	18	22	23	24	31	36	39	1	4	8	13	15	19	21	25	29	30	3	1	88	17	0	1103	395	0	14	0	1	0	0	
4	6	7	10	12	13	18	31	34	35	0	5	8	16	19	21	23	28	29	33	2	2	73	112	469	12	15	81	20	0	2	1	0	
1	4	5	6	10	30	35	36	37	39	0	3	9	11	13	14	15	25	34	38	0	3	66	358	4253	215	422	247	252	6	3	1	0	
4	8	14	15	19	22	28	30	31	39	16	18	20	21	23	24	26	27	29	36	2	0	111	185	0	65	0	62	22	1	1	0	0	
0	2	5	13	19	28	29	32	34	38	4	9	10	16	18	22	23	25	36	37	0	1	74	41	27	20	41	32	0	13	1	0	0	
4	11	16	17	18	19	33	35	36	38	0	2	6	15	22	25	26	28	29	30	1	2	80	0	11694	12151	192	173	175	5	0	1	0	
7	8	13	14	19	21	22	26	27	34	2	3	9	16	24	30	32	36	38	39	0	3	108	44	1150	31	23	0	65	3	1	1	0	
11	12	17	20	22	23	27	29	37	39	0	7	8	9	15	16	24	28	33	36	1	0	92	333	0	17298	305	61	32	11	5	1	0	
8	9	16	19	20	28	29	31	33	38	1	2	3	4	5	6	12	22	24	35	2	1	102	43	12	0	39	3	13	0	2	0	0	
0	2	8	17	19	25	26	30	31	38	3	4	12	13	14	15	20	24	36	39	2	2	32	36	0	936	0	121	32	0	2	0	0	
4	5	6	7	16	19	27	35	37	38	2	11	12	14	21	26	32	33	36	39	2	3	29	0	8419	145	123	0	202	8	2	1	0	
0	7	11	15	18	19	28	29	32	38	4	8	10	13	20	21	26	36	37	39	2	0	96	233	0	42	280	3	8	0	2	1	0	
1	6	8	15	16	21	29	32	33	39	4	7	9	10	11	13	23	24	34	38	2	1	80	26	0	1960	6	0	47	0	2	0	0	
2	9	10	11	29	30	31	32	34	36	5	6	8	13	18	20	28	33	37	38	0	2	73	44	53	108	0	0	14	0	2	0	0	
4	7	8	9	10	17	18	20	24	32	1	2	14	19	23	25	31	34	36	37	3	3	79	0	228	16	0	86	51	0	2	1	0	
0	6	14	17	21	23	26	27	29	36	4	7	8	10	12	18	19	28	37	38	2	0	94	305	56	0	0	147	0	1	0	1	0	
2	7	9	16	23	26	27	30	36	37	1	3	4	8	17	20	25	28	33	34	3	1	85	0	74	32	959	382	50	4	2	1	0	
6	10	12	15	21	27	31	32	33	35	2	4	5	11	16	18	25	28	29	36	0	2	62	132	24	0	132	138	75	0	1	1	0	
2	3	4	7	17	19	21	27	34	38	1	5	10	11	14	20	22	25	29	35	3	3	58	63	0	61	36	0	38	0	1	0	0	
4	8	13	14	16	20	23	27	29	38	0	2	7	9	11	17	19	25	33	39	1	0	112	135	50	0	176	3	43	4	1	0	0	
1	6	7	11	16	17	20	27	29	32	2	3	10	14	15	23	25	30	33	37	2	1	43	57	30	51	652	0	34	1	0	0	0	
0	4	6	8	15	16	18	24	28	39	7	9	21	27	29	30	33	34	35	36	1	2	73	48	0	261	1837	3	0	8	2	2	0	
0	7	8	12	14	19	24	26	30	34	4	5	11	13	16	17	25	27	32	37	2	3	13	89	399	36	0	23	0	3	1	0	0	
1	2	3	10	14	19	22	25	27	38	4	8	9	11	15	17	18	26	37	39	2	0	71	205	63	0	0	0	7	1	1	0	0	
0	5	7	9	12	14	19	26	30	31	4	8	13	16	20	21	23	28	34	36	0	1	87	45	674	0	2421	0	90	15	2	0	0	
2	3	4	6	8	19	25	26	33	34	0	7	18	20	21	24	27	35	38	39	1	2	51	46	0	120	87	112	0	28	1	1	0	
5	11	13	22	24	29	30	33	35	37	0	3	7	9	16	18	20	25	26	38	3	3	74	83	0	0	190	75	0	5	2	1	0	
0	6	7	9	11	12	25	28	35	37	2	3	8	13	16	17	24	33	34	39	0	0	87	138	0	1039	1240	15	0	7	0	0	0	
5	6	8	10	11	13	15	21	29	33	1	2	4	9	16	17	26	28	30	32	1	1	45	59	49	102	793	0	40	21	2	1	0	
0	4	5	6	13	20	30	33	34	38	16	19	21	22	25	32	35	36	37	39	3	2	78	50	1381	0	128	50	0	9	1	0	0	
3	7	9	11	13	18	20	22	26	36	5	12	14	21	23	29	31	33	34	37	2	3	58	65	75	46	0	66	14	0	1	0	0	
2	5	6	14	18	27	33	35	36	39	0	1	4	11	19	20	25	26	29	31	1	0	39	244	58	0	0	1	60	5	0	1	0	
7	10	13	14	17	23	24	30	35	37	11	15	16	19	20	26	28	29	31	36	0	1	41	0	0	35	67	2	0	40	3	1	0	
3	4	9	12	13	26	27	28	35	38	0	5	6	7	15	17	20	22	31	37	2	2	55	48	0	0	0	28	13	4	0	1	0	
2	6	9	11	15	20	24	27	37	38	0	3	7	16	21	26	30	33	34	36	2	3	15	55	355	34	0	14	5	0	1	0	0	
2	7	10	12	14	18	25	32	36	38	0	3	4	8	17	19	26	31	34	35	2	0	18	259	108	53	0	425	165	7	2	1	0	
1	4	11	16	18	19	22	26	32	38	0	10	12	15	20	29	30	31	37	39	0	1	33	45	1742	68	0	50	19	7	1	0	0	
8	12	14	18	21	29	30	32	36	38	2	6	7	16	17	20	27	35	37	39	3	2	117	33	0	12071	10419	42	6	2	1	1	0	
0	3	11	17	20	22	29	35	36	39	4	5	6	7	10	14	16	25	33	37	3	3	41	38	787	0	31	0	8	2	0	1	0	
4	12	13	14	21	26	29	30	37	39	5	7	8	9	17	22	25	33	35	36	2	0	74	167	0	223	164	0	40	6	1	1	0	
3	19	27	28	29	30	33	35	36	38	0	1	6	7	9	11	18	20	21	23	0	1	85	220	2564	0	15276	2	0	5	3	1	0	
5	8	11	16	19	22	27	32	37	39	0	4	7	10	15	21	23	34	35	38	3	2	63	32	64	472	38	0	25	3	2	0	0	
5	8	14	17	19	28	33	34	35	36	2	3	4	10	11	15	22	25	26	27	0	3	36	28	1209	71	141	0	9	0	2	1	0	
6	8	12	15	17	21	23	27	28	33	0	1	3	7	9	11	26	29	31	37	1	0	59	218	0	28868	2023	0	77	25	0	1	0	
1	4	5	7	9	10	12	17	18	38	0	2	11	14	19	23	26	27	30	32	2	1	36	0	17267	445	122	1491	41	4	2	1	0	
0	2	3	12	13	19	31	32	34	38	1	4	5	8	11	18	22	24	27	35	0	2	72	169	2290	0	0	182	23	0	1	1	0	
1	9	10	15	16	19	20	21	25	28	0	4	5	7	11	23	30	31	38	39	2	3	81	88	89	381	734	303	29	10	0	1	0	
7	10	11	18	24	28	30	32	33	38	0	2	4	8	9	19	20	23	25	29	2	0	78	282	21	366	0	3	19	3	2	0	0	
1	12	17	18	19	23	25	28	30	31	5	6	7	8	16	20	21	26	27	39	1	1	70	0	0	73	118	69	34	15	0	2	0	
1	4	8	13	17	21	23	30	36	39	3	6	7	9	12	14	24	25	31	34	0	2	73	36	38	0	122	39	0	3	2	1	0	
4	9	10	13	16	22	23	25	27	38	6	7	11	14	19	24	26	31	32	37	0	3	41	36	0	4739	246	56	0	8	0	1	0	
0	4	8	12	13	15	21	22	32	38	1	2	11	16	18	24	26	30	36	37	0	0	36	108	0	0	0	86	154	0	2	0	0	
1	3	11	16	23	24	25	28	30	38	2	4	10	14	15	17	21	29	34	37	2	1	81	42	21	0	340	285	12	0	2	1	0	
5	13	15	17	18	19	21	28	32	33	3	7	8	14	16	22	23	25	27	29	0	2	54	66	0	262	11471	0	235	18	2	1	0	
3	5	6	9	12	15	24	30	32	39	0	4	8	13	17	23	26	27	34	37	0	3	94	32	0	186	3857	3	30	2	3	1	0	
17	18	19	20	25	29	30	32	34	37	3	6	9	12	13	21	31	33	35	36	0	0	74	158	1406	0	131	679	115	7	8	0	0	
1	2	5	23	24	28	29	32	35	38	0	4	10	15	18	19	20	21	27	39	0	1	82	49	34	294	177	70	20	0	1	0	0	
7	10	13	15	18	21	26	27	35	36	1	3	4	5	11	25	29	30	34	38	3	2	81	0	2231	55	0	162	69	8	2	1	0	
3	8	10	11	15	17	22	24	31	32	6	7	12	14	19	21	29	36	37	38	1	3	93	118	0	31	80	0	47	0	2	1	0	
2	3	4	8	9	11	19	28	33	35	0	6	15	20	21	23	25	29	37	39	2	0	96	187	0	123	280	119	17	5	0	1	0	
3	5	6	15	22	27	28	30	32	36	0	7	8	12	17	19	24	31	37	38	3	1	69	62	1063	0	3173	0	0	9	4	1	0	
2	3	5	9	18	23	24	27	29	36	1	8	14	16	19	25	28	31	35	38	2	2	106	96	29	0	3741	20	3	1	0	1	0	
0	1	15	19	21	25	26	27	35	38	5	8	9	11	22	24	28	30	31	32	1	3	51	27	0	8448	0	1037	42	2	1	1	0	
0	2	4	13	15	23	25	31	36	39	1	5	9	12	16	21	24	26	32	34	0	0	42	225	40	25	0	90	8	0	2	1	0	
2	6	15	19	26	28	31	32	35	39	1	16	18	24	27	30	33	34	36	38	1	1	26	15	0	2694	0	146	14	1	2	0	0	
11	15	18	23	24	28	30	33	35	36	1	4	8	13	14	17	26	31	34	39	3	2	98	137	255	2716	27	64	44	3	0	1	0	
4	9	16	17	19	25	27	28	31	32	2	3	5	13	20	21	23	30	34	39	0	3	63	27	157	0	0	204	176	11	0	1	0	
2	4	8	9	19	27	28	31	33	36	0	1	15	16	23	26	30	32	37	38	3	0	87	424	24	0	69	17	8	0	2	0	0	
1	4	5	6	9	10	15	29	30	36	7	8	14	17	19	23	28	32	38	39	0	1	116	30	97	75	36	0	285	6	0	1	0	
2	6	7	12	14	19	20	28	31	36	0	1	8	22	24	25	27	30	34	39	2	2	83	69	654	73	0	420	12	0	2	1	0	
4	13	24	26	29	31	32	36	37	38	8	9	10	14	15	17	22	30	33	35	0	3	30	152	1170	0	1114	551	40	0	1	1	0	
2	3	6	8	10	11	24	26	29	33	1	14	15	17	28	30	31	32	34	36	1	0	15	197	26	0	29	0	18	0	2	0	0	
1	4	8	9	11	18	20	29	33	35	6	12	15	16	19	21	22	26	27	36	3	1	61	58	0	7094	45	0	38	0	1	1	0	
11	13	14	16	19	24	25	33	35	38	4	5	6	15	17	22	26	28	34	39	1	2	108	265	418	4413	24	0	58	2	2	1	0	
2	5	7	9	15	20	23	33	37	38	0	11	12	18	21	24	26	30	31	35	2	3	60	71	0	94	2725	51	7	3	0	1	0	
3	4	6	12	14	15	26	31	34	36	1	5	13	16	18	23	27	33	35	37	1	0	12	215	2699	141	33	63	1	2	1	0	0	
0	4	7	23	24	27	33	35	36	38	1	10	12	13	16	17	30	31	34	37	2	1	5	84	56	1550	0	28	8	2	1	1	0	
4	13	15	16	17	20	34	36	37	39	6	7	8	9	11	12	22	24	31	33	1	2	87	0	219	271	13489	2	31	14	3	1	0	
0	8	10	11	12	20	27	34	35	38	2	6	16	17	21	22	25	28	36	37	0	3	34	39	0	24	65	0	38	3	0	0	0	
3	7	10	11	12	13	14	18	23	32	5	8	15	17	19	20	25	31	35	36	0	0	72	124	0	791	21	68	0	3	1	1	0	
6	9	13	17	20	22	25	29	32	39	0	1	2	8	11	19	21	23	35	37	2	1	94	27	0	37	405	3	179	3	3	1	0	
0	8	11	21	22	23	25	26	33	34	5	13	14	16	17	24	27	28	32	39	1	2	45	0	0	57	108	57	0	10	2	1	0	
0	4	5	7	11	14	22	33	36	38	2	9	17	18	19	20	25	27	29	34	3	3	99	177	43	69	754	223	0	17	3	1	0	
0	9	14	15	16	19	22	26	30	31	1	2	4	11	13	28	29	35	36	37	3	0	84	255	0	0	139	0	28	0	1	0	0	
8	22	23	24	25	30	31	34	37	39	4	5	11	14	19	27	28	32	35	38	0	1	43	226	200	6493	27	153	88	10	4	0	0	
3	5	8	11	17	18	19	21	24	28	12	13	14	15	20	26	34	36	37	39	1	2	105	307	126	50	9	2	3	0	2	1	0	
2	5	7	8	9	14	17	27	28	37	0	1	11	12	15	21	30	35	36	39	2	3	29	0	8159	76	0	3	33	7	2	1	0	
0	3	8	20	21	24	25	26	35	37	2	5	9	11	12	14	16	17	19	23	0	0	102	379	0	18874	796	127	0	12	2	1	0	
1	3	6	7	8	16	17	23	32	35	4	10	15	18	22	26	30	31	37	38	2	1	9	291	0	19677	0	343	24	2	2	1	0	
1	4	7	9	14	23	29	33	35	36	6	11	13	16	18	21	28	31	37	39	1	2	97	66	1128	0	0	42	0	11	1	1	0	
1	8	9	13	14	21	24	29	32	36	2	5	18	19	22	23	30	33	34	37	3	3	94	36	0	48	41	0	68	0	1	1	0	
0	4	5	17	22	24	28	35	36	38	7	11	12	13	15	18	21	25	31	34	3	0	33	400	16	53	363	0	231	10	1	1	0	
2	3	6	10	11	17	24	26	32	36	0	12	14	15	18	30	33	35	38	39	2	1	7	46	0	48	0	37	0	2	1	0	0	
1	5	8	11	12	26	29	32	34	37	3	9	20	21	24	25	30	31	36	39	1	2	82	43	0	15150	1136	0	28	3	0	1	0	
1	2	5	12	18	20	27	28	29	31	0	9	14	16	22	23	30	32	34	36	0	3	81	75	1325	671	0	36	0	2	0	0	0	
2	3	6	8	11	12	13	14	17	27	0	1	7	16	18	21	22	28	36	39	2	0	45	163	69	0	29	49	7	2	2	1	0	
12	15	22	28	29	30	32	33	37	39	1	4	5	14	18	19	23	24	26	38	0	1	53	283	264	0	151	174	16	3	1	1	0	
3	7	11	14	15	22	28	31	32	38	1	2	5	16	17	21	24	25	30	36	1	2	41	36	0	11559	59	101	8	0	1	1	0	
13	17	18	19	23	24	27	34	36	38	4	5	6	11	14	16	20	33	35	37	3	3	7	172	1261	0	139	29	10	0	2	1	0	
6	14	15	17	26	28	29	32	33	38	0	3	8	13	16	19	25	30	34	37	2	0	56	134	834	0	0	88	32	1	0	1	0	
6	8	9	15	16	19	28	29	31	38	2	4	13	14	20	25	27	30	32	36	1	1	79	8	0	5541	115	8	0	2	1	0	0	
2	4	5	7	11	13	16	23	25	37	1	6	8	9	10	20	22	28	31	38	0	2	60	68	0	355	1203	3	10	4	2	0	0	
2	5	6	20	21	22	23	27	33	37	3	10	11	12	25	28	29	30	36	38	0	3	19	30	426	0	80	34	7	2	1	1	0	
0	2	5	8	11	12	20	30	35	37	6	9	13	15	22	23	26	29	33	36	2	0	52	399	29	36	22	0	10	0	0	1	0	
0	13	21	22	25	28	32	34	36	39	2	5	6	7	9	10	11	18	23	37	0	1	87	96	106	0	185	286	18	4	1	1	0	
0	2	4	6	13	21	26	27	30	37	1	9	11	14	17	20	24	25	29	36	3	2	0	0	180	24	0	14	3	1	1	1	0	
12	13	15	18	21	22	30	31	34	35	0	2	6	8	20	25	26	27	36	39	2	3	59	0	0	197	95	210	62	3	1	0	0	
3	9	10	12	15	25	27	34	35	36	11	14	16	21	23	24	31	32	37	38	2	0	35	187	0	106	603	491	11	5	1	0	0	
0	2	3	11	13	14	23	37	38	39	12	15	16	18	22	26	29	33	35	36	3	1	56	31	113	0	805	0	8	2	0	0	0	
2	15	23	24	26	28	29	35	37	39	0	10	11	12	13	16	17	21	30	32	0	2	0	0	377	285	9540	33	21	2	1	1	0	
3	6	12	20	23	25	26	30	32	38	0	2	4	13	14	18	27	31	34	35	3	3	60	206	0	214	70	35	12	2	0	0	0	
0	6	9	18	19	21	23	24	25	28	2	10	13	26	30	31	34	37	38	39	2	0	74	237	1194	0	173	2	0	19	2	1	0	
4	5	6	14	16	21	22	29	31	35	1	11	13	17	19	23	25	32	36	39	3	1	69	68	16	0	32	0	33	2	1	0	0	
1	2	6	9	16	17	18	23	26	36	3	4	7	12	24	27	30	32	34	38	2	2	26	41	3817	0	74	0	0	5	3	1	0	
4	6	13	15	20	23	28	29	30	35	3	5	8	9	10	11	17	22	24	36	2	3	74	23	35	0	336	332	62	5	2	1	0	
1	4	8	12	19	21	22	26	28	34	2	6	7	9	10	23	30	32	35	37	3	0	54	336	1162	48	280	0	74	0	0	0	0	
8	9	11	15	16	19	26	27	29	31	1	4	5	6	12	13	17	33	36	39	2	1	62	56	1774	0	102	0	395	4	2	1	0	
11	13	15	16	20	25	29	30	35	37	2	3	4	5	7	19	21	22	24	31	0	2	64	52	26	0	451	201	98	6	0	1	0	
2	4	5	10	11	14	21	29	35	37	0	6	7	8	15	24	25	27	30	34	3	3	16	22	64	0	1925	0	5	0	1	1	0	
1	5	8	16	17	18	23	29	38	39	0	3	10	19	24	27	30	32	35	36	3	0	104	154	41	0	65	0	40	5	1	1	0	
0	3	4	6	8	20	21	24	29	33	1	5	11	13	14	17	23	35	37	38	0	1	79	0	224	16348	183	2	29	4	1	0	0	
7	10	11	12	14	24	26	29	34	38	1	2	8	9	17	20	21	22	36	39	3	2	79	0	4571	0	111	44	35	2	0	2	0	
0	1	13	16	18	24	28	31	35	36	3	6	8	15	22	23	26	37	38	39	3	3	35	23	32	0	0	0	34	3	0	1	0	
1	2	15	18	21	25	27	32	37	39	0	4	7	13	19	22	23	24	31	36	3	0	42	148	0	106	50	0	37	0	1	1	0	
0	5	6	12	19	23	26	29	34	36	1	2	3	14	15	20	22	30	31	35	2	1	43	38	79	25	0	18	0	3	1	0	0	
1	5	14	16	22	23	24	27	29	34	2	4	6	13	18	19	20	25	36	38	1	2	58	221	443	41	0	111	33	10	1	1	0	
4	6	10	16	17	22	32	34	37	39	1	3	7	12	13	19	24	30	31	35	1	3	47	78	0	0	201	94	270	2	0	2	0	
9	10	11	15	18	20	24	26	33	39	0	3	6	7	8	12	13	19	36	37	1	0	91	149	234	0	11992	437	22	13	2	1	0	
1	2	6	16	21	22	24	36	37	38	4	13	20	23	25	26	28	30	31	32	0	1	44	0	1853	0	146	50	15	5	0	1	0	
3	8	10	17	18	23	24	26	34	35	0	1	4	11	12	14	15	27	28	38	3	2	35	23	447	55	0	4	0	2	0	1	0	
7	9	12	15	19	23	24	25	38	39	2	3	4	5	16	17	26	28	29	36	2	3	58	62	0	6513	38	0	2	2	2	1	0	
6	7	8	9	11	23	26	27	37	39	5	13	15	16	20	22	28	29	35	38	1	0	83	136	0	3435	154	143	2	1	0	1	0	
4	11	14	25	28	29	32	34	36	37	0	1	8	13	17	19	23	26	31	33	1	1	96	44	742	0	0	148	114	3	3	1	0	
0	8	13	15	18	26	27	28	32	34	1	2	4	5	6	7	16	19	36	39	3	2	34	128	108	58	110	0	0	4	2	1	0	
6	7	8	10	16	18	19	27	30	35	14	21	23	24	25	28	32	34	36	39	1	3	94	28	690	0	0	2	0	6	2	1	0	
1	4	8	22	25	30	32	34	36	37	0	2	5	9	10	14	15	20	35	38	1	0	53	829	0	256	238	720	165	8	2	1	0	
5	11	16	22	26	27	28	33	34	37	4	8	12	14	17	18	23	24	25	38	1	1	82	0	2671	292	37	0	6	0	2	1	0	
0	6	11	12	15	19	20	30	31	33	2	3	5	9	14	16	18	22	25	28	0	2	77	48	0	29	44	0	89	9	1	2	0	
1	3	5	12	15	20	22	23	33	37	0	2	4	9	11	14	16	26	32	35	2	3	7	42	0	109	0	0	12	3	1	1	0	
0	5	6	8	20	22	31	35	36	38	1	2	10	12	19	21	29	32	33	39	1	0	45	381	139	259	0	202	10	0	1	1	0	
2	6	17	18	23	24	25	27	37	39	0	1	5	7	13	21	30	32	36	38	0	1	92	64	0	51	0	32	0	12	3	1	0	
1	10	11	13	14	18	23	27	35	36	3	7	8	12	15	16	17	21	24	30	2	2	16	37	116	0	220	0	28	2	1	1	0	
5	8	13	16	20	21	28	29	34	39	6	10	15	17	18	25	27	31	33	36	0	3	41	46	22	67	32	0	155	0	1	0	0	
3	4	6	9	10	15	21	30	34	39	0	2	7	12	18	28	29	32	36	37	1	0	77	309	0	0	178	10	0	3	2	1	0	
1	3	9	10	11	19	29	33	34	37	7	8	12	17	21	22	24	26	27	36	3	1	70	18	0	0	4790	115	117	6	1	1	0	
3	9	10	14	16	17	20	24	26	31	0	4	12	15	22	25	30	33	34	38	0	2	21	0	684	67	648	39	0	26	0	1	0	
0	7	13	19	23	24	26	28	34	38	2	5	6	8	9	12	16	17	29	39	0	3	110	60	0	81	79	111	7	3	2	1	0	
