Mode: 21 #Games: 1000
p0_0	p0_1	p0_2	p0_3	p0_4	p0_5	p0_6	p0_7	p0_8	p0_9	p2_0	p2_1	p2_2	p2_3	p2_4	p2_5	p2_6	p2_7	p2_8	p2_9	trump	first	fp	t_t0	t_t1	t_t2	t_t3	t_t4	t_t5	t_t6	t_t7	t_t8	t_t9
4	5	12	17	18	22	23	24	29	35	0	10	11	14	15	20	25	28	34	39	2	0	84	108	0	469	3034	2	9	2	1	0	0	
5	6	9	10	17	24	26	29	38	39	0	2	3	8	13	16	19	28	33	35	1	1	96	36	6	0	21	6	1	0	1	4	0	
0	1	4	14	17	20	31	35	36	37	2	8	9	11	16	21	32	33	38	39	0	2	101	17	0	53	8	94	62	3	0	0	0	
3	10	12	14	18	21	22	23	28	34	1	2	6	11	13	26	30	31	35	36	1	3	49	0	150	5780	15	0	75	3	1	0	0	
2	5	6	17	19	20	24	26	28	33	0	1	3	8	14	18	22	32	36	39	0	0	93	209	0	9867	91	55	8	1	0	0	0	
3	8	10	21	23	28	29	35	37	39	4	7	9	20	25	27	31	33	34	38	3	1	88	27	360	0	4199	575	26	4	1	0	0	
3	8	17	18	20	30	31	35	38	39	0	1	5	7	11	23	25	26	28	36	1	2	52	0	125	188	44	0	477	11	1	0	0	
6	9	10	12	13	18	19	25	36	38	0	3	7	8	23	24	26	32	33	35	3	3	63	24	0	3819	0	126	11	2	0	0	0	
0	5	7	9	17	20	23	26	31	33	11	13	19	25	27	29	30	34	35	36	0	0	73	108	37	45	0	0	89	5	1	0	0	
1	3	6	9	10	15	16	18	26	29	7	8	13	14	17	27	31	34	35	39	2	1	70	163	27	1549	168	122	18	0	1	0	0	
0	3	4	10	17	18	22	30	36	38	8	11	13	14	21	25	31	32	33	35	3	2	63	41	0	90	150	48	0	3	0	0	0	
4	5	8	13	17	22	27	28	29	33	7	12	16	18	20	21	24	35	37	39	2	3	102	32	602	0	37	26	9	1	0	1	0	
12	14	20	27	28	32	33	36	37	38	0	1	4	5	10	16	17	21	25	26	2	0	56	303	0	90	77	10	6	1	1	0	0	
1	3	11	16	21	25	27	31	33	35	0	5	10	13	20	22	29	32	34	38	1	1	26	12	11	20	20	0	20	2	0	0	0	
0	3	4	15	16	21	26	33	36	37	9	10	11	13	14	22	25	29	34	39	1	2	90	17	4	0	62	46	39	0	1	0	0	
2	5	15	19	21	22	24	27	36	39	1	4	7	10	16	17	18	29	33	35	1	3	84	20	0	1326	43	0	2	0	1	0	0	
2	5	12	13	18	25	32	33	36	37	4	8	15	19	23	24	29	34	35	38	2	0	72	180	0	0	1833	40	4	2	1	0	0	
8	15	17	21	22	23	24	26	37	39	0	1	2	5	7	11	13	19	20	31	0	1	85	15	0	1170	31	0	0	5	0	1	0	
1	7	11	17	19	20	25	30	35	37	0	6	8	13	14	16	21	29	31	39	2	2	65	13	14	31	481	0	3	0	0	0	0	
1	4	7	8	11	17	18	25	32	39	0	3	5	10	12	15	22	28	29	38	3	3	61	28	35	72	0	2	18	0	1	0	0	
1	3	7	18	24	27	29	31	33	36	9	10	16	19	23	25	26	34	37	39	3	0	86	283	23	1686	0	0	13	0	1	0	0	
0	2	12	17	18	22	35	36	37	38	6	7	8	11	23	26	28	32	33	34	3	1	71	26	0	271	1201	0	34	4	1	0	0	
5	6	9	15	17	21	22	29	37	39	4	10	20	23	24	26	27	28	35	36	3	2	35	18	0	31	0	43	0	12	1	4	0	
14	15	16	18	22	23	28	32	34	35	4	6	8	9	13	19	26	27	31	39	1	3	104	43	334	47	1803	22	19	6	0	0	0	
1	8	9	11	13	24	25	27	32	39	5	7	14	20	21	26	31	33	34	35	1	0	64	134	0	70	8	13	2	1	0	1	0	
2	3	8	9	11	20	28	34	36	39	5	6	15	17	19	24	27	30	33	35	1	1	76	56	20	196	0	0	17	1	0	0	0	
1	4	7	13	16	21	24	29	34	35	6	10	11	12	17	20	25	27	33	36	3	2	11	22	0	18	266	0	3	1	0	0	0	
1	4	5	8	14	18	20	29	34	36	3	16	21	22	26	27	28	31	37	38	3	3	79	24	0	93	75	0	117	3	0	0	0	
1	5	8	11	12	14	17	26	28	34	4	6	7	18	22	29	30	31	32	38	3	0	57	142	106	30	0	0	6	0	1	0	0	
0	9	13	15	24	25	26	29	32	36	2	6	12	17	18	20	23	31	33	39	0	1	69	35	82	29	0	85	113	2	0	0	0	
1	5	7	8	10	11	26	28	38	39	6	12	15	17	18	19	25	30	34	37	0	2	53	0	41	17	0	50	0	1	2	0	0	
0	3	9	10	17	20	24	25	29	36	5	7	11	14	19	21	30	31	33	37	2	3	88	20	410	234	0	392	13	1	0	0	0	
0	5	6	9	12	17	22	24	25	34	4	7	14	20	23	28	30	31	33	37	0	0	84	127	15	47	44	46	0	0	0	0	0	
2	3	4	10	11	12	17	22	26	29	0	1	5	7	8	24	31	33	34	37	0	1	75	31	348	0	0	73	10	1	1	0	0	
0	3	6	9	15	19	23	26	31	37	2	4	5	8	13	20	24	25	33	35	1	2	17	22	0	21	0	2	44	6	0	0	0	
1	2	5	7	9	11	15	34	35	39	0	10	13	18	25	26	28	31	33	36	1	3	42	41	1650	103	744	26	0	33	1	0	0	
1	2	5	9	10	13	18	21	30	38	0	4	8	17	25	28	34	35	36	37	2	0	49	269	0	43	46	0	7	2	1	0	0	
0	3	4	13	16	24	26	27	28	29	17	19	20	23	25	31	32	35	37	39	2	1	50	51	898	1189	480	0	33	2	0	0	0	
4	5	6	8	13	14	15	30	32	36	9	16	17	19	24	25	27	31	37	39	0	2	63	33	19	37	132	136	40	0	1	0	0	
1	6	13	25	30	31	32	37	38	39	0	8	10	15	17	20	21	24	27	35	1	3	24	91	749	1136	0	35	0	18	0	0	0	
8	9	10	15	16	19	26	29	34	36	1	2	12	18	24	27	28	30	37	38	2	0	53	130	0	2294	0	21	1	0	0	0	0	
14	15	20	28	31	32	33	35	37	39	2	3	4	7	8	10	27	29	30	36	3	1	95	168	49	0	10511	86	38	8	1	0	0	
1	5	6	12	13	16	20	26	28	38	3	7	10	11	17	18	23	24	35	37	1	2	81	14	7	41	259	0	5	1	2	0	0	
1	5	9	12	16	20	23	25	36	37	2	3	4	8	13	14	17	28	34	38	1	3	50	10	0	24	0	65	4	3	1	0	0	
3	4	7	10	12	16	18	22	23	37	1	2	8	9	11	14	20	24	32	36	2	0	30	73	27	10	29	34	0	0	0	0	0	
0	5	8	12	14	15	18	21	36	37	6	7	9	17	22	23	27	30	32	35	0	1	55	39	48	16	0	1	9	1	0	0	0	
0	11	12	24	27	28	29	33	34	37	1	3	4	5	7	9	10	14	22	38	1	2	53	0	7	37	0	1	94	12	0	0	0	
2	4	5	7	9	11	19	24	29	32	6	8	12	21	25	27	31	34	36	39	2	3	73	246	32	101	0	159	178	2	2	0	0	
5	18	19	24	27	32	34	35	36	38	0	3	6	9	10	12	14	26	29	37	3	0	107	184	3070	0	221	0	32	0	0	0	0	
1	4	7	8	12	13	14	16	30	33	0	3	9	10	11	17	21	25	27	36	2	1	0	137	106	24	111	101	20	1	1	0	0	
3	6	7	9	12	18	29	31	34	37	0	1	4	5	10	24	25	32	35	36	1	2	13	46	64	54	0	57	0	6	1	0	0	
5	13	19	20	22	23	28	30	31	33	1	4	6	11	14	15	16	26	29	35	3	3	40	21	0	2480	29	99	91	0	0	0	0	
4	8	11	17	19	22	27	31	34	38	3	12	16	24	26	28	32	35	36	39	1	0	78	141	0	60	0	85	113	1	0	0	0	
0	5	6	26	28	29	30	33	37	39	3	13	18	19	20	21	32	34	35	36	1	1	86	165	143	49	0	0	8	0	0	0	0	
3	6	8	13	14	22	27	31	35	37	0	5	15	19	20	21	23	28	29	33	0	2	31	47	7	0	476	0	9	4	1	0	0	
0	7	11	12	18	21	25	28	30	34	1	2	3	4	6	19	23	29	35	39	3	3	80	17	25	1225	38	0	64	0	1	0	0	
3	6	9	17	19	20	22	23	32	39	2	4	8	12	24	28	30	31	34	37	3	0	93	109	0	6614	0	75	4	0	1	0	0	
1	5	10	11	17	25	27	30	32	38	7	8	16	22	24	26	28	31	35	37	1	1	35	149	0	40	0	147	77	0	1	0	0	
1	2	6	7	11	13	16	20	34	39	0	5	10	17	23	24	25	29	32	33	0	2	50	17	54	5	26	0	75	0	1	0	0	
0	5	12	16	17	18	20	24	37	39	1	2	7	8	9	11	15	21	29	36	3	3	73	32	0	2599	145	0	83	6	1	0	0	
11	13	14	20	21	25	28	29	31	39	5	9	10	16	19	22	30	35	37	38	0	0	73	201	0	142	483	0	17	2	1	1	0	
3	5	13	14	16	19	21	23	28	34	2	6	12	22	24	27	30	32	37	38	0	1	34	9	0	0	24	71	16	1	0	0	0	
0	4	6	9	14	22	23	29	33	34	1	5	10	12	15	18	19	20	30	32	1	2	64	0	23	0	112	0	458	3	1	0	0	
6	10	13	14	21	24	25	32	35	37	2	9	15	17	18	19	28	30	31	34	1	3	65	14	0	58	1629	60	25	1	0	0	0	
8	10	12	14	17	21	23	26	33	34	3	4	7	16	18	19	28	36	38	39	3	0	99	60	27511	16	8	0	4	2	1	0	0	
1	5	14	18	19	20	26	28	29	37	0	6	10	13	15	17	21	27	31	35	0	1	35	0	1428	753	56	0	0	1	0	0	0	
1	3	5	13	15	16	23	26	29	38	0	6	8	12	17	19	27	31	32	39	2	2	73	31	476	66	19	0	353	0	1	0	0	
1	3	12	15	16	21	25	30	32	34	2	6	14	17	23	26	27	29	38	39	2	3	57	12	0	125	68	13	6	2	0	0	0	
1	16	22	24	26	30	35	36	38	39	2	6	12	13	15	18	19	20	29	32	1	0	85	187	7914	42	0	73	40	4	1	0	0	
0	3	4	6	8	9	14	16	18	22	1	7	10	12	15	23	31	32	36	37	1	1	19	186	201	0	0	186	5	3	0	0	0	
0	1	6	13	15	16	27	28	32	33	3	14	19	21	24	25	26	31	35	36	0	2	33	35	11	39	8	0	0	0	0	0	0	
9	15	19	24	25	26	27	33	34	36	5	13	14	16	17	20	22	23	28	30	3	3	15	0	1877	30	163	1	39	4	0	0	0	
1	2	8	10	17	19	25	31	33	37	3	7	9	11	16	18	20	22	35	36	1	0	60	106	79	27	0	2	0	0	1	0	0	
4	6	9	12	13	14	17	18	24	39	1	2	3	5	10	15	23	26	27	30	1	1	84	90	45	56	0	2	0	11	1	0	0	
1	6	8	10	11	13	21	31	37	39	5	7	22	23	24	28	32	35	36	38	1	2	29	0	110	2340	0	53	42	2	0	0	0	
8	10	12	13	15	17	20	24	34	39	0	4	6	16	19	22	25	29	30	37	0	3	59	43	0	91	66	30	0	8	0	0	0	
0	8	10	19	22	30	31	35	36	38	2	3	9	11	12	13	16	32	34	39	2	0	41	105	579	2280	0	98	26	1	0	0	0	
2	3	6	14	15	18	23	27	36	39	0	4	5	9	22	25	26	31	32	35	2	1	59	21	0	870	0	30	23	6	1	0	0	
4	8	16	20	26	27	29	30	35	39	2	3	10	11	19	22	24	31	32	34	0	2	59	38	13	0	62	0	8	0	1	0	0	
1	6	8	10	14	19	21	26	27	31	0	3	4	7	15	22	29	32	35	37	1	3	67	30	15	87	0	43	4	0	1	0	0	
3	10	11	12	13	20	21	25	28	38	6	15	18	22	23	26	27	29	35	39	2	0	76	103	0	42	46	0	0	2	0	0	0	
13	14	17	21	22	24	25	26	32	37	6	7	8	9	10	12	16	27	34	39	3	1	47	8	0	58	63	141	10	3	1	0	0	
1	3	6	8	10	11	23	27	31	35	2	4	12	16	22	25	29	30	32	34	3	2	0	29	0	0	101	78	0	1	0	0	0	
5	6	8	9	14	19	25	26	30	39	1	4	7	10	11	15	20	22	24	28	1	3	74	33	40	729	111	0	18	10	0	0	0	
2	3	7	10	11	14	18	22	36	39	4	6	8	16	17	25	33	35	37	38	3	0	58	131	47	0	14	0	112	0	1	0	0	
1	6	13	18	21	22	30	33	37	39	0	8	11	14	16	17	19	20	24	26	0	1	68	0	0	9	0	92	240	11	1	0	0	
0	2	7	17	26	27	34	36	37	39	1	8	14	16	19	24	25	28	33	38	2	2	62	8	704	0	54	62	0	6	1	0	0	
2	10	16	17	22	24	27	33	36	39	0	4	14	15	18	19	20	28	30	32	2	3	66	0	157	3013	259	76	26	5	1	0	0	
0	2	3	4	6	17	19	28	31	38	10	11	14	18	23	29	30	35	37	39	0	0	90	115	30	0	5183	26	0	9	0	1	0	
9	10	13	14	20	21	23	24	29	32	3	18	26	28	30	31	33	34	38	39	1	1	53	36	26	0	2691	0	44	3	1	0	0	
1	8	12	13	20	25	30	31	35	39	0	4	19	23	24	26	33	34	37	38	1	2	24	18	47	0	2897	137	0	1	1	1	0	
5	11	15	19	22	23	25	30	31	39	2	4	6	8	9	10	14	18	29	37	0	3	120	11	0	420	140	11	1	0	0	0	0	
0	2	6	7	8	12	14	15	20	29	5	17	18	19	22	23	27	33	34	38	3	0	84	215	3021	1295	340	86	6	1	0	0	0	
0	6	7	16	23	24	33	35	36	37	4	9	11	13	20	22	28	34	38	39	1	1	46	20	15	39	0	57	10	0	0	0	0	
1	5	6	7	9	16	17	28	30	36	0	4	11	13	19	33	35	37	38	39	1	2	84	14	0	4340	10960	3	48	22	0	1	0	
2	6	12	21	22	27	30	34	35	37	1	5	8	9	18	20	23	24	25	29	1	3	18	27	34	0	127	6	0	2	0	0	0	
6	7	8	13	16	18	23	24	32	36	2	3	10	14	21	22	26	31	35	38	2	0	25	186	0	26	156	6	14	0	0	0	0	
2	10	13	16	17	19	24	26	31	33	6	9	14	18	20	21	23	25	32	37	2	1	42	56	35	50	33	0	23	0	0	0	0	
4	9	13	16	21	28	29	31	32	37	1	6	8	11	18	19	22	27	34	38	2	2	120	16	15	0	773	0	10	1	0	0	0	
9	11	16	18	21	25	26	32	35	36	0	1	5	6	15	24	27	29	33	38	0	3	48	20	306	66	0	45	0	0	1	0	0	
0	5	8	10	13	17	28	31	37	38	4	11	14	19	20	21	25	32	33	35	2	0	29	145	380	316	32	0	14	2	1	0	0	
0	4	9	15	19	29	31	32	34	39	2	6	7	17	22	26	28	30	36	38	3	1	120	0	4007	0	38	10	0	1	1	6	0	
11	12	16	22	23	26	29	30	33	34	0	1	2	8	14	17	18	19	24	27	2	2	110	23	10	0	39	0	4	7	1	1	0	
1	4	13	16	18	19	24	25	31	38	0	5	6	7	17	20	30	34	35	37	3	3	70	20	67	0	197	44	46	0	1	0	0	
2	3	6	7	9	13	19	22	28	29	1	11	20	25	27	31	32	33	34	36	1	0	56	400	731	0	130	269	180	11	1	0	0	
0	1	3	6	15	17	22	23	35	38	9	14	16	18	25	26	27	28	30	36	1	1	47	0	7	39	0	1	2	0	1	0	0	
2	4	9	11	13	19	25	26	31	36	5	8	14	15	29	32	33	35	37	39	3	2	94	30	799	0	28	18	0	0	1	0	0	
0	7	8	9	17	19	22	25	31	32	3	4	10	16	20	23	27	30	33	34	1	3	47	52	0	1738	0	51	48	5	1	0	0	
1	7	11	15	16	23	24	26	29	37	0	3	4	8	21	25	30	31	35	39	1	0	35	87	0	39	48	61	38	2	0	0	0	
0	1	11	12	16	21	22	24	26	38	5	6	7	13	19	20	29	31	37	39	1	1	59	0	1006	40	39	31	0	0	1	0	0	
1	4	5	7	15	21	29	30	35	36	2	10	14	19	23	24	28	31	32	38	2	2	65	0	3357	3011	124	0	67	1	0	0	0	
2	4	8	12	18	23	24	25	26	32	6	10	14	15	16	21	28	34	36	39	0	3	19	0	97	1441	442	8	0	0	1	0	0	
3	10	17	19	20	25	32	35	37	39	4	12	16	22	24	27	30	31	34	36	1	0	30	162	0	63	44	53	0	5	0	0	0	
2	4	5	9	14	22	31	32	35	36	0	6	10	13	15	20	21	27	33	34	1	1	48	0	0	43	395	121	34	1	0	0	0	
4	9	10	13	16	23	25	34	35	37	11	12	18	20	21	28	29	30	33	36	0	2	65	31	0	52	77	80	0	2	1	0	0	
5	10	11	15	18	20	22	24	25	26	0	1	3	6	27	28	30	31	34	37	0	3	23	23	117	2387	61	0	133	1	0	0	0	
0	1	5	7	8	9	12	21	26	35	2	11	15	20	23	27	28	31	33	36	3	0	33	221	167	0	804	0	481	7	1	0	0	
1	11	16	18	19	20	21	22	26	27	7	8	10	15	17	25	28	35	37	39	2	1	78	65	788	1306	154	123	0	5	1	0	0	
3	11	12	18	20	23	24	26	28	34	0	8	9	29	30	33	35	36	38	39	1	2	93	0	58	50	0	1	9	1	0	0	0	
2	11	23	25	27	30	35	36	37	39	0	4	5	12	13	14	19	21	28	33	1	3	61	66	2116	79	0	151	8	1	0	0	0	
0	3	6	7	9	14	19	33	35	37	8	11	17	18	22	25	29	30	36	39	2	0	88	149	154	168	58	165	47	6	0	1	0	
1	16	21	24	26	27	28	30	31	37	2	5	9	10	13	14	18	25	34	38	3	1	57	14	0	0	0	81	4	1	0	0	0	
7	8	12	22	25	28	29	36	37	38	0	5	11	13	24	27	30	34	35	39	3	2	88	121	1804	0	2226	0	36	2	1	0	0	
4	11	15	21	24	26	27	32	33	38	1	3	8	17	18	20	28	31	34	35	2	3	73	14	0	0	20	1	0	3	0	0	0	
0	6	7	9	15	17	23	28	37	39	2	3	5	8	12	13	20	25	26	31	0	0	71	98	0	10879	75	0	7	0	1	0	0	
4	8	10	11	13	14	15	21	28	30	1	2	17	19	26	29	32	33	35	39	0	1	73	16	0	5049	46	131	0	2	0	0	0	
0	5	8	9	18	20	26	37	38	39	1	6	13	16	17	22	25	28	29	33	3	2	78	14	211	0	1476	0	5	0	1	0	0	
9	11	15	17	18	29	30	31	32	36	1	2	6	8	16	21	24	25	27	33	1	3	76	122	0	2324	65	0	52	3	1	0	0	
2	3	4	7	12	16	23	24	25	35	5	13	15	19	21	22	28	29	31	36	0	0	84	62	0	35	0	2	0	0	1	0	0	
7	9	10	13	14	15	22	33	34	35	0	4	6	12	16	18	21	26	31	36	1	1	74	24	11	21	0	1	19	0	1	0	0	
0	1	3	7	13	18	20	22	23	39	5	6	10	15	21	24	29	31	32	33	2	2	72	11	0	3822	42	1	29	2	1	0	0	
2	4	5	7	12	14	17	28	32	35	8	11	16	18	25	26	30	31	34	37	2	3	35	26	67	51	35	0	27	1	0	0	0	
7	10	14	18	19	22	29	30	31	37	0	3	4	9	17	20	26	27	32	34	3	0	66	124	643	13	0	23	0	5	0	0	0	
1	20	22	24	25	28	30	31	37	38	3	9	11	17	19	21	23	26	34	35	3	1	92	222	209	56	155	202	67	3	1	0	0	
6	8	9	12	16	28	29	32	33	37	0	2	7	11	21	26	30	31	34	35	0	2	60	5	20	0	168	57	0	1	0	0	0	
1	13	14	20	24	25	28	29	32	38	3	5	6	15	16	17	26	27	31	37	1	3	32	70	0	106	54	70	6	19	0	0	0	
0	1	5	13	17	27	34	35	36	39	2	6	14	18	20	22	24	25	26	29	3	0	47	103	0	36	12	0	0	2	1	0	0	
1	13	15	16	19	22	28	34	35	38	2	5	10	11	14	17	27	31	32	37	0	1	55	51	0	154	72	12	0	8	0	0	0	
1	2	4	5	8	20	21	23	26	34	9	11	13	16	17	22	24	31	36	38	2	2	48	217	96	3298	37	0	24	2	1	0	0	
4	10	11	13	20	21	27	28	35	37	1	3	5	7	8	15	18	22	36	39	0	3	91	16	0	63	10	20	0	2	1	0	0	
1	3	4	13	20	25	28	36	38	39	2	9	19	21	22	23	24	26	27	37	3	0	101	106	30	18	0	10	0	2	0	2	0	
3	7	10	13	17	22	28	30	34	39	6	9	19	20	23	24	26	32	33	37	1	1	65	14	12	26	0	81	76	1	0	0	0	
7	10	12	13	14	15	25	26	33	35	4	6	11	16	19	20	22	27	30	38	1	2	56	43	17	0	27	0	7	0	0	0	0	
2	6	11	12	18	21	24	26	32	39	4	7	8	9	17	23	27	34	35	36	2	3	50	25	17	0	12	0	29	0	1	0	0	
1	3	9	10	12	17	19	22	26	27	5	6	8	11	18	28	29	32	33	34	3	0	44	214	31	0	4154	110	44	1	1	0	0	
5	19	22	28	29	30	32	36	37	38	2	9	13	15	17	23	33	34	35	39	2	1	99	0	5038	48	0	1	0	0	0	1	0	
2	6	7	13	14	16	18	19	31	39	0	10	17	24	26	29	32	33	35	36	1	2	105	13	0	43	25	21	13	5	0	0	0	
0	3	14	15	19	24	27	30	34	36	6	8	13	16	17	18	22	23	29	37	2	3	31	53	0	4	0	61	5	3	1	0	0	
1	2	5	7	8	9	10	33	36	38	3	16	17	18	20	21	22	26	34	39	0	0	103	211	23	33	0	56	358	4	0	0	0	
5	9	16	17	18	19	22	32	36	38	6	10	13	14	15	24	25	30	37	39	0	1	50	9	50	42	0	2	0	16	1	0	0	
0	3	7	8	12	17	29	30	36	39	9	10	15	16	19	25	27	31	33	35	3	2	96	33	580	43	10	0	0	7	1	0	0	
3	4	6	8	9	15	18	26	27	28	1	14	16	17	21	23	29	32	33	34	0	3	101	14	525	0	35	1	20	2	0	1	0	
3	6	7	8	14	16	25	27	32	39	4	10	11	12	19	22	26	31	35	38	3	0	91	162	50	36	0	0	9	1	0	0	0	
1	2	5	6	18	27	30	31	36	38	4	8	10	12	17	20	24	28	29	37	2	1	61	0	7661	825	0	71	0	1	0	0	0	
0	4	7	11	21	27	33	34	37	38	2	5	9	15	22	24	25	31	32	39	2	2	37	47	1422	0	26	0	31	1	0	0	0	
1	4	8	22	23	24	28	35	36	38	0	5	10	13	14	18	19	26	33	34	1	3	86	12	397	0	3906	132	5	0	0	0	0	
2	4	5	6	7	15	20	30	32	38	0	8	10	13	14	16	23	24	25	34	0	0	59	346	0	6905	0	157	465	0	1	1	0	
4	7	9	11	15	21	27	29	32	33	0	2	12	17	19	20	24	25	30	37	3	1	55	38	0	62	655	1	0	4	0	0	0	
3	10	12	16	23	25	26	31	34	37	0	1	2	6	17	18	20	27	33	35	2	2	18	15	19	0	0	109	6	1	0	0	0	
0	2	4	11	18	23	24	34	36	37	6	10	12	13	15	19	26	27	28	39	1	3	117	29	11	0	2686	55	28	2	0	0	0	
2	9	10	11	14	27	28	32	38	39	6	7	15	19	22	25	26	30	35	37	3	0	105	48	0	659	2	11	3	3	0	0	0	
0	4	9	13	19	22	31	34	35	36	5	6	8	11	21	24	25	30	32	38	2	1	37	22	0	7442	199	216	41	0	1	1	0	
3	9	10	11	17	22	25	30	35	37	2	8	12	14	15	19	20	26	29	33	1	2	90	13	62	23	36	0	0	0	1	0	0	
11	13	17	18	19	22	24	25	27	39	1	5	6	12	23	26	33	36	37	38	1	3	94	46	89	102	289	0	45	0	1	0	0	
4	5	11	16	18	25	26	31	38	39	7	13	21	24	27	30	32	33	34	35	0	0	42	109	15	45	0	0	11	0	1	0	0	
3	4	9	11	14	15	18	19	33	37	0	1	5	12	13	17	26	29	32	34	1	1	92	33	0	182	115	66	24	1	1	1	0	
0	11	12	13	19	20	33	35	37	38	5	7	8	10	15	18	23	24	25	34	0	2	48	47	0	130	120	80	0	4	1	0	0	
0	1	3	21	23	26	27	28	30	31	10	12	13	15	16	19	20	32	35	38	2	3	63	22	29	0	79	1	0	8	0	0	0	
1	7	8	13	18	22	33	34	35	37	2	3	4	5	17	20	23	26	36	39	2	0	59	207	37	26	0	54	6	4	1	0	0	
2	6	12	14	20	27	31	32	33	37	3	4	7	8	11	15	16	23	30	34	0	1	67	23	0	7	15	8	13	4	1	0	0	
2	3	4	8	12	15	19	24	38	39	1	6	9	10	16	18	20	21	25	30	0	2	109	19	24	7	0	1	6	0	0	0	0	
0	1	10	14	26	28	30	31	34	36	3	7	16	17	19	20	23	32	33	39	1	3	57	0	0	17	0	45	0	8	1	0	0	
2	4	5	9	16	19	23	27	30	32	0	11	24	26	28	29	35	36	37	38	3	0	96	142	0	64	0	59	0	17	1	0	0	
2	3	10	12	15	19	28	32	34	36	0	5	11	16	17	21	22	23	25	27	0	1	24	0	0	0	76	20	3	0	1	0	0	
0	6	7	15	18	19	20	28	33	34	11	12	14	21	22	23	31	32	35	37	3	2	35	18	209	0	279	69	4	1	0	0	0	
1	5	8	18	20	21	26	35	36	38	0	10	16	19	24	29	30	34	37	39	2	3	64	32	250	0	0	1	7	1	1	0	0	
4	6	7	12	13	18	23	24	28	37	1	3	14	15	19	26	29	34	36	39	1	0	84	59	47	0	12	0	0	2	1	0	0	
0	5	6	7	8	17	23	30	36	38	11	13	16	18	22	25	27	28	32	34	0	1	69	38	1502	0	2322	188	49	10	1	0	0	
2	9	10	13	16	24	31	34	35	37	0	1	4	6	7	14	21	25	26	33	3	2	38	33	0	9	34	165	37	7	1	0	0	
1	2	7	15	16	21	26	28	30	32	3	4	11	14	18	19	22	24	31	35	0	3	63	3	0	10	25	7	0	0	0	0	0	
6	8	17	21	23	24	27	31	34	37	1	4	5	7	9	10	19	20	30	39	3	0	77	120	2191	32	38	27	0	1	1	1	0	
1	11	17	21	23	24	27	31	33	35	2	10	12	14	16	18	19	25	30	39	1	1	94	5	29	26	34	0	60	0	2	0	0	
0	1	6	13	21	24	32	34	37	38	2	8	9	11	12	15	25	26	28	33	2	2	73	0	105	2259	0	0	0	3	1	0	0	
0	6	10	13	18	20	22	34	37	39	14	17	19	21	26	30	31	32	33	36	3	3	101	12	0	56	1041	0	3	1	0	0	0	
1	7	11	12	23	25	29	30	34	37	3	4	5	8	10	15	16	17	20	24	2	0	33	105	105	1074	0	1	36	0	0	0	0	
3	15	16	18	21	23	27	31	35	39	7	11	12	14	17	25	29	33	34	37	1	1	47	52	34	0	24	1	0	3	0	1	0	
8	10	14	17	18	22	33	34	35	38	2	3	6	7	9	15	19	27	29	37	3	2	95	0	6663	72	66	33	3	2	1	1	0	
3	6	18	21	26	27	28	30	31	33	7	9	10	11	19	20	22	25	32	34	0	3	43	0	2528	0	0	68	26	0	1	0	0	
1	3	5	19	22	25	27	29	30	39	2	8	9	11	16	17	21	24	28	36	2	0	104	120	53	0	13	1	9	0	1	0	0	
2	5	12	19	20	21	22	25	31	34	0	1	3	4	7	13	27	30	32	38	0	1	61	18	11	0	31	5	0	0	1	0	0	
0	7	11	19	21	26	28	31	33	39	4	8	15	16	20	24	32	35	36	38	2	2	66	27	18	8	0	47	8	0	1	0	0	
2	6	8	12	15	19	21	31	33	39	10	17	18	24	26	27	28	32	34	36	2	3	98	30	89	42	0	153	0	3	1	0	0	
10	14	18	19	24	25	29	34	35	37	3	4	11	15	17	20	21	30	31	39	1	0	90	108	774	817	25	5	0	2	1	0	0	
0	6	10	13	14	15	17	18	28	32	1	9	12	21	23	25	27	35	37	39	3	1	63	16	0	0	13779	87	0	2	0	0	0	
3	5	6	10	18	20	23	28	29	31	9	12	13	14	15	19	22	27	30	32	1	2	71	0	124	4027	84	1	5	0	1	0	0	
2	4	6	12	14	16	20	26	30	38	1	7	8	9	10	13	17	21	24	28	0	3	97	57	25	16	57	0	180	0	0	1	0	
2	3	5	9	16	19	30	34	37	38	1	7	11	13	15	18	24	25	28	32	3	0	33	112	24	52	0	143	127	2	0	0	0	
2	3	5	13	14	15	22	23	27	31	4	16	17	19	20	24	25	28	29	30	3	1	46	9	18	0	0	64	7	1	0	0	0	
12	13	15	18	20	23	26	32	33	38	0	4	5	6	7	17	21	27	30	31	0	2	31	35	57	69	322	69	3	3	0	0	0	
11	15	20	22	25	32	33	34	38	39	2	3	4	7	9	10	17	18	21	24	0	3	65	63	0	28	31	0	13	3	1	0	0	
2	5	6	10	16	22	24	25	27	32	4	7	8	13	14	18	19	21	33	35	1	0	50	192	0	67	0	421	0	2	1	0	0	
0	4	9	13	15	18	21	24	34	38	10	14	22	23	25	28	29	30	31	35	2	1	86	20	18	12	0	1	25	0	1	0	0	
3	11	12	13	19	26	27	31	32	33	1	7	14	16	17	21	24	34	36	38	0	2	40	12	0	148	0	0	0	0	1	7	0	
8	11	15	18	23	25	29	30	33	39	1	12	13	14	19	21	31	34	37	38	3	3	80	6	18	94	0	6	0	1	0	0	0	
5	10	11	16	17	26	32	36	37	39	0	3	9	12	14	19	21	22	33	34	2	0	54	129	0	0	1500	298	152	1	0	0	0	
0	1	2	5	6	11	13	36	38	39	8	9	12	15	17	23	28	30	35	37	2	1	57	51	1228	0	924	33	6	1	1	0	0	
2	4	6	19	25	27	28	31	34	38	3	8	9	12	23	29	35	36	37	39	3	2	100	22	178	27	4	0	0	1	0	0	0	
5	6	13	15	18	21	29	31	35	37	2	3	4	7	10	11	12	14	25	27	2	3	22	12	44	0	27	0	4	0	1	1	0	
1	3	11	15	18	22	23	27	37	39	0	13	20	26	28	29	30	34	35	38	0	0	19	116	0	36	0	1	13	1	0	0	0	
3	4	6	7	9	15	19	24	31	39	13	17	21	23	25	32	33	34	37	38	0	1	85	16	0	3927	1100	2	1	0	1	0	0	
0	4	6	11	25	28	33	35	38	39	5	12	18	19	20	27	29	30	34	37	3	2	100	48	169	38	0	1	0	4	0	0	0	
1	10	12	16	17	20	24	30	33	39	3	4	5	18	25	26	27	29	34	38	1	3	73	0	36	0	57	375	72	2	0	0	0	
2	5	12	13	14	17	22	24	37	39	4	10	16	19	20	27	28	29	35	38	0	0	71	40	0	34	0	0	3	0	0	0	0	
2	3	7	11	12	20	23	25	31	39	6	9	10	18	26	29	30	32	35	36	3	1	89	26	58	58	0	9	2	0	0	0	0	
2	7	10	12	14	24	25	26	32	37	1	4	8	11	13	20	21	22	35	38	2	2	54	26	16	16	0	32	4	0	0	0	0	
1	2	6	9	12	29	30	32	33	34	3	7	10	11	15	18	23	36	37	38	2	3	17	0	3827	26	0	82	16	1	0	0	0	
2	6	10	14	17	19	28	30	31	35	4	5	8	9	20	23	27	33	37	39	2	0	67	90	0	144	3521	262	11	5	1	0	0	
0	3	5	12	13	14	18	21	35	36	2	7	8	10	26	27	28	31	34	39	2	1	66	26	0	1480	61	0	15	0	1	0	0	
2	3	10	16	24	26	32	35	36	39	8	12	13	20	21	23	30	31	34	37	1	2	31	17	0	5014	202	119	45	6	0	0	0	
2	4	20	21	22	23	26	30	31	32	0	1	6	9	10	17	18	35	36	38	2	3	30	58	51	1975	0	0	0	0	0	0	0	
0	1	2	6	11	13	14	15	17	39	5	8	12	18	19	26	27	28	29	35	0	0	90	343	97	113	3993	50	13	2	1	0	0	
1	3	6	8	12	14	22	24	27	33	0	7	11	13	18	20	29	32	35	37	3	1	47	0	2413	118	70	14	0	0	1	0	0	
2	3	8	11	12	14	21	28	29	32	1	4	5	7	10	16	18	19	26	31	0	2	68	19	0	0	84	25	0	2	0	0	0	
2	3	7	8	16	18	20	24	26	30	5	10	15	22	23	27	29	32	35	39	2	3	76	0	52	33	225	0	8	1	0	0	0	
1	5	12	13	26	27	28	29	30	38	4	6	10	14	15	16	24	32	33	39	0	0	54	113	0	18	0	1	15	1	0	0	0	
0	1	3	7	15	18	20	21	35	37	11	13	16	26	28	31	33	34	38	39	2	1	52	0	0	18	0	0	12	1	0	0	0	
2	6	11	20	22	23	26	27	33	36	4	7	8	15	28	29	30	31	35	37	2	2	73	76	26	0	0	0	3	3	1	0	0	
8	9	13	14	19	22	24	26	32	37	0	2	11	12	17	18	27	29	31	34	0	3	79	7	11	7	35	0	0	3	0	0	0	
2	6	12	15	20	27	32	33	35	36	1	5	10	14	17	23	28	30	31	39	2	0	40	33	0	52	0	1	14	2	1	0	0	
1	2	6	18	20	22	26	27	30	37	4	5	7	12	28	29	31	34	36	39	2	1	95	24	8	6	14	25	0	14	1	0	0	
0	1	6	8	10	13	16	17	19	20	4	7	21	23	29	31	34	35	37	38	2	2	62	79	191	0	766	463	28	1	1	0	0	
1	8	9	12	13	17	23	32	33	38	2	4	5	14	15	21	22	24	26	36	2	3	41	16	0	17	25	0	22	1	0	0	0	
14	19	21	24	27	29	34	36	37	38	2	3	4	5	6	8	13	15	16	23	3	0	61	143	0	6445	3852	1	0	4	1	0	0	
0	1	13	14	24	27	28	31	32	36	4	7	8	12	15	23	25	29	34	37	2	1	30	11	59	0	193	0	2	2	1	0	0	
4	11	13	14	17	23	30	32	38	39	2	5	10	15	19	21	24	26	35	37	3	2	73	0	102	245	57	66	0	7	1	0	0	
2	4	10	11	12	25	27	28	32	35	8	14	16	19	22	26	33	34	38	39	2	3	58	27	125	0	0	0	0	6	0	0	0	
1	5	6	12	14	23	24	35	38	39	0	3	11	21	22	25	26	28	32	37	2	0	54	71	0	77	34	0	0	2	1	0	0	
0	2	6	20	27	29	32	33	35	38	9	10	12	15	19	24	28	34	36	39	1	1	101	59	1188	36	209	199	0	1	1	0	0	
9	12	15	16	22	25	26	29	30	37	5	6	10	14	17	18	20	23	38	39	1	2	78	27	984	58	0	37	9	0	1	0	0	
0	5	11	15	20	24	27	30	36	37	9	12	13	16	17	19	21	22	25	31	3	3	17	14	16	17	10	54	1	0	1	0	0	
3	4	5	6	8	14	15	36	37	39	0	2	10	12	17	19	21	30	32	33	1	0	83	130	94	56	106	0	7	1	0	0	0	
3	4	7	11	15	19	20	23	26	32	0	5	8	13	14	16	21	25	31	34	3	1	18	0	48	44	17	49	2	0	1	0	0	
2	12	15	17	19	21	26	27	32	36	0	3	5	9	10	16	20	31	35	39	3	2	72	44	296	7	16	0	0	3	1	0	0	
0	3	6	11	18	20	22	28	32	36	2	4	5	8	10	12	17	23	34	35	3	3	12	8	15	16	34	47	0	0	1	0	0	
8	11	13	14	15	19	23	27	33	38	5	9	16	20	22	24	29	31	35	36	3	0	69	222	66	0	3711	213	5	0	1	0	0	
2	6	7	11	14	16	17	23	27	38	1	5	10	20	22	25	29	30	31	35	2	1	66	22	31	13	0	2	0	8	1	0	0	
9	12	13	17	19	24	31	33	34	38	2	3	11	14	18	21	27	30	35	36	2	2	37	53	65	0	2220	1	9	3	0	0	0	
4	5	10	13	14	15	18	25	31	39	7	8	11	12	23	29	30	32	35	36	2	3	59	39	0	0	42	22	5	7	1	0	0	
0	1	5	22	24	26	29	31	32	33	3	4	6	10	12	15	17	25	30	37	1	0	41	140	94	0	0	44	8	3	1	1	0	
1	8	13	16	17	21	25	27	34	39	0	5	6	7	12	24	26	28	29	32	1	1	62	15	0	94	60	21	3	0	1	1	0	
11	14	19	21	26	29	30	31	35	36	1	5	16	22	24	27	28	33	34	39	2	2	81	92	91	117	29	119	68	1	0	0	0	
7	8	12	13	14	23	24	29	31	37	6	11	15	16	18	20	22	27	30	36	3	3	41	6	0	0	44	0	211	5	0	0	0	
0	2	3	6	9	15	16	27	29	32	1	10	13	17	20	23	26	28	30	38	1	0	20	142	0	1576	40	0	98	2	0	0	0	
10	13	14	15	23	24	26	29	33	34	5	17	18	21	22	25	27	32	35	39	0	1	33	100	1886	31	28	14	0	1	0	0	0	
11	12	15	21	24	30	33	34	35	39	0	1	2	3	6	13	14	18	26	36	0	2	69	71	46	21	0	43	0	1	0	0	0	
2	3	7	16	17	20	24	26	30	35	0	5	8	10	11	18	19	25	34	38	3	3	38	12	22	154	0	0	10	0	0	0	0	
2	3	5	7	19	20	21	26	29	38	0	1	4	8	12	14	15	17	33	34	3	0	27	45	9	0	69	0	22	1	1	2	0	
0	8	14	19	20	25	28	29	32	37	4	9	15	21	24	26	27	31	36	39	1	1	68	13	6	0	7394	2	0	5	1	0	0	
0	1	6	9	15	25	26	32	38	39	2	7	8	10	12	16	22	28	31	35	0	2	118	10	7	0	433	1	0	1	1	0	0	
5	8	11	12	14	16	22	32	35	39	0	7	10	15	17	18	19	25	30	34	0	3	13	31	0	46	524	0	31	0	0	0	0	
2	3	9	10	19	20	23	26	28	31	14	16	17	18	22	27	34	37	38	39	1	0	98	138	89	0	133	35	17	1	1	0	0	
0	3	9	11	22	23	24	32	36	37	2	6	7	8	15	19	31	33	34	35	0	1	44	25	551	0	28	0	12	6	1	0	0	
0	2	11	19	22	23	28	30	34	38	5	6	7	15	18	20	26	32	33	37	2	2	61	37	16	0	40	22	12	1	0	0	0	
1	4	7	12	14	20	21	28	31	36	0	3	5	11	13	17	18	33	35	38	3	3	56	21	50	0	23	0	41	2	0	0	0	
1	4	7	12	13	18	20	22	29	33	5	10	14	15	19	23	27	28	31	37	3	0	39	108	0	259	0	0	1	0	1	0	0	
2	3	7	10	11	17	22	24	36	37	4	5	9	12	21	31	33	35	38	39	2	1	27	14	11	43	20	0	4	0	0	0	0	
0	3	8	11	17	21	28	31	35	39	1	6	14	18	19	23	25	27	29	38	2	2	92	19	0	44	6	0	36	0	1	0	0	
1	3	6	7	9	18	19	28	30	31	5	8	12	13	21	22	23	25	29	38	3	3	40	9	0	3249	26	0	17	0	0	0	0	
7	11	12	15	17	21	26	29	30	37	1	6	14	16	18	19	22	23	25	34	0	0	88	131	3088	57	286	143	62	4	1	0	0	
1	3	5	9	17	19	22	26	32	38	0	10	11	13	15	18	20	23	27	34	1	1	70	11	0	163	0	76	4	1	0	0	0	
3	4	5	8	9	13	19	21	31	36	2	7	18	22	24	26	27	29	34	38	1	2	45	38	0	0	190	1	0	1	1	0	0	
6	7	8	14	17	20	22	24	25	38	4	5	16	21	28	29	32	33	34	35	2	3	77	30	59	26	12	1	0	3	1	0	0	
1	5	8	9	10	23	26	32	33	34	0	11	12	13	15	22	24	27	38	39	0	0	66	64	508	21	0	1	0	0	0	0	0	
1	6	9	10	12	17	21	24	27	36	7	13	18	22	23	26	33	34	37	39	3	1	32	44	0	1199	612	317	14	2	1	0	0	
2	6	7	8	13	15	16	25	31	37	1	5	11	12	14	17	20	29	32	36	2	2	39	20	23	7	0	0	0	4	1	0	0	
7	13	16	20	25	30	31	32	33	36	0	2	12	14	17	19	21	23	24	34	0	3	4	0	407	24	38	0	2	0	0	0	0	
3	4	6	13	14	17	21	30	31	33	1	8	12	19	20	22	23	27	34	37	1	0	59	72	19	29	4	0	8	1	0	0	0	
1	3	5	7	9	13	17	23	33	38	0	8	10	16	19	21	27	34	35	36	0	1	99	25	92	0	51	0	8	6	0	0	0	
4	8	13	14	21	24	26	29	36	39	2	3	5	11	17	22	23	31	32	35	2	2	60	42	373	163	0	1	0	2	0	0	0	
4	6	9	10	17	20	25	30	33	35	0	2	8	11	13	19	24	27	31	37	1	3	23	24	189	0	7	3	0	0	0	0	0	
0	2	3	10	11	14	17	24	31	36	1	4	6	28	29	30	33	35	38	39	0	0	55	62	17	0	37	0	0	0	0	0	0	
0	1	4	5	8	13	21	26	30	38	6	11	16	17	20	23	27	31	32	39	2	1	36	32	42	0	7007	1	74	0	1	0	0	
14	18	19	20	21	23	29	30	36	38	1	2	3	6	8	11	25	26	32	33	2	2	78	22	3919	117	90	0	14	0	0	1	0	
0	2	9	11	21	24	25	27	33	35	1	4	5	6	10	12	15	16	17	38	3	3	12	41	2158	15	23	74	5	0	0	0	0	
1	4	9	12	14	18	20	33	36	37	0	7	10	11	13	21	23	27	29	35	3	0	35	157	395	21	34	0	0	2	0	0	0	
0	3	5	8	17	18	22	23	33	36	6	7	10	12	15	16	28	32	34	37	0	1	70	14	0	54	455	16	0	0	1	1	0	
4	6	15	18	19	22	23	26	27	32	0	1	2	10	17	24	25	30	37	39	0	2	30	18	0	0	49	25	1	0	0	0	0	
1	3	6	8	21	26	29	31	34	39	2	5	12	13	17	18	22	28	32	38	1	3	74	45	20	145	135	104	13	1	1	0	0	
1	9	13	17	29	30	31	32	33	35	0	10	11	15	18	19	23	27	34	36	3	0	79	32	0	3882	0	2	0	0	0	0	0	
0	1	2	15	17	18	19	23	29	35	3	13	21	22	26	27	31	33	34	39	2	1	79	23	82	0	0	0	0	5	0	0	0	
0	1	4	5	9	12	13	17	26	39	7	10	11	14	20	23	28	31	34	35	1	2	63	25	34	4354	1543	0	0	0	0	1	0	
5	8	9	18	20	25	32	34	36	39	10	13	14	15	16	17	19	23	27	35	2	3	56	38	0	46	0	81	0	17	1	0	0	
0	2	6	12	14	16	21	22	36	39	1	3	7	8	18	28	29	31	34	38	2	0	41	84	5	20	0	1	0	0	0	0	0	
1	2	5	8	13	18	19	21	24	35	9	12	14	23	30	33	34	36	38	39	3	1	110	18	27	0	0	332	5	1	0	0	0	
1	3	8	10	13	14	20	21	26	28	4	5	15	17	18	22	23	32	35	37	3	2	26	55	543	0	19	13	0	0	0	0	0	
5	10	13	14	23	33	34	35	37	39	1	2	16	20	21	22	24	27	31	36	0	3	0	41	4652	0	65	23	0	3	1	1	0	
8	11	12	18	21	23	24	31	35	38	2	3	4	16	19	25	29	32	33	36	1	0	94	84	0	0	1974	18	14	2	0	0	0	
1	6	14	15	16	19	20	28	37	39	2	4	5	10	13	18	24	27	30	33	1	1	83	19	15	43	1396	54	0	3	0	0	0	
2	10	12	17	18	24	29	31	32	38	0	5	11	14	21	25	27	34	36	39	2	2	53	15	0	76	2270	0	16	1	1	0	0	
2	8	9	15	23	24	28	37	38	39	1	3	14	16	18	20	21	26	32	34	3	3	75	39	82	0	737	2	0	1	0	0	0	
1	3	6	7	12	14	18	24	28	39	0	2	5	9	15	23	26	31	32	36	3	0	25	197	322	32	33	0	145	6	1	0	0	
4	8	9	10	11	19	20	24	29	33	1	7	18	22	23	27	28	34	35	37	2	1	115	16	34	0	552	21	7	1	0	0	0	
5	8	16	18	19	22	23	33	35	39	3	4	6	7	10	15	26	34	36	37	1	2	35	22	80	0	336	17	3	1	0	0	0	
0	5	11	13	14	20	22	26	34	39	2	7	8	15	16	19	27	28	29	30	1	3	114	28	0	4234	0	0	4	0	4	0	0	
3	6	18	20	23	25	31	32	33	37	4	8	9	10	11	14	15	16	26	36	2	0	16	78	0	58	0	58	81	1	0	3	0	
1	5	23	24	29	30	31	33	35	36	4	9	10	17	21	22	26	32	37	38	2	1	34	110	6987	91	191	91	16	2	0	0	0	
0	6	9	15	19	21	30	33	34	37	2	5	10	16	18	23	24	25	29	31	1	2	41	0	13	0	80	34	14	1	3	0	0	
1	6	9	19	21	25	26	36	37	38	2	10	17	22	23	28	29	30	32	35	3	3	79	15	6	10	0	0	19	6	1	0	0	
5	8	12	15	16	17	18	21	32	38	4	9	14	25	26	28	31	33	35	36	2	0	73	189	0	28	0	1	12	0	1	0	0	
6	7	11	12	22	26	27	31	34	35	1	3	8	13	15	19	24	28	33	37	2	1	39	29	4	7	0	1	22	0	1	0	0	
1	10	20	23	30	31	34	36	37	39	9	14	17	18	19	25	26	28	32	35	2	2	85	189	3350	981	148	0	0	1	1	0	0	
7	10	11	24	28	29	30	31	38	39	0	1	3	4	17	18	27	33	35	36	1	3	50	0	0	0	441	0	0	6	1	1	0	
1	8	10	23	25	27	31	33	36	38	2	4	5	7	9	13	18	20	34	35	2	0	79	202	335	0	45	0	70	5	1	0	0	
1	2	7	9	11	15	22	23	26	36	5	10	13	14	21	24	28	32	35	38	0	1	42	26	6	28	0	91	25	0	0	1	0	
6	7	11	12	17	19	20	26	29	30	0	2	5	24	25	31	34	36	37	39	1	2	90	0	42	48	12	0	32	2	0	0	0	
2	3	5	12	15	24	26	28	29	32	1	6	14	21	22	25	30	33	34	35	1	3	0	53	19	0	48	0	21	0	2	3	0	
1	3	13	20	23	29	31	35	36	38	4	5	8	9	16	17	28	34	37	39	2	0	72	163	84	0	293	0	26	2	1	0	0	
1	3	6	8	10	13	14	17	26	33	2	7	12	20	21	25	28	30	32	37	0	1	48	103	904	0	0	0	268	1	0	0	0	
3	7	9	10	18	19	20	21	25	39	1	13	14	17	30	31	33	34	35	36	3	2	84	0	23049	281	100	43	0	1	0	0	0	
0	1	8	13	15	18	20	27	31	37	3	7	12	14	16	17	19	29	35	39	2	3	21	12	17	32	0	74	22	0	0	1	0	
5	9	11	17	20	21	26	29	35	39	3	7	8	13	22	25	28	30	32	33	2	0	114	47	28	10	20	0	51	0	1	0	0	
0	1	2	3	15	20	23	32	33	36	7	10	11	17	18	21	22	25	26	31	2	1	59	0	666	29	0	22	4	0	0	0	0	
3	8	10	14	18	19	23	33	37	39	0	1	6	16	17	21	26	28	31	35	2	2	77	47	12	0	0	141	0	5	1	0	0	
3	10	20	21	30	32	36	37	38	39	2	5	6	9	11	14	16	18	19	23	2	3	53	244	0	119	0	0	25	5	1	0	0	
2	4	10	19	25	27	30	32	33	34	5	7	9	11	12	13	24	26	37	38	3	0	74	251	9	0	126	3	0	1	0	0	0	
2	4	12	16	18	20	23	26	28	33	3	7	8	9	10	11	25	32	34	39	2	1	70	0	104	5070	30	26	0	3	1	0	0	
2	4	14	17	21	28	29	30	35	37	3	5	7	10	22	23	27	34	36	39	2	2	59	52	9	0	76	2	2	0	1	0	0	
3	7	11	18	20	21	25	35	36	37	1	5	10	14	17	19	26	31	32	33	0	3	37	20	0	1365	11	15	0	2	1	0	0	
11	12	14	16	18	25	27	34	35	39	1	6	8	13	17	20	23	29	30	31	2	0	71	171	46	293	0	117	19	2	0	0	0	
0	2	5	11	12	15	21	22	27	28	1	6	8	13	19	24	32	33	35	37	3	1	38	24	23	34	153	0	8	1	1	1	0	
2	3	7	9	16	17	18	21	26	35	4	8	12	13	19	22	23	24	29	36	0	2	66	40	211	0	31	44	46	0	0	0	0	
7	9	10	14	21	22	23	24	31	34	1	8	15	16	19	25	26	27	30	37	3	3	56	19	0	18	140	0	0	1	0	0	0	
0	2	13	16	17	28	33	36	38	39	1	5	8	10	18	19	20	21	25	30	1	0	63	225	129	0	0	1	10	2	0	0	0	
3	11	13	17	18	27	28	32	33	35	0	8	9	20	25	26	30	34	36	38	2	1	59	31	0	261	42	45	0	13	1	0	0	
4	12	13	16	20	22	23	25	26	35	0	6	8	9	11	21	27	29	32	34	0	2	82	29	17	6	0	0	0	4	1	0	0	
2	9	11	13	15	17	22	28	30	37	6	7	12	14	25	27	29	31	32	39	0	3	38	25	0	2864	38	24	0	22	0	0	0	
8	9	17	21	24	30	31	32	38	39	1	2	3	7	11	12	27	29	33	35	2	0	37	77	0	24	0	0	15	4	1	0	0	
3	6	11	12	16	19	22	30	33	39	0	1	2	7	8	10	18	20	31	38	3	1	49	0	140	156	158	0	37	5	1	0	0	
5	6	9	12	15	18	21	30	32	37	0	2	4	8	10	14	17	25	29	36	3	2	38	39	23	0	51	73	0	4	0	0	0	
4	10	12	16	18	25	26	30	37	39	0	7	9	19	23	27	32	33	35	38	0	3	102	45	0	2129	927	0	301	2	0	0	0	
2	8	15	21	29	34	35	36	37	39	0	4	11	13	14	17	19	31	32	38	0	0	25	234	0	77	127	87	16	2	0	0	0	
1	3	8	12	13	16	20	28	32	37	5	6	9	14	19	21	24	27	29	36	1	1	46	16	15	0	655	9	0	1	0	0	0	
2	6	9	12	20	25	28	29	36	39	0	4	10	15	22	23	24	26	33	34	1	2	26	23	50	0	28	0	0	3	0	0	0	
11	18	19	24	28	29	32	34	35	39	6	8	9	10	14	22	23	31	33	37	2	3	106	39	446	0	1875	1	0	1	1	0	0	
4	6	7	10	14	22	25	27	28	33	2	3	12	16	23	29	32	34	36	39	0	0	68	141	1310	0	4045	0	0	2	1	0	0	
2	3	10	16	22	24	31	33	34	36	4	5	7	8	9	13	18	28	35	37	2	1	18	9	100	10	0	0	0	5	1	0	0	
1	4	5	13	17	19	21	26	29	38	10	12	18	22	25	28	30	31	34	35	1	2	30	59	239	0	21	206	4	0	0	0	0	
0	2	3	11	13	15	24	25	33	37	1	10	12	16	17	21	32	34	36	38	2	3	11	19	15	0	41	8	0	1	0	0	0	
1	2	4	7	9	12	23	26	32	33	0	5	13	17	18	21	28	34	35	37	1	0	17	234	0	94	228	11	0	3	0	0	0	
1	5	21	22	24	25	29	32	33	36	0	4	7	8	16	17	27	31	35	39	3	1	69	108	65	35	56	129	47	7	1	0	0	
1	10	11	16	19	21	24	27	30	34	0	3	8	13	17	29	31	32	36	37	1	2	63	75	63	619	0	1	0	4	0	0	0	
1	2	8	9	10	14	23	24	25	27	5	12	18	19	21	26	32	33	35	38	1	3	89	50	79	2776	838	29	18	3	1	0	0	
2	7	16	19	20	22	23	24	29	34	0	3	14	15	27	28	30	31	38	39	3	0	92	134	0	1638	15	80	20	10	2	0	0	
1	9	10	20	23	24	30	31	36	37	2	3	6	7	8	21	25	26	27	35	3	1	46	20	0	5508	46	83	47	7	1	0	0	
11	12	14	20	23	29	34	35	36	37	0	7	8	9	10	15	16	17	18	25	2	2	39	26	59	211	7084	168	6	1	1	0	0	
10	13	17	19	23	26	30	31	35	38	0	4	7	12	14	16	20	22	32	34	2	3	0	24	40	26	0	28	2	1	0	0	0	
9	13	14	16	17	18	19	29	36	37	0	3	5	7	8	12	23	28	34	39	2	0	78	278	14530	3293	1796	9	15	0	2	0	0	
4	5	11	16	18	25	26	31	38	39	7	13	21	24	27	30	32	33	34	35	3	1	74	13	8	0	84	118	8	2	0	1	0	
6	11	14	15	18	23	26	33	36	39	0	5	7	8	9	13	19	32	35	38	1	2	74	59	0	2196	49	79	0	5	1	0	0	
0	6	9	12	15	16	22	27	30	31	2	11	17	18	19	24	26	28	36	37	3	3	51	53	0	135	16	0	4	0	0	0	0	
5	7	8	9	12	18	26	27	29	30	1	4	13	14	16	21	32	36	38	39	3	0	72	94	555	517	0	14	13	1	0	0	0	
3	10	14	16	17	18	29	30	36	39	1	5	7	9	15	19	22	23	32	34	3	1	70	23	88	0	235	251	11	0	2	0	0	
4	5	14	16	23	28	29	30	35	37	0	1	3	18	19	20	22	34	38	39	2	2	70	34	34	0	8	0	3	1	0	0	0	
0	4	11	12	13	16	24	30	33	37	6	15	17	18	19	20	26	28	29	32	2	3	109	23	36	31	0	25	6	1	0	0	0	
0	3	4	11	13	27	29	31	33	38	7	10	12	16	17	18	20	23	25	30	1	0	85	37	45	0	748	45	20	1	0	0	0	
6	7	8	9	22	24	26	29	33	34	2	5	15	17	23	25	27	30	38	39	0	1	97	57	78	983	503	0	108	0	0	0	0	
2	5	12	14	15	16	18	20	36	39	0	1	7	8	9	11	21	22	35	38	1	2	74	65	70	9	0	1	14	0	2	0	0	
1	8	10	14	15	18	26	29	36	38	2	4	5	9	17	22	24	27	35	37	0	3	69	35	0	6	0	43	0	4	0	1	0	
0	1	2	8	11	12	14	20	21	37	3	22	23	27	29	30	31	33	34	39	0	0	71	115	0	0	0	0	21	1	1	0	0	
0	4	6	10	11	15	23	25	30	35	1	2	9	12	13	14	19	29	33	36	1	1	67	64	11	22	0	15	11	4	1	1	0	
7	10	12	18	24	31	32	35	38	39	2	4	9	11	17	20	21	25	29	33	3	2	114	0	6455	20	49	16	4	1	0	0	0	
1	9	14	15	19	22	23	27	30	32	0	6	10	13	16	21	24	28	31	33	2	3	67	26	0	3202	0	36	77	1	1	0	0	
4	5	6	8	12	18	22	24	26	34	7	9	11	14	16	19	20	35	36	38	0	0	75	134	29	40	17	0	22	4	0	0	0	
0	1	3	7	9	12	18	23	27	36	5	8	10	11	15	20	21	28	30	37	1	1	62	0	2934	140	205	0	195	2	1	0	0	
1	6	8	9	17	31	33	34	38	39	7	10	11	12	16	19	25	26	30	36	0	2	51	0	5591	2611	2380	45	14	1	1	0	0	
0	1	11	13	20	23	28	31	33	39	9	10	14	16	18	19	22	32	34	37	2	3	101	54	83	20	0	47	0	0	0	0	0	
4	8	22	25	27	28	30	34	38	39	3	7	9	15	20	24	31	33	36	37	2	0	86	226	0	36	413	61	16	4	1	0	0	
5	6	9	18	24	25	26	31	33	39	1	4	11	12	13	14	20	23	29	38	2	1	65	22	866	0	128	1	0	6	1	0	0	
3	8	14	16	20	23	27	28	30	38	0	6	9	13	15	18	26	32	33	37	1	2	50	25	0	29	0	33	9	1	0	0	0	
0	6	14	15	17	20	22	25	26	28	2	3	4	8	16	29	31	32	33	34	3	3	33	33	40	0	84	54	113	3	1	0	0	
5	9	12	18	21	25	31	34	35	37	1	2	6	7	8	16	26	29	32	36	2	0	29	157	2237	35	0	24	0	16	0	0	0	
2	3	12	19	20	23	33	36	38	39	1	4	5	7	8	13	16	27	28	32	2	1	52	22	0	28	266	1	1	0	0	0	0	
0	1	17	20	21	22	25	31	33	34	2	4	5	7	8	9	11	26	35	39	2	2	44	0	805	0	72	0	16	22	1	0	0	
7	8	10	14	15	19	22	26	29	30	1	3	4	6	9	24	27	28	36	37	0	3	90	25	56	38	0	1	6	0	0	0	0	
1	12	17	26	29	31	32	33	35	37	6	7	10	11	18	24	25	27	34	38	0	0	55	141	141	35	17	31	0	13	1	0	0	
3	4	7	16	21	22	23	25	34	37	1	2	5	6	12	18	27	28	32	38	1	1	25	0	1619	0	24	140	3	0	1	0	0	
2	4	5	8	9	11	21	32	33	36	0	15	16	17	20	23	26	27	28	29	1	2	7	0	86	4014	256	268	8	1	1	0	0	
1	10	12	14	15	16	23	26	29	34	4	6	8	9	13	17	20	33	36	39	3	3	59	50	0	8675	0	1	40	7	1	1	0	
9	11	14	15	19	26	27	30	31	39	2	4	5	8	10	13	23	32	36	38	2	0	18	115	36	0	912	0	219	3	0	0	0	
1	3	10	12	18	19	22	23	32	35	2	9	11	14	16	17	20	27	30	34	1	1	74	22	0	63	1139	78	5	0	0	1	0	
8	13	15	20	24	28	29	34	37	39	0	1	9	10	16	19	26	30	33	36	2	2	85	29	191	17	0	267	39	3	1	0	0	
4	9	10	17	19	29	32	36	37	38	0	7	8	11	13	21	22	23	27	33	1	3	106	0	10811	0	2760	0	0	1	0	0	0	
8	12	13	18	20	26	31	35	37	39	0	3	4	5	17	21	23	24	30	36	3	0	38	87	30	0	151	22	18	4	0	0	0	
0	1	11	12	13	14	16	21	30	35	5	6	17	18	19	22	24	26	27	38	0	1	36	45	10	7	0	0	0	0	0	0	0	
3	6	10	13	20	24	27	34	37	39	4	11	17	18	22	23	25	26	30	31	0	2	55	22	4	12	0	57	9	13	0	0	0	
3	11	22	24	25	28	29	30	38	39	0	2	5	6	8	9	14	15	26	36	3	3	89	36	0	0	324	0	62	0	2	0	0	
0	5	8	10	25	26	29	32	35	37	2	3	4	6	14	15	16	18	34	38	2	0	42	104	2099	0	37	33	3	0	0	0	0	
4	9	14	15	19	20	21	24	31	32	2	8	10	12	13	17	22	34	35	38	3	1	52	31	0	702	0	0	0	0	1	0	0	
0	7	9	12	13	18	19	21	34	38	1	3	4	22	23	26	28	31	32	36	1	2	86	53	38	49	0	101	91	4	2	0	0	
11	17	20	21	23	25	27	28	36	38	1	3	6	8	9	14	18	22	29	39	1	3	48	43	326	2099	0	287	54	12	1	0	0	
0	2	8	9	23	25	30	33	35	38	4	5	7	10	12	13	18	32	37	39	1	0	44	294	752	371	114	103	0	2	1	0	0	
0	6	13	15	19	30	32	33	37	39	2	4	10	11	12	14	17	18	21	34	2	1	30	379	0	192	100	16	2	1	0	0	0	
1	14	18	21	22	23	25	28	30	34	0	3	12	13	24	27	31	32	33	36	1	2	17	77	0	73	1546	0	0	0	1	0	0	
5	7	12	18	19	20	27	31	34	36	0	2	4	6	16	23	25	29	37	39	3	3	64	8	0	142	37	0	5	2	1	0	0	
7	11	16	17	21	27	28	32	35	38	3	4	5	8	15	26	31	34	36	39	0	0	73	42	4116	748	0	155	2	0	1	0	0	
0	2	5	7	9	14	23	30	34	38	1	3	4	6	11	16	19	20	25	26	1	1	50	0	169	40931	363	159	70	2	0	0	0	
1	6	8	11	14	22	23	25	27	37	0	4	9	10	12	24	28	31	33	36	1	2	44	33	32	0	17	25	3	0	0	0	0	
5	6	10	14	19	20	22	23	25	32	0	4	7	16	24	31	33	35	36	38	0	3	37	187	0	74	13	86	2	0	0	1	0	
1	2	14	18	19	25	26	32	35	37	0	4	8	12	15	22	28	30	33	38	0	0	25	29	0	12	125	1	0	2	1	0	0	
0	3	5	6	7	9	13	15	33	39	2	4	11	19	23	26	29	30	31	38	1	1	93	33	200	0	365	418	29	1	1	0	0	
6	12	13	14	17	18	19	20	22	32	3	4	5	16	24	26	27	30	31	39	2	2	53	0	4174	0	49	0	2	3	0	0	0	
1	13	15	16	19	22	28	34	35	38	2	5	10	11	14	17	27	31	32	37	3	3	48	37	68	53	0	66	7	0	1	0	0	
11	14	20	21	26	28	29	33	38	39	3	7	10	12	15	17	19	23	24	37	3	0	91	449	43	229	141	166	171	2	0	0	0	
0	7	13	17	21	23	31	32	35	38	1	8	9	14	15	20	22	29	34	36	2	1	86	34	0	75	31	0	55	1	0	0	0	
2	9	12	14	17	18	26	31	32	36	4	5	8	10	11	15	16	21	24	38	0	2	45	12	0	1861	33	21	0	1	0	0	0	
10	12	16	21	22	23	24	29	32	37	5	7	9	14	17	20	26	28	36	38	2	3	106	11	0	51	22	13	4	2	1	0	0	
6	7	11	21	27	29	31	32	33	37	0	1	3	8	10	14	15	19	20	25	2	0	43	92	22	0	0	145	0	1	1	0	0	
2	5	6	10	25	27	29	30	31	39	1	9	12	16	17	18	20	24	33	38	1	1	86	11	13	12	124	0	0	1	0	0	0	
1	3	7	12	19	20	24	33	35	36	6	8	11	13	15	18	26	28	29	38	2	2	65	9	33	24	0	136	0	11	1	0	0	
10	12	14	18	22	29	30	35	38	39	0	2	3	5	8	17	19	28	34	36	2	3	91	39	102	1266	0	166	11	1	0	6	0	
3	4	15	16	19	22	31	32	33	36	0	2	8	9	10	23	28	29	34	35	1	0	80	122	0	0	252	339	40	0	1	0	0	
0	5	8	9	14	16	20	23	33	39	11	12	26	28	29	30	31	32	35	36	3	1	69	73	49	0	195	0	42	1	0	1	0	
3	9	12	21	23	28	30	36	37	39	0	8	10	11	13	24	32	34	35	38	0	2	71	50	2255	32	0	0	11	3	2	0	0	
4	5	8	10	15	19	23	25	33	37	0	2	6	11	12	14	24	29	34	39	3	3	82	36	0	23	436	80	17	3	1	0	0	
0	5	9	11	14	19	20	24	25	38	2	3	16	23	26	28	30	33	35	39	2	0	78	86	0	2799	62	0	1	1	0	0	0	
0	9	11	14	17	21	26	28	34	36	1	13	16	22	29	33	35	37	38	39	2	1	66	23	0	2866	56	67	97	2	0	0	0	
5	10	11	12	14	15	22	25	27	33	2	6	17	18	19	21	23	32	34	39	1	2	87	0	69	64	0	0	9	4	1	0	0	
0	5	6	17	19	21	24	25	35	38	2	8	10	22	23	26	29	31	32	34	0	3	81	5	0	2187	73	1	4	0	0	0	0	
2	3	7	10	17	18	27	29	30	34	0	6	8	14	15	21	24	32	35	38	1	0	37	161	280	12	0	1	33	1	1	0	0	
2	6	7	8	9	10	11	14	16	29	1	5	12	22	24	26	31	33	35	37	0	1	95	70	2902	883	565	0	24	2	1	0	0	
7	8	11	17	21	24	25	26	32	38	10	12	14	19	22	28	29	30	31	33	1	2	38	40	0	123	141	18	0	3	0	0	0	
1	4	9	10	12	13	24	30	32	33	7	11	14	15	17	20	21	25	36	39	2	3	22	0	1430	0	155	10	0	0	0	0	0	
2	5	10	11	12	24	25	31	34	39	0	8	14	16	23	26	30	32	33	35	3	0	63	70	0	17	0	28	3	0	0	0	0	
0	4	5	11	15	19	20	22	27	36	3	12	16	17	21	23	29	31	37	39	2	1	80	39	115	29	0	1	0	1	0	0	0	
7	10	11	14	16	17	31	35	36	39	1	2	4	6	8	13	15	24	33	37	2	2	39	114	0	114	33	150	6	0	1	0	0	
0	2	9	10	14	22	23	25	36	38	3	5	7	8	15	16	17	18	24	31	1	3	97	13	0	4184	70	51	0	5	0	0	0	
3	6	13	19	27	31	32	33	35	38	1	5	7	15	18	20	21	28	30	34	0	0	52	66	0	2578	20	0	0	0	0	0	0	
0	2	8	9	13	15	30	32	33	39	1	3	4	11	26	27	28	29	31	34	0	1	82	93	2421	0	222	1	19	5	0	0	0	
7	10	17	18	21	27	28	31	36	39	1	9	11	12	16	20	24	29	30	32	0	2	32	20	1243	0	21	11	0	5	1	0	0	
8	11	14	20	23	25	26	28	34	35	4	7	10	16	21	24	30	32	33	38	0	3	10	0	8028	0	165	0	10	1	1	0	0	
12	17	20	21	26	29	31	32	35	39	0	5	8	10	15	18	19	33	34	36	2	0	107	128	0	4174	41	1	0	2	1	0	0	
7	15	20	22	23	30	31	35	36	37	3	4	8	11	13	21	26	28	34	39	2	1	38	66	22	0	5412	8	0	0	0	0	0	
7	11	14	18	19	21	24	29	34	36	0	1	2	12	13	22	23	28	30	33	3	2	42	48	0	3611	4587	0	18	6	1	1	0	
2	3	5	12	15	17	22	27	34	35	1	4	8	16	20	21	23	28	29	38	3	3	32	18	9	0	83	36	0	4	0	0	0	
2	5	8	10	11	26	28	31	32	33	7	9	12	13	17	20	23	24	34	35	0	0	46	50	19	11	13	0	22	1	0	0	0	
5	7	16	19	20	21	30	32	36	37	4	10	11	13	23	25	27	28	33	38	1	1	45	17	0	52	523	1	10	3	0	0	0	
0	9	11	16	20	21	28	30	32	39	1	4	8	12	15	25	27	29	33	34	2	2	92	44	353	12	0	17	10	9	0	0	0	
1	5	8	9	16	17	19	23	27	33	2	12	24	25	29	30	32	35	36	39	1	3	72	11	0	61	17	47	58	0	0	0	0	
4	6	13	17	19	20	22	28	29	38	0	5	11	14	16	18	23	27	34	35	1	0	71	78	14	0	1506	204	0	2	1	0	0	
6	13	19	21	23	26	34	36	37	38	1	2	5	7	9	12	17	20	25	27	3	1	79	30	33	37	604	11	0	2	1	0	0	
3	4	8	9	15	17	18	19	25	31	5	11	21	22	24	26	34	35	38	39	1	2	83	0	97	22	109	0	31	3	2	0	0	
0	3	6	14	17	25	27	30	38	39	2	4	5	10	19	20	29	32	35	37	1	3	54	8	0	118	1775	0	4	1	0	0	0	
2	3	4	5	10	17	24	36	38	39	6	7	8	14	20	21	26	28	29	35	0	0	94	107	0	935	802	58	55	3	0	0	0	
0	4	6	9	13	16	20	23	27	28	2	11	12	14	22	31	35	36	37	39	0	1	62	85	2232	86	0	1	0	6	1	0	0	
2	5	7	8	18	22	23	29	32	33	3	6	9	14	15	16	20	28	30	38	2	2	82	42	38	13	21	1	0	0	0	0	0	
1	4	6	9	14	20	22	26	27	33	0	7	13	28	30	31	34	35	36	39	1	3	55	0	235	42	54	0	6	1	0	0	0	
1	2	7	10	12	16	20	22	29	32	4	5	6	9	13	19	21	23	36	39	2	0	83	142	54	227	62	0	2	0	1	0	0	
5	8	15	17	18	20	21	23	31	35	1	3	9	11	12	22	24	26	28	30	3	1	40	12	0	2532	0	87	10	0	0	1	0	
0	13	14	19	22	23	30	34	36	37	2	7	11	17	21	26	29	31	32	38	1	2	56	8	0	321	2720	21	0	6	0	0	0	
6	7	11	27	28	30	32	34	35	38	1	4	8	12	14	15	17	23	25	31	2	3	15	65	22	0	2769	30	14	2	0	0	0	
9	13	14	21	22	27	28	29	30	31	1	2	7	15	18	19	20	23	34	37	0	0	37	216	0	0	0	121	41	1	1	0	0	
0	4	7	8	10	13	21	22	25	27	1	2	5	12	14	18	19	29	30	34	0	1	46	32	0	112	239	82	35	2	2	0	0	
1	3	6	7	11	17	24	25	26	31	0	5	9	14	15	18	19	20	29	37	0	2	120	60	0	20	40	0	22	1	0	0	0	
0	1	11	13	20	23	28	31	33	39	9	10	14	16	18	19	22	32	34	37	0	3	30	114	49	29	0	47	0	5	1	0	0	
2	3	8	9	10	12	14	32	36	39	0	6	15	16	18	24	30	31	33	34	3	0	84	507	1923	57	62	0	25	1	1	0	0	
3	12	13	14	16	17	19	24	25	30	1	2	4	5	20	23	31	35	36	38	2	1	49	0	95	3756	88	0	6	1	1	0	0	
0	9	10	13	17	21	23	32	33	34	12	14	15	16	22	27	30	35	36	38	3	2	41	0	42	28	0	2	31	0	1	0	0	
5	7	15	20	28	30	34	36	37	39	1	6	10	16	17	22	23	24	29	38	0	3	48	122	4571	0	2330	23	0	17	0	0	0	
2	12	14	15	17	21	22	31	37	39	5	6	8	10	18	27	28	33	34	38	1	0	85	83	19	41	945	0	14	3	0	1	0	
3	7	8	9	10	11	19	21	23	39	1	6	12	14	16	18	22	25	27	33	1	1	98	30	437	518	0	7	0	1	1	0	0	
3	5	13	14	22	25	32	34	36	37	0	1	4	6	8	10	29	30	33	39	1	2	39	25	15	0	0	50	0	2	0	0	0	
1	9	10	19	20	22	24	29	32	37	2	12	13	14	23	25	27	28	35	38	2	3	79	10	0	8	0	15	10	5	1	0	0	
1	4	6	8	11	12	26	27	34	35	2	5	9	13	18	22	24	29	31	36	0	0	51	120	84	0	611	1	0	1	0	0	0	
2	6	11	13	16	19	22	27	34	35	0	7	9	10	15	17	24	36	37	39	0	1	29	66	22	15	0	0	82	1	0	0	0	
0	1	4	7	11	14	16	27	30	34	2	6	8	12	13	18	19	22	23	35	1	2	57	50	32	34	16	35	0	1	0	0	0	
2	4	5	10	14	18	19	24	28	39	3	6	8	11	12	15	29	34	35	38	1	3	77	11	0	2556	25	81	7	0	0	0	0	
0	10	17	22	24	27	30	32	34	38	2	15	16	19	20	21	25	26	29	33	0	0	24	152	27	14	0	148	3	1	0	0	0	
0	1	10	11	14	21	23	32	36	37	2	5	6	13	15	16	17	18	24	38	2	1	15	65	2	25	2	2	0	1	0	0	0	
12	14	15	18	23	26	27	29	37	38	2	9	16	21	24	25	28	30	34	36	0	2	28	51	0	7718	2403	804	25	1	1	0	0	
0	10	12	15	22	27	32	33	36	38	2	6	8	13	14	21	23	25	28	29	2	3	115	19	0	117	4056	0	21	2	0	0	0	
0	2	9	18	20	23	24	26	31	38	3	4	5	6	8	10	22	25	28	33	1	0	39	164	0	4221	0	1	254	4	0	0	0	
7	12	15	20	22	26	27	29	37	38	0	2	3	5	10	11	16	17	28	33	0	1	48	74	0	192	0	2	14	3	1	0	0	
0	4	5	7	11	13	20	21	25	36	9	12	14	19	30	32	33	35	37	39	0	2	63	0	60	0	0	86	25	2	0	0	0	
0	8	10	19	21	22	27	28	29	37	2	3	7	13	18	20	23	25	26	32	1	3	62	26	0	71	68	2	28	2	0	0	0	
4	5	16	17	20	26	27	34	36	38	2	3	10	12	13	18	25	28	31	35	0	0	54	79	202	0	6	0	2	0	1	0	0	
0	1	2	3	11	18	21	22	23	32	4	9	10	15	26	27	30	36	38	39	3	1	70	8	0	0	21	35	14	0	0	0	0	
3	6	16	21	24	25	28	30	33	36	0	2	9	15	20	22	26	29	34	39	0	2	50	31	31	31	0	0	135	30	1	0	0	
2	9	10	17	18	23	27	29	31	36	0	5	7	8	12	19	20	25	26	37	3	3	76	15	23	25	799	0	6	0	1	0	0	
0	1	3	4	5	11	26	27	31	34	2	7	12	15	19	23	25	32	35	36	3	0	23	69	6	0	1392	52	0	1	0	0	0	
1	5	8	12	17	19	22	26	28	30	2	10	18	20	21	23	24	25	27	36	2	1	106	34	29	47	31	79	0	9	0	0	0	
4	6	16	18	21	28	29	32	33	39	5	7	8	9	17	23	24	35	36	38	1	2	64	33	103	0	343	0	7	0	1	0	0	
5	9	15	25	28	29	32	35	36	39	2	16	19	21	23	24	27	30	31	37	1	3	41	32	0	7857	0	328	14	4	0	0	0	
1	2	4	8	11	17	18	24	33	38	3	6	15	19	20	22	30	31	35	37	2	0	11	157	16	27	0	35	6	1	0	0	0	
0	3	6	9	10	21	24	28	30	38	7	8	12	17	23	29	32	33	34	39	1	1	74	0	126	36	42	1	4	2	0	0	0	
0	2	12	13	28	29	32	35	37	38	1	5	7	15	18	19	21	23	25	27	1	2	49	21	0	1860	0	59	9	1	0	0	0	
0	2	6	10	11	13	18	20	27	37	7	14	22	23	24	25	31	32	38	39	0	3	48	0	3137	295	148	50	148	0	0	0	0	
1	2	4	6	7	8	25	26	33	35	3	12	13	15	16	20	22	23	28	30	0	0	91	231	34	0	4261	0	20	14	1	0	0	
6	11	19	23	26	27	28	29	35	36	0	2	9	17	18	22	24	25	30	33	0	1	95	26	0	3743	0	250	76	2	0	0	0	
4	9	12	22	23	25	28	29	33	39	2	5	6	11	19	20	32	36	37	38	3	2	93	30	0	0	161	78	46	3	1	0	0	
3	5	11	13	24	26	28	32	33	39	2	9	10	15	16	18	19	21	30	34	0	3	50	40	168	9	0	13	3	0	0	0	0	
0	1	6	9	15	16	30	32	35	39	2	4	7	8	13	14	23	27	36	38	3	0	107	204	1266	501	0	290	285	1	0	0	0	
7	14	16	17	18	24	26	36	37	39	1	4	6	11	12	13	22	23	27	33	0	1	26	31	0	0	114	22	10	6	1	0	0	
6	15	18	21	23	24	30	32	37	38	1	3	7	10	14	16	22	26	34	39	1	2	27	30	0	58	16	0	67	0	0	1	0	
0	1	2	5	19	29	30	35	36	37	8	13	14	16	23	24	27	33	34	39	1	3	57	86	1188	80	6	0	0	7	1	0	0	
4	6	8	13	15	20	22	31	33	38	0	3	11	14	16	23	25	26	32	35	2	0	17	121	572	0	322	0	8	0	0	0	0	
3	4	12	14	17	23	34	35	36	38	2	9	13	15	19	28	29	30	31	39	0	1	42	28	16	0	62	0	0	4	1	0	0	
5	7	8	10	13	15	30	31	34	35	1	2	14	16	23	25	27	28	36	38	1	2	40	43	1678	0	171	83	34	1	1	0	0	
2	5	7	12	17	28	29	30	36	39	0	9	15	18	20	21	24	35	37	38	1	3	70	13	0	6593	3	69	16	1	0	0	0	
3	13	16	17	19	22	27	32	33	38	6	7	10	14	15	18	26	29	31	39	0	0	66	167	78	18	0	0	3	0	0	6	0	
4	10	14	16	17	18	19	24	36	38	9	11	13	20	22	23	27	29	31	33	2	1	85	0	135	68	0	82	15	2	1	0	0	
0	2	3	17	18	20	23	31	33	38	1	4	10	19	25	28	32	34	35	39	1	2	61	53	0	104	23	11	0	4	1	0	0	
0	2	7	8	13	14	16	20	26	33	5	12	19	24	25	27	29	34	36	39	1	3	110	80	100	57	0	0	9	3	0	0	0	
3	5	16	19	23	27	29	31	36	38	0	1	2	6	9	11	20	21	34	37	0	0	88	86	0	8896	55	1	8	1	0	0	0	
2	6	9	16	19	20	22	28	37	39	7	11	14	21	25	29	30	31	35	38	3	1	104	17	29	30	0	52	26	20	0	0	0	
1	2	5	10	15	17	19	25	27	29	6	9	12	14	20	24	28	31	36	38	3	2	85	30	1107	0	10077	75	41	2	0	0	0	
1	2	4	5	12	13	27	33	36	39	0	3	8	10	11	25	30	31	32	38	1	3	6	0	2925	21	24	0	0	3	1	0	0	
5	6	9	11	14	15	18	19	35	37	0	2	3	12	16	25	34	36	38	39	0	0	55	187	102	90	0	233	178	0	1	0	0	
0	1	3	10	18	27	29	33	34	38	4	5	7	8	9	11	12	24	28	32	3	1	54	28	0	6	490	563	0	9	0	0	0	
1	4	5	7	9	16	19	29	37	38	6	8	12	13	18	22	24	31	32	36	1	2	70	0	8905	0	117	0	114	3	1	0	0	
7	15	17	21	30	32	33	36	37	39	2	5	6	8	9	12	14	22	26	38	0	3	46	66	0	65	42	72	17	2	1	0	0	
3	13	15	23	28	32	34	37	38	39	0	1	7	9	12	19	20	22	24	27	2	0	72	321	256	193	4324	121	0	2	0	0	0	
0	3	5	8	11	13	14	19	26	35	6	7	15	20	21	23	28	31	33	38	0	1	92	40	25	0	1719	0	20	5	1	0	0	
2	4	6	7	8	21	28	29	30	32	5	9	15	16	19	20	22	26	27	39	2	2	96	76	134	48	0	1	4	0	1	0	0	
0	3	6	11	14	22	29	30	34	37	2	5	8	10	19	20	24	31	32	36	3	3	56	11	0	52	9	43	0	3	1	0	0	
3	7	12	13	15	18	20	23	34	37	0	1	8	11	17	24	25	27	28	32	2	0	47	96	0	66	59	57	21	0	1	0	0	
0	1	9	14	15	28	30	36	37	38	3	4	16	17	21	22	27	32	34	35	0	1	60	0	3971	0	65	168	23	2	1	0	0	
0	1	2	4	6	14	28	30	33	35	5	8	11	18	19	20	22	23	36	39	3	2	27	0	10689	19	0	119	9	6	1	2	0	
0	7	9	21	24	25	26	29	33	39	2	8	12	13	16	18	19	20	36	38	3	3	40	105	2544	123	163	170	18	3	0	0	0	
0	2	5	7	9	20	21	22	27	31	4	11	12	14	17	18	26	29	30	33	2	0	51	246	5185	114	120	115	417	2	0	0	0	
1	12	14	15	17	21	23	24	25	30	0	7	9	10	11	22	26	27	33	37	0	1	70	23	0	4	11	117	11	0	1	0	0	
3	4	9	11	14	24	25	28	31	36	1	2	6	8	10	15	16	19	30	39	1	2	96	25	18	35	0	12	10	4	0	0	0	
1	5	6	9	13	14	17	20	30	37	2	15	22	23	26	27	32	34	36	39	0	3	44	30	25	258	0	29	8	2	1	0	0	
4	5	12	19	21	26	31	33	34	39	1	3	6	9	10	11	15	20	27	38	1	0	89	270	0	92	2028	0	33	0	1	0	0	
7	8	9	11	15	18	21	27	35	37	1	5	6	13	17	19	23	28	30	31	3	1	48	22	423	0	53	1	4	0	1	0	0	
0	1	2	10	16	19	23	28	29	39	4	7	8	9	12	13	15	22	25	38	3	2	45	0	18	356	0	1	0	0	1	2	0	
1	5	8	9	10	23	26	32	33	34	0	11	12	13	15	22	24	27	38	39	2	3	50	31	0	16	763	24	6	0	0	0	0	
5	7	18	19	24	25	27	32	37	39	1	4	8	10	14	20	21	22	31	33	3	0	48	79	0	817	0	0	3	0	1	1	0	
5	9	19	20	22	26	28	29	32	39	3	6	8	10	13	14	16	23	31	37	3	1	43	184	3282	77	0	2	0	3	1	0	0	
0	1	5	9	15	21	29	34	35	37	2	11	14	18	19	22	24	30	32	36	3	2	75	0	86	12	1625	0	8	3	1	0	0	
0	1	2	9	12	13	23	27	32	39	4	6	7	8	10	14	17	34	37	38	0	3	66	13	0	0	44	222	135	0	0	0	0	
6	8	10	13	18	20	21	32	35	38	0	7	16	17	22	26	30	31	34	36	2	0	36	41	0	2358	42	40	0	2	0	0	0	
1	6	9	10	14	17	19	23	30	33	0	5	8	13	16	26	27	34	36	38	3	1	71	28	812	0	87	1	0	3	0	0	0	
0	2	5	17	19	28	29	32	33	38	4	9	10	16	24	26	34	35	37	39	1	2	73	46	7	9	0	0	3	1	0	0	0	
1	6	8	10	14	19	26	34	35	36	0	3	9	17	22	24	25	30	32	39	3	3	86	9	153	41	54	32	0	7	1	0	0	
3	4	8	15	19	21	22	27	28	34	5	7	10	12	16	20	23	25	30	36	2	0	91	177	13	0	116	1	0	7	0	0	0	
6	7	8	12	17	18	21	22	29	30	2	3	5	9	23	24	26	27	32	35	0	1	87	37	1644	0	0	4	11	0	1	0	0	
4	6	7	17	20	21	23	28	29	34	2	3	5	8	9	16	18	22	25	37	1	2	45	148	0	85	32	175	113	5	0	0	0	
0	9	10	12	19	22	23	31	32	39	4	6	8	13	17	18	26	27	28	30	1	3	69	21	0	0	36	0	24	0	1	0	0	
0	2	6	8	9	10	12	13	14	37	5	11	15	22	23	24	25	28	33	35	1	0	84	144	0	0	182	0	261	28	2	0	0	
3	7	12	15	16	17	19	28	38	39	8	10	11	20	22	23	30	33	34	37	3	1	47	27	0	7240	368	504	0	4	1	0	0	
2	11	14	18	20	22	25	27	37	38	6	15	16	28	29	32	33	34	36	39	2	2	82	24	0	5248	454	58	11	2	1	0	0	
6	10	14	15	23	26	30	31	35	39	0	1	3	12	16	20	28	33	34	37	1	3	35	26	0	86	0	132	89	8	0	0	0	
2	7	10	13	15	17	18	19	22	36	0	5	6	14	21	23	26	29	31	38	0	0	70	276	0	0	299	0	65	31	1	0	0	
6	9	14	24	29	31	32	35	36	39	1	4	8	10	11	16	17	19	25	26	3	1	91	0	1609	1493	205	25	4	1	1	0	0	
3	8	9	12	17	20	22	28	35	38	2	4	11	14	26	29	30	31	32	39	1	2	21	78	7	0	33	0	53	0	1	1	0	
0	2	8	10	15	21	22	24	33	35	1	11	13	14	17	18	26	27	30	31	2	3	16	19	22	0	8	24	17	0	0	0	0	
1	6	8	10	14	19	21	26	33	34	3	11	15	18	27	28	32	35	37	39	2	0	73	49	0	0	0	1	75	2	0	0	0	
0	8	12	16	20	22	27	30	33	38	3	9	10	11	15	18	24	25	34	35	2	1	46	17	39	0	62	26	0	1	1	0	0	
1	5	7	16	18	19	24	25	33	34	0	2	11	12	14	20	30	35	38	39	0	2	61	43	592	0	0	0	27	0	1	0	0	
0	3	5	7	17	20	26	32	34	35	4	6	9	11	15	18	21	33	37	38	0	3	39	26	10	0	3492	42	15	1	1	1	0	
3	5	11	16	18	24	29	35	37	38	8	9	19	20	27	31	33	34	36	39	3	0	110	79	0	975	0	38	2	1	1	0	0	
4	10	21	25	27	30	35	37	38	39	2	8	9	12	14	22	23	33	34	36	3	1	66	41	969	41	877	0	22	1	0	0	0	
4	7	10	11	15	16	20	21	33	37	0	2	3	13	14	18	19	34	35	39	2	2	7	45	77	16	0	1	18	3	0	0	0	
0	1	2	4	11	19	28	29	31	33	3	5	8	15	25	27	30	32	35	36	1	3	42	11	0	30	0	0	0	1	0	0	0	
1	2	4	11	22	23	28	33	34	37	0	13	15	18	21	27	29	31	36	38	3	0	66	266	0	53	28	11	2	0	0	0	0	
0	4	7	11	15	19	20	26	30	37	2	3	5	10	16	17	21	25	28	31	2	1	19	48	40	10	0	20	4	0	0	0	0	
0	15	17	18	21	24	33	34	36	38	1	8	10	14	22	23	27	29	30	39	1	2	83	55	1518	0	156	0	25	1	1	0	0	
1	5	12	17	18	22	26	34	36	37	2	8	13	14	16	25	27	29	31	38	0	3	44	13	26	15	0	0	8	5	0	0	0	
1	2	8	16	19	25	27	28	32	38	4	6	12	20	21	22	26	31	35	37	2	0	92	39	0	1421	612	11	0	18	1	0	0	
0	4	8	15	16	17	18	20	25	38	3	10	13	14	21	22	24	29	32	35	3	1	18	43	0	34	25	0	0	2	0	0	0	
6	8	10	13	15	25	27	29	30	38	0	3	7	11	19	32	33	34	35	37	3	2	91	13	0	3835	52	62	40	1	1	0	0	
10	17	18	19	20	26	27	31	33	38	3	5	7	8	14	25	28	34	36	37	3	3	59	71	16	0	2030	1	33	0	1	0	0	
0	3	7	12	17	22	25	28	35	39	1	8	11	14	23	26	30	33	36	37	0	0	25	114	27	66	0	2	37	0	1	0	0	
0	4	7	15	22	23	30	33	36	37	6	10	11	12	13	19	21	24	34	35	3	1	47	54	0	0	114	44	8	1	0	0	0	
0	1	2	13	14	18	33	34	37	39	3	4	8	9	11	22	29	30	32	35	2	2	39	0	25	675	0	0	25	2	1	0	0	
3	7	8	9	14	19	22	26	30	35	0	1	2	4	5	23	24	27	29	34	1	3	11	20	0	37	0	2	6	0	0	0	0	
1	3	6	10	11	13	14	30	35	39	8	9	18	19	23	24	27	29	37	38	3	0	107	162	69	0	2	1	0	1	0	0	0	
3	8	13	16	19	26	30	35	36	39	1	5	7	9	18	20	22	23	29	37	1	1	107	42	0	1822	0	46	5	3	1	0	0	
0	10	14	17	20	21	25	27	29	38	1	2	3	4	11	15	16	31	36	37	0	2	52	27	0	3772	0	131	17	2	1	0	0	
0	4	5	6	7	15	21	33	37	39	1	11	13	16	18	26	27	29	32	34	0	3	86	0	3434	114	0	79	101	3	0	0	0	
2	3	6	20	23	27	28	29	35	37	5	8	9	10	13	30	31	33	34	36	3	0	73	513	39	13	0	22	10	0	1	0	0	
0	3	5	6	12	15	17	28	35	37	2	10	11	23	24	25	26	30	33	34	2	1	43	7	657	29	0	1	0	8	1	0	0	
2	3	5	7	10	15	20	28	34	35	4	8	9	18	26	27	29	31	37	38	2	2	75	10	0	14	414	64	11	0	1	0	0	
2	11	18	20	21	31	32	35	37	38	5	7	14	16	22	23	24	26	28	30	1	3	55	0	74	44	0	201	83	1	0	0	0	
1	8	10	16	18	24	25	27	28	34	11	13	14	22	29	30	33	36	37	38	2	0	74	186	46	0	36	0	40	7	1	0	0	
1	3	5	9	10	15	20	26	28	34	4	6	11	14	17	22	27	29	32	33	1	1	33	0	54	13	0	71	5	1	1	1	0	
1	14	16	18	19	31	32	35	37	38	6	8	9	13	17	21	22	24	27	28	2	2	67	71	65	71	0	0	0	5	1	0	0	
0	2	5	11	13	24	31	32	33	34	1	3	10	14	17	18	21	25	27	39	1	3	42	0	1404	6	46	0	0	0	0	0	0	
9	11	14	15	18	25	29	30	31	39	0	1	8	10	12	13	26	33	36	37	2	0	71	74	0	4218	20	71	2	0	1	0	0	
1	3	6	8	14	24	30	32	33	37	10	11	18	21	22	31	34	36	38	39	1	1	44	0	59	0	2851	607	34	1	1	1	0	
1	18	22	23	24	27	30	31	34	35	4	5	7	9	10	12	14	21	28	32	3	2	25	31	9	24	0	54	15	9	0	0	0	
2	3	5	6	14	22	26	35	36	37	1	4	11	19	20	23	24	30	31	39	3	3	31	36	0	50	29	1	7	2	0	0	0	
5	6	9	18	22	23	24	25	27	29	4	7	11	12	15	17	20	30	34	38	0	0	71	127	5403	3436	29	74	67	1	0	0	0	
6	13	15	18	20	21	24	25	36	37	2	8	11	19	28	30	31	33	35	39	3	1	82	0	4179	237	46	0	16	6	1	0	0	
5	12	16	18	19	23	25	28	30	36	7	8	13	24	26	27	29	31	32	35	3	2	75	32	1194	86	1511	0	37	0	1	0	0	
0	2	6	16	19	22	27	34	35	37	1	10	14	25	26	29	30	32	36	39	2	3	61	25	515	64	3	0	3	0	1	0	0	
2	4	8	23	25	27	30	31	32	37	0	9	12	13	14	15	19	22	24	38	2	0	46	114	552	75	36	0	0	3	1	0	0	
0	8	9	10	14	17	19	28	30	34	2	5	13	15	21	24	27	32	36	39	2	1	32	22	1248	0	166	114	5	0	1	0	0	
2	5	6	10	13	17	23	25	28	35	1	9	12	16	18	21	24	27	32	34	3	2	31	22	12	0	1452	0	0	1	1	0	0	
8	13	15	22	26	28	30	37	38	39	2	9	10	14	16	18	19	20	24	29	3	3	118	43	7	0	0	1	14	1	0	0	0	
0	1	8	10	12	16	20	21	28	37	4	7	11	15	23	24	25	27	31	36	1	0	47	121	3521	26	20	36	375	0	0	0	0	
8	11	14	15	16	20	22	23	26	29	2	5	6	25	30	33	34	35	37	39	2	1	46	0	25066	383	409	183	18	2	1	1	0	
1	5	6	9	10	12	18	21	34	37	11	13	15	20	22	24	26	29	32	33	3	2	72	59	0	45	58	0	0	2	1	0	0	
3	17	19	20	21	26	27	30	31	38	0	2	4	9	15	16	22	23	24	33	3	3	20	48	20	58	0	1	9	0	0	0	0	
1	6	10	25	28	31	33	34	37	38	4	5	8	12	13	15	21	26	30	32	2	0	26	562	0	0	74	0	150	1	1	0	0	
3	10	13	16	18	21	28	29	31	38	5	6	7	11	14	19	20	23	34	39	0	1	85	93	0	36	1314	0	5	6	1	0	0	
8	11	14	19	22	25	33	34	35	37	0	2	3	4	9	21	31	32	36	38	1	2	36	0	3449	167	177	77	0	6	1	0	0	
0	11	17	18	20	22	25	31	36	38	3	4	7	9	12	21	30	32	33	39	3	3	98	20	37	97	0	128	4	11	1	0	0	
2	5	6	12	13	22	23	25	27	39	0	3	10	14	17	20	24	31	32	37	0	0	23	150	220	0	33	34	6	1	0	1	0	
4	7	8	9	10	13	15	24	37	39	0	1	5	16	17	27	28	34	35	36	1	1	46	31	435	0	51	21	0	15	3	1	0	
2	3	4	7	11	14	18	22	26	32	1	5	6	13	16	19	20	29	31	38	2	2	35	19	17	0	8	103	3	0	0	0	0	
1	6	7	14	22	30	31	33	36	38	3	4	9	18	19	20	23	25	26	28	1	3	49	56	27	650	0	114	10	0	7	1	0	
1	3	15	17	18	21	25	32	35	37	6	7	11	12	16	20	24	28	29	36	2	0	65	79	0	16	713	0	8	5	0	0	0	
1	3	7	13	15	16	17	24	37	38	5	6	10	12	22	23	25	29	34	35	2	1	48	13	29	8	13	0	22	1	0	0	0	
0	1	3	7	12	19	23	25	26	38	5	6	9	10	18	28	29	30	34	39	1	2	84	39	0	1991	13	0	71	0	1	0	0	
0	8	10	12	16	24	25	26	30	32	1	9	14	15	20	22	23	34	35	36	1	3	25	42	68	91	167	0	706	1	0	0	0	
1	7	8	12	24	27	32	34	36	37	6	10	11	17	20	21	26	29	30	33	0	0	14	212	0	36	30	0	163	2	0	1	0	
1	6	9	19	21	25	26	36	37	38	2	10	17	22	23	28	29	30	32	35	3	1	103	12	302	0	18	2	4	0	1	0	0	
0	1	9	14	15	23	29	30	33	38	4	7	17	18	26	27	28	34	36	39	2	2	103	16	0	10	17	17	0	1	0	0	0	
0	2	5	10	11	16	24	30	32	33	8	19	20	23	25	26	28	29	36	37	2	3	67	22	10	0	68	558	16	1	1	0	0	
3	6	11	18	20	25	26	30	32	33	4	7	12	21	22	28	29	35	36	39	0	0	33	66	18	0	0	0	6	2	1	0	0	
7	9	11	13	24	26	31	35	37	39	1	3	14	22	25	28	30	32	34	38	0	1	25	14	86	666	28	0	10	0	0	0	0	
1	7	11	13	16	21	25	26	38	39	0	5	6	17	22	23	24	27	31	33	1	2	43	20	0	8513	0	128	31	1	0	0	0	
0	1	13	16	22	23	25	27	28	29	4	6	7	12	15	17	19	21	35	36	1	3	40	182	229	12875	0	945	52	3	1	0	0	
4	5	11	15	16	19	21	27	31	35	6	7	13	17	18	22	24	25	26	38	1	0	105	133	0	40	0	107	72	1	0	0	0	
7	12	15	27	28	29	32	33	35	37	0	8	13	14	16	21	23	24	30	38	0	1	38	0	1538	19	40	0	0	2	0	0	0	
1	15	16	20	21	23	28	31	35	37	5	6	7	8	11	12	18	29	30	38	1	2	49	32	11	24	37	0	11	2	1	0	0	
0	1	4	5	6	9	13	14	27	32	7	8	10	18	19	23	24	28	34	37	0	3	84	127	23	0	0	1	32	3	0	6	0	
3	4	5	9	11	18	19	23	25	28	0	1	12	14	17	24	27	30	31	34	1	0	72	205	15	0	1187	70	15	3	1	0	0	
0	11	17	19	22	23	25	26	31	34	1	3	6	13	18	20	21	24	38	39	0	1	40	29	775	15	0	0	7	1	1	0	0	
0	11	13	14	15	19	22	25	27	35	3	6	7	20	21	23	28	31	32	38	3	2	11	33	0	142	97	225	87	0	1	0	0	
0	1	5	6	8	11	22	27	29	37	9	12	14	18	19	28	32	34	36	39	0	3	110	47	0	22	73	1	0	5	0	0	0	
6	7	9	12	17	21	25	27	36	37	0	2	4	10	14	18	29	33	35	38	0	0	55	56	0	1593	0	17	83	0	1	0	0	
1	5	12	13	25	26	27	29	34	36	6	7	15	17	23	32	35	37	38	39	3	1	72	18	268	12	0	47	10	0	0	0	0	
2	8	9	12	15	20	29	32	34	39	4	7	17	18	24	26	33	35	37	38	1	2	67	27	367	0	35	0	2	1	0	0	0	
0	3	6	7	10	12	14	19	24	28	2	4	13	17	26	30	33	35	36	38	3	3	38	29	115	64	118	99	59	3	1	0	0	
1	11	14	15	20	21	24	33	34	36	5	7	9	12	13	17	23	31	35	39	3	0	66	58	20	16	18	0	15	0	0	0	0	
0	4	6	8	14	20	21	28	35	36	3	5	10	17	18	19	24	33	34	37	2	1	54	67	794	0	2378	0	2	1	0	0	0	
13	14	17	21	23	25	26	28	30	36	1	3	6	8	9	19	22	24	34	37	2	2	67	48	111	81	1433	1	0	2	1	0	0	
1	4	7	8	12	15	17	35	38	39	0	5	13	16	19	25	26	28	32	37	1	3	61	27	199	9	0	2	2	0	0	1	0	
1	3	8	9	13	15	17	19	25	30	5	10	14	16	22	24	31	32	36	39	1	0	79	173	62	1075	291	0	12	0	1	1	0	
7	13	16	20	25	30	31	32	33	36	0	2	12	14	17	19	21	23	24	34	1	1	41	0	686	10	30	14	0	3	1	0	0	
1	4	12	13	17	21	22	25	28	33	0	2	3	6	8	15	29	32	35	37	3	2	46	49	13	0	42	19	36	4	0	2	0	
0	3	4	7	10	24	27	30	31	38	5	6	12	19	22	23	25	28	32	36	0	3	36	32	0	61	22	0	40	8	1	0	0	
3	10	14	18	20	26	28	32	33	39	0	1	2	4	6	12	22	23	24	38	1	0	59	85	66	610	0	2	2	1	0	0	0	
0	8	16	17	21	25	28	29	31	38	1	2	3	4	5	9	15	19	32	36	1	1	64	42	2944	290	36	0	45	1	0	0	0	
3	4	9	12	15	18	21	33	36	38	0	1	2	14	17	23	25	27	31	34	1	2	88	0	29	35	24	0	4	1	0	0	0	
0	2	4	5	10	11	21	26	36	37	8	9	12	17	23	24	27	28	35	38	2	3	82	34	77	0	0	26	2	0	1	0	0	
1	7	11	13	25	27	30	31	35	36	0	6	9	10	17	23	28	29	32	37	0	0	42	105	35	0	0	76	0	2	0	1	0	
2	4	12	13	18	22	24	26	32	35	0	7	14	15	29	30	33	36	37	38	2	1	46	22	15	16	0	11	0	0	1	0	0	
7	8	13	15	16	22	23	30	38	39	0	4	5	11	14	18	20	25	36	37	0	2	45	18	7	15	8	0	0	0	0	0	0	
1	9	16	19	21	26	30	31	32	38	3	4	6	8	11	12	13	20	24	39	3	3	84	11	7	0	37	0	68	1	0	0	0	
7	8	10	11	12	21	22	31	32	37	2	3	9	17	19	28	29	30	36	39	1	0	110	52	0	18	0	0	0	0	1	0	0	
0	5	14	18	19	20	23	24	28	37	2	6	12	16	17	27	29	33	36	38	2	1	82	20	439	0	1079	1	1	0	0	0	0	
4	6	10	11	20	22	25	30	36	38	0	1	3	8	13	14	15	24	34	35	2	2	15	14	17	0	58	0	0	1	0	0	0	
7	10	14	16	21	22	28	30	35	38	2	5	6	9	12	17	18	25	34	37	1	3	75	32	552	0	0	2	49	3	1	1	0	
6	8	11	17	22	23	24	28	37	39	7	10	12	14	18	20	21	25	27	32	0	0	43	125	0	26	7	0	23	4	0	0	0	
3	5	11	17	20	26	29	30	32	35	1	2	4	13	18	21	24	28	34	38	3	1	24	25	0	29	48	1	0	3	0	0	0	
11	14	20	21	26	28	29	33	38	39	3	7	10	12	15	17	19	23	24	37	0	2	61	81	54	1560	53	75	11	2	1	0	0	
0	1	4	6	10	11	12	27	29	33	5	8	17	19	21	24	25	32	36	38	2	3	47	66	10	0	7	0	0	2	0	0	0	
4	9	10	14	24	28	30	34	35	39	1	3	7	12	16	18	19	22	23	36	1	0	107	175	0	104	40	45	2	0	1	0	0	
20	21	23	24	28	31	33	34	35	36	5	6	9	10	11	16	17	30	38	39	0	1	60	66	1148	30	52	58	13	1	1	0	0	
1	3	16	17	19	26	27	28	31	32	0	2	4	7	9	15	30	33	36	38	0	2	63	0	0	61	2799	74	6	1	1	0	0	
1	2	6	8	23	24	25	27	28	33	11	12	13	14	15	16	20	26	29	32	3	3	22	39	458	48629	215	293	90	2	1	0	0	
13	14	15	16	17	18	24	29	33	34	2	3	4	5	10	11	22	25	26	32	3	0	4	867	2313	251	93	18	0	0	0	0	0	
2	4	6	13	15	16	20	28	34	36	7	11	14	17	19	21	26	30	32	38	0	1	23	34	11	9	11	0	50	1	0	0	0	
2	3	12	14	21	23	24	35	38	39	0	5	11	19	25	27	29	30	36	37	3	2	70	0	0	9	0	44	2	0	1	0	0	
0	5	8	9	28	29	30	32	36	38	4	7	10	11	15	19	21	25	34	37	3	3	88	47	10	0	9510	100	7	4	0	0	0	
0	1	5	9	16	20	22	24	28	36	2	8	21	25	29	30	33	35	37	39	1	0	13	287	0	4170	187	416	11	1	1	0	0	
2	9	13	14	16	18	22	30	32	38	11	15	17	23	26	33	35	36	37	39	1	1	81	45	25	0	44	0	39	0	1	0	0	
4	9	10	11	12	13	24	30	34	36	5	7	15	23	25	27	29	32	33	39	2	2	40	0	42	51	103	26	0	0	0	0	0	
2	5	8	9	12	20	26	28	32	37	0	1	3	6	15	18	19	24	30	39	0	3	120	30	491	680	0	0	8	1	0	0	0	
1	4	6	8	11	12	22	25	30	37	7	9	14	16	17	18	20	23	24	38	3	0	41	88	34	208	41	0	17	1	0	0	0	
7	14	15	19	27	29	31	32	34	38	0	5	6	8	13	16	22	23	30	35	0	1	88	22	0	290	117	49	0	6	1	0	0	
3	4	9	13	15	16	21	28	29	33	5	11	12	14	17	20	26	30	32	35	3	2	57	27	15	0	74	29	0	2	0	0	0	
1	5	7	16	20	21	28	29	30	35	3	10	11	15	19	22	24	33	38	39	3	3	63	21	0	123	178	0	43	1	1	0	0	
0	4	8	9	12	16	22	24	32	38	2	3	10	19	21	23	26	28	34	39	3	0	79	90	1306	17	0	3	0	0	0	1	0	
8	12	17	18	19	25	33	34	36	37	1	2	4	11	20	24	27	29	30	39	1	1	95	45	427	0	83	22	4	2	0	0	0	
0	1	7	8	17	19	25	28	30	39	2	4	9	12	14	18	20	22	23	31	3	2	47	16	0	21	0	2	64	1	1	0	0	
7	12	17	22	24	25	30	34	35	39	1	2	8	13	14	19	23	29	32	38	1	3	67	15	12	88	1770	6	0	5	0	1	0	
0	1	5	14	20	22	30	32	37	38	3	4	7	10	12	13	15	17	25	31	2	0	30	130	0	0	21	0	0	1	0	0	0	
7	8	12	13	14	18	19	26	27	33	5	10	15	17	22	23	25	29	31	32	0	1	93	12	0	7072	119	62	12	0	1	0	0	
7	11	14	21	23	25	28	34	38	39	2	4	5	9	12	20	24	32	33	37	0	2	69	37	23	0	3808	45	6	0	1	0	0	
0	9	14	15	17	25	31	34	36	39	1	2	3	5	11	13	21	29	32	37	3	3	67	117	626	0	25	0	0	7	1	0	0	
10	15	17	18	19	20	24	26	28	31	1	3	6	7	14	16	21	34	37	38	0	0	69	425	112	3009	37	152	12	2	0	1	0	
0	1	6	11	12	15	23	27	28	32	7	13	16	19	21	26	29	33	37	39	2	1	99	0	41	43	13	11	0	1	0	0	0	
4	5	9	11	13	22	26	27	29	38	1	2	7	12	14	16	24	28	34	37	2	2	74	151	36	0	61	2	27	1	1	0	0	
4	11	16	17	18	27	29	30	33	35	1	5	8	10	12	20	24	31	37	39	0	3	14	83	0	3031	36	0	3	1	0	0	0	
1	3	6	8	9	28	29	31	32	36	4	5	10	14	16	17	18	34	37	38	2	0	57	90	3621	87	0	0	16	1	0	0	0	
7	9	12	17	19	22	23	25	26	35	0	6	8	13	14	18	29	30	36	38	2	1	90	30	33	0	0	1	4	0	1	0	0	
0	1	7	9	10	12	15	27	31	32	4	5	8	13	16	17	18	21	22	37	1	2	61	41	13	753	0	0	0	3	1	0	0	
2	13	14	19	21	24	25	30	34	37	0	4	5	9	11	18	22	33	38	39	0	3	90	8	257	0	0	57	18	1	0	0	0	
0	2	12	16	20	22	23	25	31	39	4	8	11	13	17	21	26	27	28	32	3	0	26	200	0	22	0	48	3	0	1	1	0	
2	6	9	16	21	23	26	31	32	34	0	13	15	20	24	28	33	35	37	39	2	1	93	5	14	0	55	44	0	13	1	0	0	
5	7	10	11	12	14	17	21	25	32	1	2	16	20	24	26	29	30	35	39	3	2	39	13	50	0	28	0	9	2	0	0	0	
0	8	13	18	20	21	22	28	31	36	5	12	15	17	19	23	29	34	35	39	0	3	35	19	39	0	2570	0	214	3	0	0	0	
7	9	10	11	20	25	32	34	37	39	1	3	4	6	18	22	23	26	31	35	1	0	42	131	17	0	818	1	31	1	0	0	0	
3	10	14	18	21	22	24	26	35	37	6	9	11	19	27	30	31	36	38	39	0	1	38	0	73	19	32	35	0	2	1	0	0	
0	3	10	19	20	23	27	28	31	35	1	9	11	18	22	25	29	34	36	38	3	2	85	10	75	0	73	1	8	1	1	0	0	
1	4	8	12	14	22	23	24	29	39	2	3	9	13	16	20	27	33	34	36	1	3	25	34	12	8	0	0	34	1	0	0	0	
4	10	17	22	24	26	34	35	36	38	2	3	11	14	21	25	27	29	30	32	3	0	38	225	0	121	1253	82	19	0	1	1	0	
5	14	17	19	28	30	31	34	36	37	4	8	9	10	13	20	24	29	33	39	2	1	62	0	2992	0	8774	79	5	0	1	6	0	
0	7	8	13	18	28	31	33	36	38	1	2	9	10	11	15	19	20	25	30	3	2	74	56	46	19	655	0	80	0	0	0	0	
7	8	9	10	13	17	22	26	34	37	1	2	4	6	11	15	28	29	32	33	1	3	80	22	10	0	268	0	4	0	1	1	0	
0	5	10	11	17	18	19	30	31	35	2	4	9	12	20	21	22	24	26	27	0	0	46	229	0	99	23	66	0	3	1	0	0	
3	8	11	19	24	26	28	30	35	38	1	2	4	5	6	13	17	21	32	37	1	1	37	41	60	0	37	0	5	0	1	0	0	
5	14	18	23	27	34	36	37	38	39	1	2	4	8	15	20	21	22	29	33	3	2	89	21	450	373	347	0	25	0	0	0	0	
13	14	19	24	29	30	31	35	37	38	6	15	16	18	20	23	26	28	32	34	2	3	71	27	44	57	0	0	45	3	1	0	0	
0	1	5	10	13	14	26	28	37	39	3	4	9	16	18	22	24	31	33	34	1	0	62	40	0	0	29	5	0	3	1	0	0	
0	3	4	9	10	11	13	17	20	39	1	7	18	21	23	28	29	33	34	38	3	1	81	21	0	176	76	0	30	6	1	0	0	
1	3	5	23	27	29	30	31	36	38	0	2	7	21	22	28	32	34	35	37	0	2	36	24	10	59	54	0	70	10	3	0	0	
4	5	10	13	14	18	24	30	34	36	3	7	8	12	19	22	25	26	32	39	2	3	48	16	0	4	22	0	79	0	1	0	0	
0	7	12	14	19	21	24	29	38	39	2	8	11	15	18	20	25	27	35	36	2	0	76	33	449	0	9	0	3	1	0	0	0	
1	4	7	8	11	13	19	20	21	25	2	3	6	15	23	24	32	34	36	37	3	1	29	47	240	381	280	34	0	0	1	0	0	
1	3	14	15	18	22	28	29	34	36	8	13	23	24	25	26	30	31	32	37	3	2	41	45	0	15	39	0	28	4	0	1	0	
0	5	15	17	18	21	24	29	30	37	3	4	6	12	13	14	16	19	26	39	0	3	85	38	98	0	65	50	62	1	0	1	0	
1	2	3	8	15	18	25	27	28	37	5	17	19	21	26	32	33	34	38	39	2	0	63	74	11	389	0	0	4	0	1	0	0	
0	6	13	17	22	26	27	28	30	33	3	4	5	11	14	16	20	21	25	32	1	1	2	20	0	33	0	79	12	2	0	0	0	
0	3	4	7	8	9	26	27	29	31	6	10	12	14	18	23	25	33	36	37	1	2	57	284	130	0	1395	148	26	3	1	0	0	
2	7	14	16	19	21	24	28	29	31	8	10	12	13	15	20	23	30	32	37	0	3	57	30	20	19	0	0	118	2	0	0	0	
16	18	19	23	25	28	32	35	36	39	1	7	10	11	14	21	29	30	31	33	2	0	90	185	395	0	142	2	29	2	0	0	0	
2	6	8	19	20	21	23	25	33	38	3	5	11	12	18	24	28	31	34	37	1	1	45	26	25	12	0	0	5	0	0	0	0	
5	9	10	11	13	18	20	29	31	34	0	1	3	6	22	23	26	27	28	38	1	2	75	28	0	3823	0	48	43	3	1	0	0	
2	14	16	17	21	23	27	30	33	37	0	5	22	24	26	28	29	31	32	34	1	3	9	77	1169	0	1109	0	14	4	1	0	0	
3	8	9	10	23	28	29	31	32	38	2	7	13	17	20	21	22	24	26	33	1	0	47	151	137	63	62	1	1	0	0	0	0	
5	8	12	13	15	16	20	21	25	36	0	7	10	11	23	24	27	33	34	35	1	1	22	13	0	2939	2656	0	27	1	0	0	0	
5	9	13	16	20	21	27	28	33	37	2	3	4	7	8	15	17	29	31	32	3	2	42	19	0	9626	0	71	13	1	1	0	0	
1	6	7	14	22	30	31	33	36	38	3	4	9	18	19	20	23	25	26	28	3	3	94	87	41	0	138	31	0	0	1	0	0	
9	17	18	20	21	24	27	31	38	39	1	6	8	10	11	14	15	19	26	29	0	0	96	271	0	2829	3592	83	95	1	0	0	0	
1	3	6	17	21	27	28	29	31	36	4	5	7	11	14	22	23	25	37	39	3	1	43	23	0	0	1452	0	36	4	1	0	0	
0	4	7	10	15	20	23	24	34	35	2	5	14	17	21	25	26	27	36	37	2	2	66	14	0	46	32	0	8	0	0	0	0	
7	8	13	16	17	19	21	24	27	30	1	9	12	14	15	20	23	31	35	39	1	3	68	73	891	0	108	1	26	1	0	0	0	
9	12	15	16	22	25	26	29	30	37	5	6	10	14	17	18	20	23	38	39	3	0	73	152	54	1420	25	0	8	0	1	0	0	
1	2	7	9	11	15	22	23	26	36	5	10	13	14	21	24	28	32	35	38	2	1	85	28	10	0	38	0	0	3	1	0	0	
0	5	7	9	18	19	27	28	33	34	3	4	6	8	21	24	29	31	37	39	1	2	100	56	488	27	0	1	9	4	1	0	0	
3	6	8	12	16	22	27	29	37	38	0	2	4	10	13	23	24	30	31	35	1	3	0	6	29	7	8	7	0	3	1	0	0	
0	7	11	13	14	21	24	25	26	31	1	2	3	5	20	23	27	29	30	33	3	0	5	145	5575	52	0	183	12	0	0	0	0	
5	16	17	28	30	31	32	33	37	38	2	7	9	14	19	20	21	23	24	36	0	1	57	14	30	0	20	1	14	1	1	0	0	
0	12	16	21	22	23	24	29	38	39	7	8	10	14	18	26	27	33	36	37	1	2	86	19	0	24	11	0	7	1	0	0	0	
3	8	9	10	12	15	17	20	21	24	4	5	14	18	22	31	34	35	37	38	2	3	48	72	46	39	0	0	4	1	1	0	0	
8	13	14	20	21	22	27	32	33	36	0	6	7	9	12	16	19	28	29	37	1	0	93	155	0	4912	19	0	19	3	1	0	0	
12	15	17	18	19	20	21	23	28	39	1	2	3	10	16	24	29	30	31	38	3	1	73	172	3591	0	4108	2	84	1	1	0	0	
3	4	12	15	16	17	26	28	30	36	0	5	9	10	13	22	29	37	38	39	0	2	51	19	7	13	0	0	187	0	1	0	0	
3	5	8	11	19	24	26	29	31	36	0	1	6	10	13	15	16	17	34	37	1	3	103	25	27	0	32	16	11	0	1	0	0	
3	5	7	11	12	20	21	23	26	27	2	6	16	22	25	30	31	36	37	39	2	0	55	214	449	205	93	1	0	2	0	1	0	
0	6	7	9	15	22	25	27	29	34	4	8	10	11	16	17	21	32	35	36	1	1	55	0	50	107	70	0	30	5	0	1	0	
2	3	9	10	19	20	23	26	28	31	14	16	17	18	22	27	34	37	38	39	3	2	117	20	71	0	40	156	75	0	0	0	0	
0	4	10	19	24	27	30	35	36	38	1	2	5	9	17	18	28	31	34	39	2	3	62	25	33	3370	0	33	0	27	0	0	0	
1	2	14	22	25	28	30	32	35	37	0	7	18	23	26	27	29	34	36	39	0	0	60	122	554	34	433	0	0	0	1	0	0	
0	6	7	8	11	13	17	25	34	39	4	5	14	26	28	29	32	36	37	38	1	1	67	47	0	63	77	0	97	7	0	0	0	
0	1	5	14	22	24	31	35	36	37	6	7	8	11	16	23	29	30	32	38	1	2	26	169	26	0	101	52	5	1	0	0	0	
0	4	6	8	14	20	21	28	35	36	3	5	10	17	18	19	24	33	34	37	3	3	22	37	9	0	329	3	0	16	0	1	0	
3	5	11	14	17	19	23	27	31	36	0	4	6	12	20	22	25	28	30	38	0	0	66	176	16	1768	0	247	3	0	1	0	0	
1	2	3	5	6	7	10	25	30	39	4	11	15	18	19	29	31	32	33	38	2	1	27	50	0	38	0	96	32	2	0	0	0	
0	5	14	17	21	22	23	30	31	38	1	6	15	25	27	32	34	35	36	37	2	2	3	65	15	65	67	0	0	0	0	1	0	
7	8	9	11	15	18	21	27	35	37	1	5	6	13	17	19	23	28	30	31	3	3	62	24	309	8	0	283	113	3	0	0	0	
1	2	3	5	7	8	12	21	25	30	6	11	17	22	27	28	31	35	38	39	3	0	72	129	0	0	37	72	5	1	0	0	0	
0	3	4	5	8	12	20	30	31	37	1	2	11	13	15	17	22	26	28	32	3	1	29	57	13	0	132	1	7	1	0	0	0	
2	3	5	7	12	19	24	25	27	31	8	9	18	21	22	23	29	33	34	38	2	2	86	0	90	210	127	1	0	1	0	0	0	
4	5	6	10	13	16	31	36	38	39	0	7	8	15	18	21	23	25	27	32	0	3	46	72	43	248	0	147	153	0	1	0	0	
0	4	5	7	11	14	18	19	20	36	3	6	12	13	17	22	28	30	32	38	1	0	68	186	416	0	241	0	154	1	1	0	0	
1	11	14	20	24	25	27	30	32	37	2	6	10	17	21	22	26	28	33	34	2	1	45	0	91	4131	22	21	0	5	1	0	0	
5	8	18	21	22	23	26	29	35	38	2	4	6	11	12	14	15	27	31	33	3	2	50	19	0	4041	0	76	12	1	0	0	0	
0	1	2	4	14	17	20	25	32	37	5	6	8	9	10	22	29	30	36	38	1	3	36	4	16	0	4524	196	16	4	0	0	0	
1	4	6	11	19	20	24	29	30	34	2	3	5	12	13	16	28	32	36	39	3	0	79	96	0	74	120	159	0	1	0	0	0	
4	5	10	11	20	22	23	31	33	37	3	7	8	9	14	17	19	26	30	39	0	1	30	19	0	56	18	16	13	0	0	0	0	
0	1	9	11	17	18	23	24	29	35	2	7	8	12	21	22	25	26	30	32	1	2	42	13	0	0	93	1	6	0	1	0	0	
4	14	15	17	18	19	20	27	32	37	0	5	6	8	9	11	25	30	31	35	0	3	63	125	563	358	0	202	19	0	0	0	0	
1	11	13	18	19	22	28	29	32	34	2	4	7	9	12	20	21	23	24	27	1	0	40	98	32	0	314	316	156	8	1	0	0	
6	8	11	19	22	27	28	31	33	36	0	2	7	12	16	17	18	24	29	35	1	1	106	12	0	46	309	113	70	6	1	1	0	
2	4	15	19	20	22	23	32	33	38	7	8	10	12	18	25	26	34	35	36	3	2	55	16	0	6	0	48	0	3	0	0	0	
3	10	17	18	22	27	28	30	37	39	2	8	9	14	16	21	29	32	33	36	3	3	75	15	11	15	369	23	5	0	1	1	0	
0	1	2	9	12	14	20	26	32	34	3	15	21	23	24	25	27	28	30	35	2	0	85	60	0	0	60	17	0	0	1	1	0	
0	3	4	7	9	14	18	29	36	39	2	6	12	16	17	19	21	27	30	34	2	1	64	13	0	23	0	0	156	17	1	0	0	
0	4	6	9	13	14	16	27	30	35	5	12	15	18	25	28	33	34	36	37	1	2	22	16	315	0	73	54	77	0	1	0	0	
5	7	8	9	23	25	29	30	34	38	1	2	16	17	19	20	24	31	35	39	2	3	105	159	61	65	5362	0	68	3	1	0	0	
1	2	7	11	14	15	21	27	35	38	0	4	6	8	9	17	18	19	30	39	0	0	118	62	10	0	16	0	33	0	0	0	0	
1	3	7	14	18	28	30	33	34	36	4	9	17	20	21	22	26	31	32	38	1	1	43	29	132	14	0	29	5	0	0	0	0	
6	8	11	17	22	23	33	35	36	37	2	3	10	14	15	19	20	21	24	39	0	2	50	0	0	24	27	0	81	3	1	0	0	
1	3	7	15	22	26	32	33	36	37	0	4	5	6	10	14	25	27	29	38	2	3	54	65	9	17	33	0	222	13	0	0	0	
7	8	12	14	23	24	26	28	29	30	0	3	4	5	9	13	21	35	37	39	0	0	120	252	472	28	0	1	0	1	0	0	0	
11	19	23	27	28	29	30	34	35	38	1	3	6	12	14	15	20	22	26	32	3	1	32	49	284	104	149	0	3	1	0	0	0	
1	8	9	13	16	18	20	22	27	35	3	4	7	10	11	28	30	33	34	38	3	2	41	0	4446	15	169	144	22	0	1	0	0	
12	15	21	23	25	28	29	30	36	37	4	5	6	7	8	9	17	18	32	38	1	3	94	36	934	1329	50	2	1	0	0	0	0	
0	2	3	4	6	21	23	26	30	36	1	7	12	17	18	22	25	33	34	38	0	0	63	178	23	71	661	7	8	8	0	0	0	
2	3	17	19	24	28	31	33	34	38	4	5	8	9	10	11	13	15	27	30	1	1	117	10	0	568	0	50	99	1	0	1	0	
5	6	9	10	14	19	21	22	31	32	1	2	8	12	15	17	24	35	36	37	2	2	53	29	13	0	0	0	4	1	0	0	0	
2	7	8	11	13	19	26	27	30	34	3	10	12	14	15	18	23	29	31	37	3	3	46	12	176	0	82	0	5	1	0	0	0	
0	3	4	8	9	15	19	28	32	35	11	18	21	22	23	24	26	27	33	38	1	0	62	228	1918	50	20	0	0	13	1	0	0	
0	3	14	17	23	26	31	32	36	38	4	7	9	13	16	18	20	25	28	35	2	1	83	18	0	29	0	55	0	2	1	0	0	
1	5	8	16	17	19	24	25	33	36	2	10	12	14	18	21	22	23	27	37	0	2	39	36	501	0	2145	0	2	2	1	0	0	
7	8	11	12	15	19	30	35	37	39	1	3	9	23	25	27	28	31	32	38	0	3	110	24	0	2911	1039	79	7	2	0	0	0	
0	1	6	11	14	18	21	28	34	36	4	5	7	9	16	19	20	22	26	35	1	0	73	77	15	89	20	0	9	1	0	0	0	
7	8	10	13	14	16	17	28	31	37	3	9	21	23	26	27	30	34	38	39	1	1	92	40	390	0	2213	16	0	1	1	0	0	
2	5	8	9	10	15	28	29	30	36	11	12	13	16	18	19	21	32	35	39	3	2	76	21	0	27	32	1	0	2	0	0	0	
4	5	10	13	14	16	19	22	27	34	3	20	23	24	25	26	28	32	35	36	0	3	3	16	34	9	85	0	5	0	0	0	0	
0	4	6	19	21	23	24	26	35	39	2	7	11	15	16	17	33	36	37	38	0	0	22	162	11	0	78	29	28	0	0	0	0	
1	4	8	9	15	17	28	30	38	39	0	10	12	19	21	22	25	27	31	36	2	1	51	33	49	0	0	59	29	0	1	0	0	
0	1	3	4	16	20	21	33	37	38	5	7	9	11	14	22	24	25	31	39	0	2	97	14	44	0	1327	1	0	2	1	0	0	
7	8	9	12	20	27	29	30	37	38	0	1	3	11	14	18	33	34	36	39	2	3	71	12	12	0	59	0	30	23	1	0	0	
2	6	8	11	16	17	21	28	36	37	3	7	12	15	25	27	31	32	35	38	3	0	75	281	19	0	321	0	5	1	1	0	0	
2	5	6	9	10	12	23	25	29	38	13	14	17	18	20	22	26	28	31	39	0	1	72	63	991	12	0	1	0	0	1	0	0	
6	16	17	21	26	27	31	35	38	39	0	1	4	10	12	18	20	23	32	37	0	2	48	75	0	0	8081	13	2	1	0	0	0	
1	3	5	23	27	29	30	31	36	38	0	2	7	21	22	28	32	34	35	37	3	3	85	131	11	268	910	86	24	3	0	7	0	
0	6	8	17	23	25	27	30	32	33	5	10	14	18	21	24	28	34	36	39	3	0	45	68	855	0	49	0	36	0	1	0	0	
1	5	13	14	16	20	25	33	36	38	6	9	10	12	15	18	19	22	23	30	3	1	29	8	0	58	15	0	15	3	1	0	0	
0	2	7	13	14	17	18	24	35	36	1	3	4	8	12	15	19	25	30	32	3	2	4	17	969	17	0	12	1	2	0	0	0	
2	6	9	11	12	21	24	27	28	39	0	3	5	15	19	20	30	31	32	34	0	3	91	0	0	0	4293	3	17	2	1	0	0	
0	2	4	7	14	16	24	29	33	39	6	12	15	17	18	19	21	34	35	37	1	0	87	191	0	79	19	59	6	0	1	0	0	
1	6	8	12	14	16	18	24	26	39	5	10	13	19	20	22	25	28	30	38	1	1	88	31	0	4192	81	0	0	0	1	0	0	
6	11	17	18	20	23	28	32	35	36	1	2	16	22	24	25	29	30	33	34	2	2	70	35	17	18	74	31	0	5	1	0	0	
6	9	10	13	15	16	25	29	30	33	2	7	17	18	19	27	28	31	34	35	2	3	60	29	0	2785	23	24	0	12	1	0	0	
0	4	8	10	13	15	19	25	28	32	2	11	12	16	18	22	24	27	33	39	2	0	73	248	53	0	73	71	25	0	0	0	0	
1	4	14	20	22	23	24	25	27	29	11	12	13	15	18	19	28	32	36	39	3	1	11	115	81	69	383	120	134	5	0	0	0	
2	7	8	12	13	16	17	22	23	27	6	14	15	19	24	26	29	31	33	36	1	2	62	82	29	0	1122	1	21	7	1	1	0	
1	6	9	11	13	23	24	26	35	38	0	2	4	10	15	17	18	20	27	36	3	3	47	20	84	9	40	0	13	1	0	0	0	
4	10	12	14	15	18	22	26	32	39	1	9	16	20	21	24	27	29	34	38	2	0	85	775	2239	261	217	141	44	0	1	0	0	
0	4	5	8	11	17	22	26	28	35	2	6	9	12	13	19	24	27	29	39	1	1	97	22	30	61	1816	0	6	0	0	0	0	
8	12	15	26	27	30	33	35	36	37	2	3	7	9	13	18	20	21	25	38	1	2	38	13	0	133	34	0	171	2	0	0	0	
3	11	13	23	28	32	33	35	37	39	0	4	5	12	17	22	24	29	34	36	0	3	43	26	0	111	0	121	23	16	1	0	0	
13	14	18	21	23	29	30	31	33	38	4	5	7	11	12	19	26	28	34	39	0	0	82	161	410	201	272	0	11	2	1	0	0	
1	6	8	15	23	25	30	35	37	38	2	19	21	24	28	29	31	32	34	39	1	1	54	23	0	100	563	0	28	8	1	0	0	
7	9	12	15	16	20	21	29	32	37	1	10	11	19	28	30	34	36	38	39	1	2	88	31	9	10	0	67	10	0	0	0	0	
3	4	5	7	11	17	19	30	36	38	1	6	10	14	18	25	26	32	34	35	0	3	63	112	668	20	26	70	8	4	1	0	0	
6	7	12	17	18	26	27	29	30	34	4	5	8	9	11	16	22	31	32	37	3	0	41	72	0	23	101	1	10	1	1	0	0	
3	6	11	15	16	21	22	30	32	39	1	4	8	9	19	25	27	31	36	38	2	1	72	35	18	0	0	25	0	13	1	0	0	
0	7	11	16	20	26	30	33	36	38	8	9	12	17	18	19	24	32	34	35	0	2	102	18	9	0	40	83	8	0	1	0	0	
3	4	7	9	12	13	15	20	26	31	0	6	10	14	18	21	22	27	29	34	3	3	11	56	187	6	25	5	0	0	0	0	0	
1	2	11	12	18	19	25	29	35	36	0	4	7	8	20	21	26	30	33	34	0	0	77	64	32	0	0	131	19	2	1	0	0	
2	3	13	18	26	27	30	31	34	39	4	5	6	8	9	10	15	24	33	36	1	1	32	8	0	935	0	130	8	0	0	0	0	
3	5	7	12	22	27	28	31	34	37	1	2	14	15	18	21	29	33	38	39	3	2	73	36	222	0	14	28	18	1	0	1	0	
4	5	9	10	14	20	28	31	33	37	0	1	7	12	17	23	26	30	35	39	1	3	22	18	14	22	0	60	0	4	0	1	0	
1	5	8	17	25	28	33	36	37	39	2	11	15	18	19	20	21	27	30	35	2	0	58	223	1130	0	0	41	15	6	1	0	0	
1	3	6	13	19	30	31	35	36	39	2	5	8	9	18	21	22	27	33	37	2	1	87	169	243	99	230	0	48	3	1	0	0	
5	18	20	21	24	25	26	29	33	39	2	3	6	12	13	31	32	36	37	38	3	2	80	0	24982	74	0	238	30	4	1	0	0	
0	7	9	21	24	25	26	29	33	39	2	8	12	13	16	18	19	20	36	38	2	3	98	38	41	185	277	92	7	7	0	1	0	
6	8	11	15	17	20	21	24	34	38	0	5	9	10	16	25	29	32	33	35	1	0	65	123	54	8	0	1	0	3	0	0	0	
4	5	11	15	16	19	21	27	31	35	6	7	13	17	18	22	24	25	26	38	2	1	93	26	0	18	0	170	19	12	0	0	0	
8	9	10	11	13	17	26	27	36	37	0	2	5	7	19	20	33	35	38	39	1	2	87	4	0	2132	0	1	0	8	0	0	0	
0	7	8	22	24	28	30	31	32	34	11	13	14	18	19	27	29	33	37	39	0	3	100	37	1218	0	495	40	7	1	0	0	0	
9	14	20	22	24	27	28	30	33	34	4	6	8	11	12	15	18	23	26	38	1	0	49	134	5481	124	68	0	15	0	0	0	0	
4	5	7	15	16	20	23	26	31	33	1	2	11	13	29	30	32	37	38	39	1	1	28	8	19	0	18	10	0	0	0	0	0	
4	7	9	11	14	22	29	32	36	39	6	8	12	13	15	16	30	31	34	37	2	2	51	30	25	198	69	0	5	0	0	0	0	
1	3	8	9	13	17	24	25	31	33	0	5	6	19	27	30	32	35	36	38	2	3	20	79	41	15	12	0	0	15	1	0	0	
0	7	9	11	15	22	24	26	36	37	1	2	4	13	21	27	29	30	33	39	3	0	79	206	0	7	47	9	0	1	1	0	0	
1	11	13	14	17	18	20	25	27	34	0	6	8	22	24	28	31	35	38	39	1	1	67	18	1219	133	0	159	202	0	1	0	0	
0	5	8	9	18	20	26	37	38	39	1	6	13	16	17	22	25	28	29	33	1	2	82	25	619	0	63	0	15	2	1	0	0	
6	11	13	23	25	28	31	35	38	39	2	4	7	8	9	12	16	18	21	36	3	3	68	30	1503	16	0	0	183	2	1	0	0	
3	5	6	8	14	21	23	26	28	37	1	2	7	10	12	19	20	34	36	39	3	0	42	177	1495	28	0	1	0	13	0	0	0	
1	4	9	13	16	22	27	35	36	38	2	6	11	14	15	17	18	26	34	37	2	1	30	15	0	45	43	1	0	4	1	1	0	
4	7	8	11	13	20	22	27	29	30	1	2	5	12	16	24	32	34	35	37	0	2	81	60	0	196	15596	0	43	3	0	0	0	
4	6	10	15	18	22	25	33	36	39	1	3	8	9	23	27	29	32	34	35	2	3	84	26	307	0	1108	0	6	1	0	0	0	
1	2	9	16	24	26	28	29	33	34	0	5	10	11	18	20	21	22	36	37	2	0	79	72	0	0	54	0	0	4	0	0	0	
1	5	6	9	18	19	27	28	29	35	4	13	14	15	22	23	24	30	34	39	0	1	80	15	0	402	15	1	0	3	0	0	0	
0	6	8	18	20	33	34	36	38	39	3	10	13	22	23	24	25	27	30	31	0	2	46	0	11632	395	255	1	75	3	0	0	0	
5	6	10	15	19	27	31	32	35	37	7	9	11	13	16	20	25	29	33	38	3	3	86	63	16	11	34	21	0	0	1	0	0	
2	5	6	7	14	21	23	28	33	39	3	8	11	12	15	17	19	32	34	35	2	0	36	196	73	27	0	2	9	4	1	0	0	
1	4	7	11	15	17	24	32	35	36	0	6	9	10	13	19	20	25	28	37	0	1	69	0	59	78	48	54	0	10	1	0	0	
0	2	15	18	19	20	23	25	30	35	5	7	21	27	29	32	33	36	37	39	3	2	51	5	30	13	0	26	0	2	0	0	0	
5	9	10	14	15	16	22	23	25	33	1	2	4	6	12	18	20	32	35	36	3	3	15	30	14	10	18	0	31	0	1	0	0	
7	10	13	19	21	25	26	27	29	32	1	2	3	6	20	22	23	24	34	36	0	0	18	187	146	178	7396	83	0	7	0	0	0	
6	9	16	22	23	25	27	29	31	33	0	13	14	15	17	19	34	35	37	39	1	1	54	26	0	0	193	201	84	7	0	0	0	
6	8	9	18	21	23	25	27	28	30	1	3	4	7	10	14	17	26	31	36	2	2	82	37	1390	0	495	0	202	5	2	0	0	
1	7	16	21	25	27	28	29	34	35	0	10	11	18	19	20	22	23	24	38	1	3	114	0	9366	2628	209	374	6	3	1	0	0	
9	11	15	17	22	25	30	31	35	39	2	3	5	6	10	23	26	29	33	37	0	0	56	113	0	1797	0	1	0	3	1	0	0	
3	6	7	13	17	19	24	28	31	38	0	4	5	12	22	27	30	32	35	36	3	1	57	14	73	0	3901	69	2	1	0	0	0	
2	7	8	16	17	18	22	28	37	39	4	6	19	20	25	29	33	35	36	38	3	2	94	28	0	2546	0	39	1	1	0	0	0	
1	4	8	16	18	21	26	31	34	39	2	3	7	10	20	22	25	32	36	37	2	3	22	13	6	46	0	54	28	4	1	0	0	
1	5	7	16	21	24	27	36	38	39	0	3	13	15	17	18	23	26	31	33	1	0	80	71	20	0	1818	1	18	1	0	0	0	
1	3	7	10	12	15	16	18	20	31	2	19	21	22	23	25	28	33	34	37	0	1	21	21	0	194	11863	346	25	16	0	0	0	
8	11	13	15	19	28	34	36	37	38	1	7	12	18	21	24	26	30	31	32	1	2	109	12	0	4725	20	25	19	0	1	0	0	
0	2	4	8	11	20	27	28	33	34	6	14	17	22	24	26	31	35	36	38	3	3	52	30	458	13	20	0	0	1	0	0	0	
1	2	9	15	16	21	22	25	32	35	6	7	11	12	26	29	33	36	38	39	0	0	51	68	0	33	0	254	81	0	1	1	0	
4	6	11	15	18	20	21	22	30	36	0	5	7	8	16	25	26	31	33	34	1	1	33	14	41	0	30	128	0	0	1	0	0	
0	2	4	8	17	22	23	24	34	37	10	11	16	21	25	26	27	32	35	39	1	2	55	0	138	0	147	1	26	5	0	0	0	
2	5	12	19	20	21	22	25	31	34	0	1	3	4	7	13	27	30	32	38	3	3	31	36	109	0	83	47	0	7	0	0	0	
4	5	18	19	23	30	33	35	36	38	2	3	7	11	13	14	16	27	32	34	1	0	82	169	0	53	11	0	73	3	1	0	0	
5	12	16	18	19	23	25	28	30	36	7	8	13	24	26	27	29	31	32	35	2	1	68	35	950	32	5	0	56	1	1	0	0	
1	3	4	11	16	21	25	29	35	36	0	6	7	9	12	13	14	15	24	26	0	2	62	11	0	21	0	179	106	1	0	0	0	
2	5	8	11	12	15	19	31	34	37	1	3	10	13	14	21	22	33	36	38	1	3	70	75	731	0	104	121	36	3	1	0	0	
2	3	8	10	14	18	27	30	37	39	0	1	11	19	26	28	31	34	36	38	2	0	36	82	0	0	223	50	13	3	1	0	0	
17	20	21	22	23	29	32	34	35	36	1	3	5	10	18	24	26	28	33	38	2	1	98	143	41	2394	0	0	11	3	0	0	0	
0	1	6	10	11	15	19	20	25	33	3	4	21	26	27	29	31	35	36	38	2	2	51	15	10	16	149	0	77	4	1	0	0	
6	12	21	23	24	25	29	32	36	38	0	2	8	10	11	16	20	34	37	39	2	3	85	0	2228	138	1319	54	54	0	1	0	0	
1	7	18	23	25	28	29	32	35	36	0	8	10	20	21	31	33	34	37	39	2	0	113	133	0	0	939	0	11	3	0	0	0	
7	11	12	14	17	19	20	21	31	34	0	10	15	18	23	24	26	27	28	35	0	1	18	36	0	0	0	475	4	6	1	0	0	
0	8	10	11	14	15	16	21	31	34	1	4	7	9	18	20	25	26	33	35	3	2	6	63	0	54	65	0	0	0	0	0	0	
0	1	2	11	13	19	24	26	27	28	3	6	10	12	15	18	25	30	33	36	3	3	15	55	17	71	133	10	12	2	0	0	0	
2	4	7	9	11	14	15	17	32	33	16	18	23	24	28	29	34	37	38	39	0	0	80	283	58	229	749	49	0	2	0	0	0	
2	7	8	12	13	25	27	32	38	39	4	9	10	15	16	18	29	31	35	37	3	1	102	0	0	50	15	9	0	5	0	0	0	
3	4	13	14	16	17	23	28	36	39	2	5	6	8	12	24	26	32	37	38	1	2	80	0	17	0	326	40	3	0	1	0	0	
0	7	8	9	19	26	30	33	37	38	2	3	5	15	16	18	21	22	29	32	3	3	80	0	6308	66	120	15	22	0	1	0	0	
5	10	13	15	16	20	23	30	31	39	2	3	7	18	19	24	26	28	32	38	3	0	83	149	7	0	111	108	15	1	0	0	0	
2	3	11	17	20	27	30	31	36	37	0	5	9	12	16	26	28	32	34	35	3	1	66	28	0	1847	0	0	1	0	1	0	0	
7	13	14	19	20	23	28	32	33	36	4	5	6	17	18	21	24	30	37	38	2	2	67	21	27	0	0	0	37	0	1	0	0	
1	2	11	19	22	24	29	31	35	38	0	9	12	13	21	25	30	32	34	37	0	3	71	35	15	11	20	0	86	0	0	0	0	
1	3	5	8	12	21	22	23	37	38	7	9	10	14	16	19	20	26	27	39	2	0	72	85	9	0	0	20	0	4	0	0	0	
6	8	9	17	21	22	25	26	30	38	1	4	5	11	16	19	27	29	33	35	2	1	92	0	4282	32	0	1	4	1	0	0	0	
1	2	9	19	22	23	24	25	30	34	6	8	12	18	21	26	28	29	37	38	1	2	49	13	5	0	0	0	0	0	1	0	0	
2	3	7	9	17	19	25	31	36	39	4	6	12	13	15	16	22	26	27	29	1	3	90	18	28	0	0	17	5	1	0	0	0	
0	1	11	19	24	25	28	32	34	35	7	12	13	16	23	27	30	31	37	38	1	0	33	156	0	18	21	343	16	0	0	0	0	
0	4	5	10	19	25	26	27	38	39	2	3	11	13	15	22	31	32	35	36	3	1	69	86	912	0	387	0	49	2	0	0	0	
0	5	16	17	20	25	26	27	35	37	1	3	4	13	15	21	29	30	34	39	3	2	23	52	15	0	32	0	7	0	1	0	0	
5	9	11	13	21	26	27	29	34	35	0	2	4	7	8	10	15	20	22	31	0	3	84	84	0	140	201	38	47	10	0	2	0	
1	7	14	18	19	28	30	31	32	33	0	3	4	10	21	23	27	29	37	38	1	0	87	32	0	12	43	0	4	0	0	0	0	
3	10	14	18	20	22	23	25	29	34	1	2	6	7	12	28	31	32	37	39	3	1	71	0	7459	62	310	246	18	2	1	0	0	
2	9	11	14	17	26	28	33	37	39	1	3	4	12	16	20	21	27	31	32	0	2	23	18	124	24	0	18	0	1	0	0	0	
2	6	8	17	18	22	23	24	25	38	0	4	5	12	13	14	16	30	33	34	0	3	34	21	11	0	77	1	81	1	0	0	0	
3	6	7	10	18	25	26	29	32	37	0	4	11	13	17	23	24	28	31	38	1	0	98	64	562	0	27	0	38	2	0	0	0	
0	3	7	12	21	31	32	34	36	38	1	2	4	10	13	15	16	19	26	28	1	1	84	0	197	0	221	186	41	2	1	6	0	
6	8	10	11	15	20	22	24	27	28	2	18	23	25	32	34	35	36	37	39	1	2	5	96	43	41	101	2	0	0	0	0	0	
0	11	13	23	25	26	31	33	36	37	1	6	12	14	22	28	29	32	38	39	1	3	40	119	0	78	7513	18	7	2	1	0	0	
2	3	5	8	14	16	17	28	32	37	0	7	9	13	19	22	23	24	33	35	2	0	49	127	0	162	7	0	64	2	0	0	0	
9	12	16	21	24	30	31	32	38	39	3	10	11	17	18	19	23	25	29	33	1	1	106	12	22	0	0	1	2	1	0	1	0	
0	2	10	11	13	14	16	26	30	37	7	9	12	17	27	28	31	32	33	34	3	2	48	31	36	12	11	0	0	2	0	0	0	
2	7	12	13	17	19	33	35	37	39	6	8	9	18	20	22	23	24	32	38	2	3	79	35	0	81	144	68	30	4	1	0	0	
1	7	11	12	14	16	21	27	36	38	2	3	4	6	8	10	13	22	30	37	0	0	33	67	0	38	0	121	16	1	0	0	0	
3	4	5	6	10	11	13	14	22	37	1	12	20	21	23	25	26	28	31	34	1	1	0	17	371	5	0	8	1	0	0	0	0	
4	6	8	10	14	16	18	31	33	37	0	9	15	22	25	26	28	29	35	39	0	2	62	72	774	252	0	28	3	0	1	0	0	
0	3	7	10	12	13	18	28	36	38	1	11	16	20	22	25	31	33	37	39	2	3	46	34	0	1898	44	54	10	7	0	0	0	
0	2	4	7	12	13	23	33	34	37	3	5	9	10	11	14	19	22	28	30	1	0	62	101	0	108	0	118	478	9	0	1	0	
9	14	17	19	20	26	27	28	31	35	0	5	8	10	21	22	23	25	38	39	2	1	106	18	0	35	14	12	5	0	0	0	0	
4	6	13	14	18	26	35	37	38	39	2	3	7	8	11	12	15	22	28	29	0	2	79	18	30	0	4669	0	12	3	1	0	0	
7	9	14	19	20	26	30	33	35	39	0	3	8	13	17	18	21	29	34	38	1	3	108	48	0	3562	37	0	9	6	0	1	0	
0	1	4	13	17	22	27	32	33	38	2	3	9	10	14	25	31	34	36	37	0	0	47	100	0	35	514	15	3	0	1	0	0	
2	7	10	18	19	24	33	37	38	39	0	1	3	8	9	15	25	27	28	34	3	1	120	17	35	85	0	1	0	5	0	0	0	
2	5	8	13	19	22	26	29	35	39	3	9	12	14	15	16	24	32	33	38	3	2	82	32	40	7	0	0	30	2	0	0	0	
3	13	15	17	19	22	26	29	37	39	2	6	8	12	18	24	28	30	31	33	1	3	118	40	189	16	8	4	0	7	0	0	0	
3	6	8	9	12	15	18	28	35	36	5	21	23	24	25	26	29	30	32	39	0	0	104	75	31	0	0	0	129	0	1	0	0	
1	2	5	11	24	29	31	34	36	39	0	6	13	18	19	22	23	27	33	37	3	1	83	31	59	76	1135	44	12	0	1	0	0	
1	2	10	11	15	19	22	23	30	35	3	12	13	16	17	18	24	31	34	37	2	2	0	0	0	78	0	0	12	1	0	0	0	
0	2	6	7	14	24	27	32	37	38	4	10	11	17	19	21	26	29	35	39	3	3	40	28	0	63	19	19	0	3	0	0	0	
7	12	22	23	31	32	34	35	36	39	3	6	8	9	10	13	19	24	26	37	0	0	57	126	2972	126	100	388	36	2	1	0	0	
0	5	7	10	15	22	25	32	34	35	3	4	9	14	17	19	26	30	31	33	0	1	73	17	60	26	52	0	4	2	1	0	0	
0	1	6	9	10	12	21	34	38	39	5	13	15	17	19	24	25	26	29	30	1	2	81	33	338	0	50	0	0	1	1	0	0	
2	4	7	10	18	27	30	32	33	36	1	5	11	15	19	24	29	31	37	39	0	3	92	0	3225	252	0	7	0	2	1	0	0	
0	8	13	17	18	24	27	30	31	32	1	3	4	7	10	19	20	21	23	25	2	0	44	47	18	0	2894	165	0	7	0	0	0	
3	5	8	11	13	17	18	19	23	34	2	7	10	21	26	27	30	32	36	38	1	1	69	0	45	119	0	1	121	3	1	2	0	
3	10	13	15	16	20	27	28	34	37	0	2	4	5	6	18	31	33	36	39	0	2	95	0	47	60	62	147	18	1	0	0	0	
1	2	6	10	12	16	19	22	23	25	3	9	13	15	26	29	32	33	34	39	3	3	100	29	53	27	0	65	7	0	0	0	0	
1	6	11	18	26	27	29	31	32	33	2	9	10	12	13	14	19	23	24	28	0	0	59	47	17	665	0	0	17	0	1	0	0	
2	11	14	15	19	21	22	28	32	38	0	6	8	12	20	23	24	27	29	33	3	1	33	24	0	81	50	0	4	1	0	0	0	
11	14	16	17	19	22	25	28	30	38	0	3	9	18	23	24	32	33	34	35	0	2	78	200	89	105	54	46	7	0	1	0	0	
1	3	4	14	21	26	27	31	33	39	2	11	16	17	18	19	20	24	32	36	2	3	26	32	0	0	0	184	69	4	0	0	0	
3	4	5	10	13	18	21	27	31	39	6	15	16	19	20	23	24	33	34	37	1	0	54	49	21	7	22	0	6	0	0	0	0	
8	13	14	21	22	26	28	37	38	39	0	9	12	18	19	20	30	31	34	36	2	1	105	0	978	15	16	1	0	3	0	0	0	
0	2	4	6	12	19	24	28	31	38	7	10	13	14	16	26	27	29	30	33	2	2	58	21	0	33	0	0	5	1	0	0	0	
2	7	13	14	17	19	27	28	32	36	3	15	16	18	24	25	33	34	38	39	3	3	111	34	0	178	22	14	0	1	0	0	0	
1	4	8	15	24	25	26	27	29	38	5	7	11	12	18	19	22	32	34	36	1	0	68	161	21	0	0	116	40	13	1	0	0	
0	1	3	4	14	15	20	28	30	38	11	16	19	21	22	26	35	36	37	39	2	1	68	16	0	11	0	68	0	2	0	0	0	
3	6	9	12	15	16	22	25	26	30	1	4	7	21	23	24	27	28	31	32	3	2	57	53	875	0	120	0	8	1	0	0	0	
0	15	19	21	24	25	29	30	33	39	2	10	16	17	20	27	31	32	36	37	3	3	75	41	0	17644	0	264	34	2	0	0	0	
3	6	9	12	14	18	19	24	28	35	8	13	15	17	20	23	31	33	34	38	3	0	83	122	0	3984	596	0	0	12	1	0	0	
5	10	13	21	26	30	32	33	36	37	8	16	19	20	22	24	27	28	31	39	1	1	38	10	0	0	134	0	48	2	0	0	0	
0	4	5	9	11	18	19	28	31	32	10	12	13	16	17	20	24	25	36	39	0	2	99	0	1956	1646	0	35	14	0	0	0	0	
5	7	9	15	18	22	24	26	31	37	0	2	8	10	27	32	33	35	36	39	2	3	40	39	15	503	36	0	111	8	1	0	0	
3	8	15	17	20	24	30	35	36	38	0	4	6	7	13	19	22	26	31	34	2	0	17	136	0	41	11	3	0	1	0	0	0	
0	10	13	15	18	22	31	34	36	39	1	4	14	25	28	29	30	32	35	38	2	1	49	0	138	230	133	0	10	2	0	0	0	
4	9	11	13	14	19	20	21	33	34	5	7	8	10	23	28	30	31	36	37	2	2	46	0	0	37	0	1	17	2	1	0	0	
9	15	19	20	26	27	31	34	36	38	0	2	3	7	13	14	17	18	25	32	0	3	93	26	0	9833	584	47	255	3	1	0	0	
1	7	10	11	18	19	23	24	28	37	6	8	12	13	14	15	16	30	33	38	1	0	76	179	0	103	0	53	0	0	1	0	0	
1	3	8	14	15	25	27	32	34	35	2	11	19	20	21	29	30	31	38	39	1	1	62	48	0	22	0	45	9	6	1	0	0	
4	5	12	17	19	20	26	29	30	37	1	3	8	9	14	16	18	21	31	33	0	2	103	14	0	69	90	2	6	0	1	0	0	
0	5	15	16	18	23	25	27	34	36	1	8	12	22	24	26	30	35	37	38	1	3	25	27	1303	0	1378	0	6	5	1	0	0	
6	8	9	10	14	17	23	25	31	34	3	4	11	13	15	20	29	33	35	38	2	0	46	217	267	0	861	0	5	0	1	0	0	
3	14	16	17	18	27	31	37	38	39	0	7	8	10	21	24	29	30	34	36	3	1	90	0	5366	2499	254	44	23	1	0	0	0	
5	8	11	13	19	23	27	32	34	38	1	2	9	10	12	16	25	26	29	37	3	2	74	14	9	0	22	18	0	3	0	0	0	
7	11	13	17	19	28	31	35	36	37	0	6	9	12	20	23	26	30	38	39	2	3	88	0	5262	0	54	88	38	5	1	0	0	
4	5	8	11	15	18	19	25	33	38	1	2	13	14	17	21	28	32	36	39	2	0	68	96	300	0	0	32	81	10	1	0	0	
0	1	4	6	14	20	22	23	27	38	8	10	11	16	19	26	28	29	32	36	0	1	68	14	35	35	31	1	0	7	0	0	0	
2	7	8	9	10	15	27	29	38	39	3	14	18	20	26	28	33	35	36	37	0	2	93	1	0	1066	0	18	7	0	1	1	0	
0	3	4	8	12	17	22	24	28	38	7	13	14	15	18	21	25	26	31	39	1	3	79	43	1470	0	4143	54	0	1	0	1	0	
6	7	14	15	18	20	24	30	31	39	1	5	8	12	19	21	25	26	32	34	2	0	66	50	7	10	25	0	4	0	1	0	0	
1	6	11	12	15	19	32	33	34	37	2	9	16	22	23	24	27	28	29	31	2	1	103	28	0	58	25	104	120	4	0	0	0	
1	4	8	11	16	18	19	21	26	29	10	15	22	23	28	31	32	34	36	37	2	2	76	116	29	128	3695	0	89	4	1	0	0	
2	5	9	12	13	18	19	30	32	38	0	15	16	22	23	24	29	33	34	37	2	3	62	29	651	132	72	27	7	2	0	0	0	
0	2	10	18	21	22	24	33	36	39	6	8	13	19	20	29	30	34	35	38	2	0	80	120	0	15	46	184	0	7	1	0	0	
5	8	11	14	18	21	32	33	38	39	2	9	13	15	19	20	22	25	26	31	2	1	56	31	0	563	611	75	24	1	1	0	0	
1	6	7	11	13	19	21	34	35	38	3	4	8	12	14	17	18	29	37	39	0	2	81	65	0	81	59	36	10	0	1	0	0	
3	4	11	13	23	25	27	28	31	39	2	5	10	18	20	21	24	29	30	38	3	3	62	91	0	0	50	0	15	3	1	0	0	
2	5	14	16	18	21	23	24	25	33	0	6	10	11	15	17	20	35	37	38	2	0	34	77	424	0	95	64	12	1	1	0	0	
5	8	16	18	19	20	28	34	37	38	1	6	7	10	12	15	21	25	33	36	2	1	70	18	0	2394	127	1	170	0	1	0	0	
8	9	13	15	21	23	24	25	28	32	1	3	5	6	7	16	20	22	30	36	2	2	52	42	0	6094	146	0	20	0	0	0	0	
0	2	3	9	17	20	32	33	35	37	7	11	18	19	21	25	27	31	38	39	2	3	64	23	155	29	0	0	266	2	1	0	0	
0	1	4	7	16	29	31	34	35	39	2	3	9	10	13	21	23	25	27	30	1	0	29	198	21	0	3233	0	123	1	1	0	0	
0	2	5	8	15	16	21	31	32	35	7	10	11	18	22	27	29	36	37	39	0	1	91	23	0	0	20	60	129	0	1	0	0	
5	9	10	17	18	23	28	30	31	36	0	1	15	25	26	27	34	35	38	39	1	2	58	12	0	3681	67	0	3	1	0	0	0	
4	9	11	13	19	21	26	30	34	35	0	6	8	22	23	27	28	33	37	39	0	3	65	16	44	28	0	117	0	11	1	0	0	
5	6	9	10	11	13	28	31	34	39	2	4	7	16	18	23	30	35	36	37	2	0	39	49	301	0	71	58	1	0	0	0	0	
1	3	8	13	14	15	21	26	34	37	6	9	20	23	25	27	28	29	36	38	0	1	36	15	6	317	0	1	43	3	1	0	0	
4	5	6	8	11	21	24	31	35	37	3	9	10	14	17	18	22	23	27	29	3	2	27	55	85	36	0	47	0	0	1	0	0	
1	5	16	19	21	25	30	31	33	37	0	14	15	17	20	23	26	29	32	36	1	3	64	107	0	12	0	58	57	4	0	0	0	
4	10	16	18	24	26	27	30	31	37	5	11	17	19	22	25	29	32	36	38	0	0	32	96	63	71	0	2	9	10	1	0	0	
1	3	14	15	18	22	28	29	34	36	8	13	23	24	25	26	30	31	32	37	1	1	37	27	164	54	0	8	15	2	0	1	0	
6	7	12	16	19	21	23	27	32	33	3	5	8	9	17	18	25	29	35	38	3	2	61	10	0	67	0	0	8	0	1	0	0	
5	8	10	17	25	28	32	33	38	39	2	7	12	20	22	27	29	30	31	35	3	3	113	14	0	9	3	0	26	2	0	0	0	
2	4	7	8	17	20	24	25	31	35	6	9	10	14	16	22	26	27	33	39	1	0	40	161	41	40	0	30	0	1	1	0	0	
0	2	7	13	14	17	18	24	35	36	1	3	4	8	12	15	19	25	30	32	1	1	34	0	40	21	21	0	19	3	1	0	0	
0	6	9	11	13	18	24	27	35	36	1	4	8	19	25	26	31	33	37	39	3	2	73	31	0	4039	859	57	0	2	1	0	0	
14	19	21	23	25	30	32	33	34	35	5	9	20	22	24	27	29	31	36	39	0	3	28	46	0	6429	236	118	23	3	1	0	0	
