Mode: 21 #Games: 1000
p0_0	p0_1	p0_2	p0_3	p0_4	p0_5	p0_6	p0_7	p0_8	p0_9	p2_0	p2_1	p2_2	p2_3	p2_4	p2_5	p2_6	p2_7	p2_8	p2_9	trump	first	fp	t_t0	t_t1	t_t2	t_t3	t_t4	t_t5	t_t6	t_t7	t_t8	t_t9
3	5	12	14	18	20	22	25	31	39	0	4	10	17	26	28	30	32	33	38	1	0	66	154	0	76	1850	19	0	1	0	0	0	
0	3	6	8	11	13	26	30	34	37	2	4	15	17	20	22	31	33	35	39	3	1	49	5	0	0	10353	1256	1	0	0	0	0	
2	8	14	16	17	20	28	29	31	33	0	7	9	11	12	24	25	32	34	38	0	2	87	0	0	29	88	0	33	0	0	0	0	
1	3	5	10	13	18	22	31	36	39	4	6	15	19	21	26	27	28	32	38	2	3	47	26	19	25	20	0	3	1	0	0	0	
3	5	9	14	17	26	27	29	35	37	0	6	12	18	19	23	28	30	36	38	0	0	79	43	0	20	138	0	1	0	0	0	0	
1	5	11	13	19	20	21	30	32	39	7	8	18	22	23	25	27	31	34	36	3	1	62	2	0	59	36	0	9	0	0	0	0	
5	7	10	11	13	17	24	30	35	38	0	3	4	12	19	21	22	29	36	37	0	2	61	27	0	14	112	4	2	0	0	0	0	
0	1	9	15	16	17	20	31	34	38	2	5	7	8	10	13	21	27	28	36	2	3	27	6	0	219	5	45	2	0	0	0	0	
6	8	10	12	16	23	24	26	36	37	1	4	14	15	17	21	30	31	33	39	0	0	13	72	0	1	19	6	0	0	0	0	0	
2	9	10	18	19	27	28	29	33	39	4	6	8	15	16	20	23	26	30	34	1	1	97	10	74	0	67	0	1	0	0	0	0	
1	3	6	7	8	10	16	19	24	34	5	9	12	14	15	17	32	33	35	37	3	2	61	30	0	617	577	0	26	6	5	0	0	
0	7	12	15	16	21	30	33	34	39	2	14	19	22	24	26	28	35	37	38	3	3	70	16	0	353	4930	0	13	0	0	1	0	
9	10	12	18	20	27	33	35	37	39	1	4	6	13	17	21	23	29	32	34	3	0	82	455	0	24	176	77	4	0	0	0	0	
5	8	9	10	16	20	24	27	32	36	0	4	7	15	21	26	31	33	34	38	0	1	49	33	30	28	33	0	0	3	0	0	0	
8	10	15	16	22	23	26	28	34	36	1	5	6	9	11	12	18	33	37	39	0	2	84	11	0	116	25031	229	0	0	0	0	0	
1	5	15	20	23	26	27	29	31	35	3	4	6	9	11	16	17	19	32	36	2	3	71	88	36	148	0	258	0	1	0	0	0	
1	6	10	12	13	14	19	23	29	34	0	4	8	9	16	17	21	32	37	39	1	0	107	348	0	4310	0	2	2	0	0	0	0	
0	13	16	17	19	21	23	25	33	37	2	3	7	11	12	15	26	29	35	36	2	1	41	44	33	0	46	0	16	0	0	0	0	
2	5	6	12	13	18	27	29	31	37	9	14	16	17	22	23	26	28	34	36	2	2	100	12	0	3451	0	0	2	0	0	0	0	
1	4	6	8	9	18	20	27	29	35	11	12	16	23	26	28	32	34	36	39	1	3	51	0	7091	3902	14	58	0	2	0	0	0	
9	12	21	23	28	30	31	32	33	34	6	8	13	15	17	18	25	26	29	39	2	0	104	71	7813	2	0	0	0	0	0	0	0	
3	7	11	13	14	17	19	20	35	36	0	1	2	9	21	25	30	34	38	39	2	1	65	44	3388	0	33	71	0	1	0	0	0	
0	3	6	7	8	14	25	34	35	39	1	2	4	10	13	15	19	20	31	36	0	2	82	100	238	1961	0	1	79	3	0	0	0	
9	10	11	15	16	19	20	23	32	39	3	4	13	14	18	26	29	31	33	34	3	3	83	0	13369	309	170	0	10	0	0	0	0	
1	3	11	13	19	20	28	30	37	39	0	6	7	8	9	16	17	18	26	34	1	0	84	92	86	0	698	0	0	0	0	0	0	
3	5	10	13	14	18	25	33	38	39	8	11	12	17	19	20	23	28	29	37	3	1	77	0	2539	32	26	80	2	0	0	0	0	
0	3	6	10	11	16	21	27	31	36	2	9	18	20	23	25	30	34	35	37	0	2	13	13	22	22	107	0	9	0	0	0	0	
3	7	14	19	20	23	29	33	34	38	9	15	16	22	25	26	32	35	36	37	0	3	41	7	0	4831	19	892	24	0	0	0	0	
2	6	7	8	11	13	14	17	24	27	19	21	23	26	28	29	34	36	37	39	1	0	82	297	76	326	85	37	9	0	0	0	0	
6	7	15	18	26	27	30	31	33	37	0	9	10	11	19	23	24	29	35	36	1	1	62	22	0	5906	0	35	18	1	0	0	0	
0	5	6	10	16	17	18	28	32	34	2	4	7	9	12	21	23	25	27	38	2	2	23	19	68	0	10392	816	0	0	0	0	0	
4	8	10	14	16	19	24	31	33	38	0	6	9	12	17	18	20	30	35	37	3	3	90	39	52	0	755	1	1	0	0	0	0	
4	7	10	12	20	22	29	33	36	39	0	9	16	17	21	23	24	27	32	35	2	0	75	103	0	20	61	21	2	0	0	0	0	
3	7	9	11	13	16	19	22	23	26	1	2	4	8	17	18	20	27	30	31	2	1	4	140	93	28	268	539	2	0	0	0	0	
7	15	16	24	27	28	29	34	36	38	1	2	5	6	14	17	18	19	26	31	2	2	64	25	0	17	67	1	5	0	0	0	0	
7	12	17	20	21	22	26	27	31	36	2	4	15	16	19	23	24	28	32	33	3	3	17	92	0	6	0	44	3	2	0	0	0	
6	7	9	12	19	21	25	32	33	34	4	10	11	13	14	16	18	23	24	26	2	0	55	20	1435	0	2124	0	3	2	0	0	0	
0	5	7	11	13	17	22	25	31	36	10	12	14	20	23	26	28	34	35	39	2	1	26	41	0	181	111	482	3	0	0	0	0	
3	6	9	10	13	21	27	28	31	32	1	5	7	12	15	19	30	33	34	37	0	2	52	14	23	87	0	69	7	0	0	0	0	
2	4	15	22	23	26	32	34	35	39	0	8	10	19	27	29	30	31	33	37	0	3	44	0	6240	0	23	23	0	0	0	0	0	
3	10	15	16	21	25	26	28	34	36	6	7	11	12	17	18	22	23	30	33	3	0	6	1147	0	187	0	167	1	0	0	0	0	
8	11	12	13	14	17	20	30	34	35	1	2	15	19	22	23	24	25	36	39	2	1	74	0	4493	10	42	56	0	0	0	0	0	
4	5	8	13	16	19	20	26	38	39	0	1	10	11	18	22	23	24	27	35	0	2	50	14	33	0	29	14	0	0	0	0	0	
0	4	6	8	21	22	24	27	28	34	2	5	7	11	15	17	18	26	29	37	2	3	82	812	379	12	108	15	0	0	0	0	0	
7	9	11	13	21	27	34	35	36	39	0	14	17	22	24	26	29	32	33	37	3	0	67	321	0	54	0	452	37	7	0	0	0	
14	16	18	21	30	32	33	34	35	36	1	4	7	9	10	11	20	23	29	31	3	1	70	137	861	962	515	0	373	7	0	0	0	
0	4	6	7	14	15	26	31	35	37	3	9	16	17	21	22	24	25	27	34	1	2	20	20	61	46	41	0	0	0	0	0	0	
1	3	9	10	23	25	31	32	33	39	0	5	6	13	17	18	22	28	35	38	0	3	110	4	0	0	65	0	0	0	0	0	0	
0	2	3	10	11	12	20	22	26	35	1	6	8	19	21	23	25	27	30	31	3	0	27	210	0	0	1	3	0	0	0	0	0	
0	8	17	19	20	26	27	31	32	38	1	2	4	12	14	24	25	29	30	36	2	1	80	5	0	1496	0	105	3	0	0	0	0	
0	5	7	8	27	29	31	32	33	39	4	6	11	17	18	20	23	25	28	30	0	2	77	36	0	126	35	2	0	5	0	0	0	
0	1	6	20	23	26	27	28	35	37	3	5	8	10	19	21	24	25	30	39	3	3	43	156	0	404	703	150	20	0	0	0	0	
1	7	12	14	15	17	20	22	26	29	5	6	10	21	28	33	34	35	36	38	2	0	102	584	109	0	14140	201	4	1	0	0	0	
0	8	9	11	12	17	24	28	30	36	2	14	18	20	22	25	27	37	38	39	3	1	67	18	4	0	11	4	0	0	0	0	0	
8	12	15	17	19	23	28	32	34	37	4	6	11	14	16	24	26	27	29	36	1	2	77	25	471	2632	11	194	0	1	0	0	0	
3	8	12	14	15	20	26	27	28	38	4	5	6	10	19	22	23	24	33	35	2	3	68	0	11848	0	193	156	0	0	0	0	0	
2	8	10	14	15	22	26	31	35	36	6	9	12	13	19	23	24	27	33	39	2	0	78	154	0	199	47	0	2	0	0	0	0	
2	5	6	9	15	20	22	27	34	35	4	11	14	19	21	23	31	33	37	39	0	1	60	48	0	235	2390	37	1	0	0	0	0	
0	1	5	10	12	19	21	23	25	33	2	14	16	22	24	26	27	29	30	37	3	2	0	71	16	0	21	221	0	0	0	0	0	
3	4	5	6	7	12	16	17	22	34	0	11	13	14	15	26	27	28	33	39	0	3	63	283	1347	58	0	0	2	2	0	0	0	
2	7	15	16	20	21	27	31	34	37	3	9	10	12	18	19	26	32	35	39	3	0	75	35	0	26	31	10	0	0	0	0	0	
1	2	13	15	16	18	19	26	31	37	3	7	8	11	14	20	25	28	29	39	1	1	95	0	2495	0	0	232	26	3	0	0	0	
0	1	2	10	19	23	25	30	31	35	3	4	5	11	13	17	22	27	36	39	0	2	52	3	0	66	10	0	1	0	0	0	0	
1	17	19	20	23	24	28	32	33	38	0	4	5	7	9	13	21	22	31	37	3	3	58	3	0	27	61	14	3	0	0	0	0	
2	5	7	10	11	18	26	30	33	38	1	6	8	14	24	25	28	31	32	39	2	0	70	111	31	4	27	0	11	0	0	0	0	
1	2	4	14	15	22	25	26	27	37	0	6	9	10	11	18	19	23	24	35	2	1	65	0	9447	0	3263	750	18	1	0	0	0	
1	4	10	11	13	17	22	33	38	39	2	3	8	15	16	23	24	29	31	37	0	2	48	47	49	254	0	211	31	1	0	0	0	
0	1	2	3	10	11	25	32	34	36	5	6	12	15	23	27	30	31	33	38	2	3	6	0	0	19	0	1	0	0	0	0	0	
0	3	5	10	11	17	20	27	29	39	1	9	13	16	24	26	28	31	32	33	1	0	81	83	17	0	2251	9	3	0	0	0	0	
5	7	10	13	16	19	22	33	35	36	2	4	8	12	17	20	21	28	30	34	3	1	67	0	29	12	0	70	0	1	0	0	0	
8	18	19	21	25	31	32	33	34	35	5	7	11	13	15	17	24	27	37	38	0	2	55	0	0	66	343	0	13	0	0	0	0	
13	16	19	20	28	30	31	32	33	37	0	2	10	11	12	14	15	18	25	36	0	3	9	113	0	134	106	50	0	0	0	0	0	
2	6	9	10	14	18	19	22	24	36	1	3	4	16	25	29	30	31	32	38	0	0	95	483	155	26	21	0	6	0	0	0	0	
0	12	17	22	27	28	29	30	31	32	1	8	11	14	20	21	33	34	35	39	1	1	59	0	51	0	4618	1	1	0	0	0	0	
0	1	9	10	19	22	26	27	29	38	3	14	15	16	18	21	25	35	37	39	3	2	98	13	15	0	204	96	1	0	0	0	0	
2	7	8	9	12	23	24	26	29	33	0	6	18	19	20	21	31	34	35	39	2	3	58	0	140	0	26	45	0	0	0	0	0	
6	9	10	14	19	20	24	25	28	30	3	5	11	12	15	21	32	33	34	37	0	0	26	263	0	5616	86	143	2	1	0	0	0	
7	17	19	23	24	26	27	28	31	35	1	8	9	11	12	30	32	33	36	39	3	1	98	36	3769	0	7642	0	2	0	0	0	0	
1	2	4	5	13	16	24	26	31	36	3	6	9	11	15	19	20	23	34	39	1	2	34	7	0	40	21	4	0	0	0	0	0	
5	6	9	10	12	18	26	32	33	34	0	2	3	4	11	15	24	25	27	30	0	3	73	4	72	0	0	576	9	0	0	0	0	
1	7	12	14	15	17	19	20	31	39	2	6	9	16	24	25	27	29	32	36	3	0	60	123	0	194	62	0	30	0	0	0	0	
3	9	15	17	20	21	27	32	38	39	6	8	14	18	22	23	26	29	30	33	3	1	105	54	12	0	1363	0	3	0	0	0	0	
0	5	7	11	14	15	16	18	19	20	2	3	4	6	13	21	23	26	33	34	1	2	84	0	479	635	582	1379	32	2	0	0	0	
2	4	6	7	11	23	25	29	31	37	1	3	18	21	22	28	30	32	38	39	1	3	64	0	94	160	154	83	2	0	0	0	0	
3	15	19	26	27	28	32	36	37	39	1	2	5	9	13	14	16	22	33	35	2	0	47	138	144	325	162	95	49	1	0	0	0	
0	1	13	14	19	27	28	34	35	38	9	12	16	17	21	25	26	32	36	39	3	1	44	10	25	0	192	56	0	0	0	0	0	
7	8	17	18	19	20	22	23	25	39	0	4	6	9	11	14	27	29	37	38	3	2	59	8	730	0	82	366	0	0	0	0	0	
0	7	9	13	16	21	23	25	27	35	1	3	10	11	12	14	15	17	20	31	1	3	89	51	0	4029	1965	0	2	6	0	0	0	
0	2	5	7	11	13	16	24	34	37	1	3	4	6	14	19	22	25	28	30	3	0	18	60	11	15	0	1	0	1	0	0	0	
2	4	7	14	17	21	22	27	31	38	6	10	12	20	23	29	30	33	36	37	3	1	45	11	54	50	69	110	0	0	0	0	0	
0	2	5	8	14	17	28	32	33	34	3	7	10	11	19	22	29	30	36	39	1	2	71	0	0	4051	0	265	1	0	0	0	0	
3	6	8	10	12	14	18	24	27	38	0	2	7	11	16	19	26	30	35	36	1	3	45	114	36	0	20	182	11	0	0	0	0	
1	2	10	14	21	22	26	29	30	38	0	6	9	13	16	23	35	36	37	39	2	0	67	91	0	179	0	1	0	0	0	0	0	
0	1	6	8	21	22	24	28	29	35	2	3	12	15	18	25	27	30	31	37	2	1	88	28	39	0	1376	380	17	1	0	0	0	
1	8	11	14	17	22	28	29	35	38	0	3	6	20	21	23	26	30	33	34	3	2	68	51	1245	6	0	1	119	0	0	0	0	
1	7	8	10	11	17	19	23	25	29	0	9	15	21	26	30	31	34	38	39	1	3	70	88	6	27	0	1	4	0	0	0	0	
1	10	13	25	27	32	34	35	37	38	2	3	4	8	9	15	18	20	26	39	2	0	53	663	92	79	0	0	28	0	0	0	0	
3	7	8	10	12	16	27	34	35	36	1	9	13	18	21	22	23	24	25	38	1	1	57	25	26	14	0	1	1	0	0	0	0	
2	7	13	17	19	23	25	28	29	30	3	4	9	12	15	16	24	26	33	35	3	2	38	6	0	54	0	49	10	1	0	0	0	
2	3	7	9	10	15	22	24	25	37	0	1	6	12	14	18	20	26	27	31	3	3	20	71	64	0	15132	18	0	0	0	0	0	
1	3	13	16	18	20	24	33	37	38	4	5	6	7	15	30	31	34	36	39	3	0	97	173	1065	0	337	17	0	1	6	0	0	
0	5	10	18	20	25	27	28	35	38	7	9	13	16	17	21	22	24	26	39	3	1	64	10	0	50	9	351	16	0	0	0	0	
0	2	5	7	22	23	25	26	27	35	3	8	13	14	21	24	33	34	36	39	0	2	22	340	0	19429	540	120	15	0	0	0	0	
2	11	13	14	17	30	31	32	34	37	6	8	10	15	18	23	24	28	29	35	3	3	50	84	94	7522	189	198	15	0	0	0	0	
3	10	14	17	18	21	25	27	32	35	0	1	2	16	20	23	29	36	37	38	0	0	32	218	88	13	4	0	2	0	0	0	0	
0	1	14	15	20	21	24	27	32	35	4	6	7	12	13	17	18	23	28	31	0	1	30	0	0	0	62	21	0	0	0	0	0	
1	4	12	13	15	16	26	27	31	33	0	5	6	7	29	30	32	34	35	39	0	2	64	48	0	60	87	491	34	1	0	0	0	
1	9	13	17	18	21	26	27	29	32	4	5	8	16	20	28	30	33	38	39	3	3	100	92	1329	0	172	4	0	2	0	0	0	
2	6	12	13	14	24	25	28	30	36	11	15	16	17	22	23	29	31	32	35	3	0	21	49	68	161	0	0	0	1	0	0	0	
1	7	8	10	22	27	28	30	37	38	5	6	9	11	16	18	23	29	31	34	2	1	75	78	34	0	87	92	2	0	0	0	0	
3	4	6	8	9	14	23	25	34	35	0	5	7	12	15	18	20	21	32	38	2	2	29	0	2543	149	87	40	0	0	0	0	0	
1	9	15	18	27	29	33	36	37	39	0	5	6	7	16	19	21	22	28	32	3	3	72	14	0	822	12	0	2	0	0	0	0	
3	4	9	14	21	29	32	35	36	39	1	5	8	13	18	19	22	24	25	30	3	0	106	108	0	0	20	5	0	0	0	0	0	
0	2	3	16	18	19	24	25	26	36	1	4	7	12	13	17	20	23	32	35	2	1	31	31	101	0	51	0	0	0	0	0	0	
1	5	8	9	11	15	27	31	35	38	6	7	10	12	16	22	25	29	32	33	3	2	79	48	160	38	103	0	19	0	0	0	0	
1	10	11	12	13	22	23	31	37	38	2	4	5	14	15	24	26	27	29	35	0	3	26	0	0	83	1288	0	3	0	0	0	0	
0	3	6	15	24	30	32	35	38	39	4	7	9	11	14	16	25	26	27	28	2	0	99	1553	3898	1224	112	1	10	1	0	0	0	
6	9	12	14	23	24	33	34	38	39	5	7	11	13	17	26	27	28	36	37	1	1	64	16	59	499	73	0	0	0	0	0	0	
11	14	19	20	25	27	30	31	32	34	3	4	6	9	13	15	18	23	33	36	3	2	58	14	24	0	9	13	17	0	0	0	0	
0	1	2	12	17	21	23	28	29	31	5	7	9	14	18	24	25	30	34	39	3	3	68	50	0	0	94	0	0	0	0	0	0	
1	6	7	8	13	18	22	31	32	36	2	3	5	9	15	19	25	30	37	38	0	0	53	618	0	63	51	0	0	0	0	0	0	
0	5	9	17	20	21	24	25	35	36	7	11	13	16	23	26	28	29	33	38	1	1	81	28	1330	0	19	78	0	1	0	0	0	
6	13	14	18	19	20	23	26	30	36	4	7	8	24	25	27	29	34	35	37	2	2	56	28	94	10	0	0	4	0	0	0	0	
1	2	17	22	26	28	29	32	36	39	4	5	6	11	14	23	24	27	34	35	1	3	14	26	12	346	0	1	0	0	0	0	0	
2	5	14	23	28	29	31	33	34	35	0	7	9	10	13	16	19	22	25	38	0	0	65	124	1145	0	33	0	0	0	0	0	0	
3	10	11	12	13	16	19	21	33	36	0	7	8	9	17	26	28	29	37	38	1	1	99	0	0	209	2790	0	14	1	0	0	0	
6	7	8	10	18	25	26	28	29	36	0	1	11	16	17	27	30	32	35	38	2	2	87	88	782	52	0	1	8	2	0	0	0	
7	8	13	14	18	24	29	30	34	38	2	3	4	5	6	20	22	23	25	31	1	3	26	34	0	46	261	4	6	0	0	0	0	
3	6	14	18	25	31	32	33	35	39	0	1	5	10	12	16	22	24	34	38	2	0	10	116	0	2725	78	0	14	0	0	0	0	
7	10	11	15	22	23	25	30	31	37	1	4	6	8	19	21	24	28	35	39	2	1	36	64	15	0	982	67	2	0	0	0	0	
4	10	11	15	20	25	27	28	29	31	1	2	7	14	19	21	30	34	35	39	2	2	86	0	193	132	298	498	15	1	0	0	0	
4	14	15	18	21	22	29	30	35	39	0	6	7	9	11	17	32	34	36	38	0	3	73	97	643	0	1379	1	0	0	0	0	0	
3	5	12	14	15	25	27	34	36	37	4	8	10	11	13	16	18	19	24	35	3	0	34	169	24	56	0	80	0	3	0	0	0	
2	10	14	19	20	22	26	28	31	36	3	5	6	9	11	13	15	16	29	32	3	1	35	15	205	22	44	0	29	1	0	0	0	
4	5	10	12	17	20	22	33	34	39	2	6	8	11	15	23	24	27	30	36	1	2	5	10	0	118	11	0	0	0	0	0	0	
1	3	15	18	20	24	25	29	33	36	0	2	5	10	17	19	21	31	32	39	3	3	70	56	0	1610	0	446	1	1	0	0	0	
2	3	5	9	15	21	23	32	38	39	0	4	8	14	16	17	20	26	30	35	0	0	57	103	24	50	0	368	15	2	0	0	0	
3	5	9	12	15	17	19	23	29	30	2	10	13	14	20	22	25	31	34	38	3	1	44	58	27	0	465	22	0	8	0	0	0	
2	3	9	11	19	22	23	28	29	36	0	1	8	12	14	24	30	33	34	38	2	2	66	24	0	450	0	81	11	0	0	0	0	
1	8	9	12	14	22	23	27	28	39	2	6	13	16	19	21	32	33	34	37	0	3	61	60	87	0	12353	15	9	4	0	0	0	
0	1	3	5	6	14	24	28	29	31	7	9	10	13	16	18	19	20	27	32	1	0	113	218	14	0	0	2119	4	0	0	0	0	
0	3	4	6	15	16	19	32	33	39	5	7	8	9	12	13	18	20	28	30	0	1	105	330	2843	27	0	154	67	0	0	0	0	
0	1	4	9	12	15	22	25	30	35	3	6	18	21	24	26	28	32	33	36	2	2	70	11	73	25	0	168	0	0	0	0	0	
0	6	7	16	22	24	29	31	33	34	2	4	15	21	25	27	32	35	36	39	1	3	33	22	43	0	16	0	1	0	0	0	0	
9	12	15	16	29	33	36	37	38	39	1	3	4	5	6	13	21	23	27	28	3	0	65	519	974	256	0	260	14	10	0	0	0	
0	4	9	13	16	18	24	30	31	32	5	11	14	15	21	22	23	29	33	39	1	1	58	0	0	0	42	227	1	0	0	0	0	
3	9	12	13	18	22	25	27	29	33	14	16	17	20	23	24	30	35	36	38	2	2	90	57	18	0	78	1	0	1	0	0	0	
0	4	6	12	16	17	19	26	35	38	2	3	7	8	14	15	23	27	33	39	2	3	31	13	12	0	72	96	0	4	0	0	0	
5	11	13	14	20	21	25	27	37	39	1	19	22	23	24	26	32	34	36	38	2	0	96	126	859	31	23	121	0	0	0	0	0	
3	5	6	9	22	28	31	34	37	38	0	4	13	19	20	21	25	26	36	39	3	1	97	111	27	68	45	92	0	5	0	0	0	
1	10	15	20	21	23	26	27	29	30	0	2	12	16	19	24	28	31	32	39	0	2	63	15	0	152	124	633	2	0	0	0	0	
3	6	17	18	22	25	26	27	29	34	1	4	12	16	24	28	30	31	36	38	3	3	93	42	0	15766	0	152	23	0	0	0	0	
0	8	9	12	13	26	28	31	36	39	5	7	14	16	17	19	21	29	32	34	3	0	77	81	34	0	20	96	0	0	0	0	0	
1	12	15	19	25	28	31	33	35	37	0	2	3	6	14	18	20	22	23	26	3	1	12	104	48	36	30	1166	6	0	0	0	0	
7	9	10	14	21	24	29	31	33	34	1	4	8	13	16	17	18	26	30	36	2	2	65	47	4	0	541	85	3	0	0	0	0	
2	6	7	11	16	17	20	28	29	33	3	4	8	12	23	26	27	32	38	39	1	3	43	14	4	0	0	209	13	0	0	0	0	
1	6	8	12	13	21	22	29	32	39	4	7	10	14	19	24	25	31	34	35	1	0	62	56	17	0	412	47	1	0	0	0	0	
10	11	12	18	22	24	28	33	35	38	2	4	5	8	14	15	17	27	36	37	2	1	34	47	0	187	294	1	2	0	0	0	0	
4	15	21	22	24	30	31	32	34	38	2	9	10	18	20	27	35	36	37	39	1	2	24	2	10	0	0	20	2	0	0	0	0	
0	2	4	7	12	18	19	31	32	36	1	5	8	16	20	24	25	29	35	38	0	3	83	81	501	4019	4	290	9	0	0	0	0	
4	7	8	9	13	15	17	20	24	30	2	11	25	26	27	28	29	31	32	36	0	0	118	167	29	243	0	1	0	0	0	0	0	
1	2	10	11	12	20	24	27	29	39	6	8	21	22	23	25	26	34	36	37	3	1	33	0	120	0	3167	0	0	0	0	0	0	
0	2	5	7	10	11	12	13	25	36	1	3	14	23	28	29	34	35	38	39	0	2	64	25	15	0	347	0	0	2	0	0	0	
0	2	4	14	20	30	31	32	35	38	8	11	13	19	22	24	26	28	34	36	3	3	80	19	0	40	12	0	0	2	0	0	0	
0	4	5	9	11	14	20	30	32	33	1	12	16	21	25	26	31	35	37	39	2	0	5	267	31	0	66	43	9	0	0	0	0	
0	1	2	9	14	15	20	23	30	31	5	6	7	16	21	22	26	28	32	33	1	1	19	4	0	0	0	70	7	0	0	0	0	
2	7	8	12	15	20	23	26	27	33	3	5	14	18	24	30	32	34	36	38	0	2	49	0	19	0	721	285	5	0	0	0	0	
3	7	9	11	13	16	19	22	23	26	1	2	4	8	17	18	20	27	30	31	0	3	104	268	134	200	4929	20	0	1	0	0	0	
1	2	6	8	22	26	36	37	38	39	4	5	9	10	12	17	18	21	24	33	2	0	33	338	19	413	397	30	1	0	0	0	0	
2	4	6	8	17	23	25	37	38	39	0	5	11	14	15	18	22	28	29	33	2	1	103	56	28	0	6392	0	4	0	0	0	0	
3	5	8	12	14	16	17	24	34	36	6	10	15	19	21	26	27	28	32	39	1	2	53	0	3200	49	19	121	0	3	0	0	0	
0	6	14	15	20	22	23	26	34	37	2	12	16	21	24	29	30	32	33	35	2	3	48	7	26	0	0	237	1	0	0	0	0	
5	9	16	21	22	25	31	32	36	37	2	3	7	8	10	20	27	29	33	34	2	0	75	121	1652	0	2256	113	2	0	0	0	0	
0	3	6	14	16	18	19	29	38	39	7	8	9	15	21	23	27	28	36	37	3	1	86	68	0	5922	44	0	0	0	0	0	0	
6	9	12	19	21	25	26	30	33	39	3	8	10	22	29	34	35	36	37	38	0	2	97	96	25	0	177	154	3	0	0	0	0	
0	10	12	13	14	17	24	25	35	36	5	11	18	26	27	28	30	32	34	39	3	3	49	74	161	0	2318	383	5	0	0	0	0	
9	10	11	14	15	22	24	32	38	39	0	3	5	7	8	12	19	21	26	31	1	0	45	15	2757	2302	642	620	78	0	0	0	0	
0	5	17	19	26	30	32	33	35	38	2	6	7	8	9	15	16	20	22	27	3	1	30	0	557	27	0	1	18	2	0	0	0	
0	7	9	11	14	17	18	19	25	38	1	6	8	10	12	23	28	30	34	36	1	2	97	0	6707	2785	0	86	3	0	0	0	0	
1	4	7	9	10	16	17	20	27	30	3	5	8	11	13	18	29	35	38	39	0	3	109	35	1334	27	0	2	1	0	0	0	0	
4	13	14	23	29	32	33	35	36	38	0	2	5	10	16	18	19	24	25	34	2	0	38	275	3738	415	35990	1	0	0	0	0	0	
1	2	13	15	16	20	21	22	23	31	5	9	11	14	25	30	32	35	36	37	0	1	49	0	0	0	99	1	2	0	0	0	0	
0	2	6	13	16	21	23	25	38	39	4	9	10	14	15	26	30	33	34	37	2	2	64	80	0	429	9	2	2	0	0	0	0	
15	16	17	18	20	24	27	33	34	35	5	6	8	10	22	23	28	30	31	39	3	3	35	71	187	12	0	61	3	0	0	0	0	
1	3	6	7	8	15	19	20	22	27	10	21	23	29	30	31	33	34	36	39	1	0	74	928	84	105	0	2	7	0	0	0	0	
1	10	12	13	17	18	28	31	32	33	0	5	11	14	16	27	29	30	37	38	2	1	67	0	545	89	4067	156	1	0	0	0	0	
0	3	6	7	10	12	13	21	27	38	4	18	20	22	23	25	30	31	32	35	3	2	37	14	0	0	7121	92	7	0	0	0	0	
0	2	3	8	25	28	30	31	34	35	10	15	16	17	20	24	29	33	37	38	0	3	52	49	39	25	0	1	4	1	0	0	0	
8	9	12	16	18	20	22	26	28	35	5	10	13	14	15	19	21	25	37	38	0	0	82	139	0	13163	12190	224	0	1	0	0	0	
7	11	17	20	22	24	26	29	30	35	0	4	5	6	16	21	23	27	32	34	3	1	28	19	7	0	67	203	0	0	0	0	0	
3	6	7	10	12	15	17	18	27	31	2	4	20	21	24	26	29	34	35	39	1	2	22	447	7400	68	216	348	32	0	0	0	0	
2	3	4	8	9	20	26	28	31	35	7	11	15	18	19	22	23	25	29	32	2	3	80	232	73	895	153	0	10	0	0	0	0	
1	2	5	17	20	23	27	31	32	38	0	7	11	13	14	15	16	28	30	37	0	0	26	47	8	2	0	0	0	0	0	0	0	
0	2	3	6	7	9	15	26	34	38	11	12	14	17	18	19	21	27	35	39	0	1	106	109	3511	111	5209	0	0	2	0	0	0	
2	4	6	14	16	23	32	33	35	37	0	1	9	17	20	24	28	29	30	34	3	2	56	15	252	75	21	0	0	0	0	0	0	
0	9	11	15	18	23	29	30	31	36	1	7	8	10	12	17	20	22	25	28	3	3	35	38	34	39	0	113	1	0	0	0	0	
3	16	20	24	25	27	28	30	35	39	0	4	5	11	13	14	15	18	34	38	0	0	32	282	17	65	39	107	0	0	0	0	0	
1	2	6	14	20	24	26	27	28	34	13	18	19	21	29	30	32	35	36	37	3	1	62	113	29403	0	2464	0	19	0	0	0	0	
0	12	15	17	20	27	29	33	37	39	2	6	9	13	14	18	22	23	26	38	1	2	77	40	47	0	1012	334	2	0	0	0	0	
2	7	8	15	18	19	22	23	29	37	1	5	9	17	30	33	34	35	36	39	2	3	67	3	67	0	64	6	1	0	0	0	0	
1	14	15	18	19	23	24	29	31	34	3	6	8	17	20	22	25	28	32	36	0	0	56	283	305	338	0	68	4	0	0	0	0	
3	10	11	19	20	21	22	27	32	37	6	9	14	16	18	23	24	30	34	39	3	1	72	6	5	0	0	18	1	0	0	0	0	
5	6	10	14	20	24	30	34	35	38	1	2	8	9	21	22	26	29	33	37	2	2	58	8	14	10	0	109	56	0	0	0	0	
0	5	6	7	8	10	28	32	34	37	1	9	12	16	19	27	29	33	36	39	0	3	79	29	242	230	0	60	8	0	0	0	0	
1	4	5	6	15	21	25	35	36	38	0	8	9	10	16	18	19	22	30	39	0	0	84	94	0	2855	11	8	0	3	0	3	0	
3	8	16	17	18	19	21	28	35	37	0	1	4	7	14	20	29	33	34	38	3	1	75	13	219	2347	0	12	0	0	0	0	0	
0	1	3	5	8	11	21	30	34	39	4	7	15	22	23	29	31	33	36	37	1	2	21	98	0	204	15	0	2	0	0	0	0	
1	7	8	23	24	25	26	30	33	35	4	9	10	11	14	15	18	19	20	36	3	3	33	32	188	17	1896	26	0	4	0	0	0	
0	2	5	6	8	9	12	21	23	36	3	4	16	19	22	30	32	34	38	39	2	0	30	194	140	0	5676	0	18	0	3	0	0	
1	3	6	8	16	17	30	31	34	35	0	7	10	12	18	20	22	32	33	38	1	1	33	244	122	74	17	0	45	0	0	1	0	
2	3	4	8	11	12	21	30	33	36	0	7	10	15	23	25	27	28	32	39	1	2	15	42	29	20	0	0	0	0	0	0	0	
3	7	10	11	15	16	32	33	35	36	1	6	8	18	20	21	23	26	27	30	1	3	68	82	16	0	135	1	4	2	0	0	0	
7	9	19	23	24	25	26	27	34	36	2	3	5	11	20	21	30	35	38	39	0	0	36	421	21211	0	25754	1	15	2	0	0	0	
6	11	13	16	20	24	26	31	38	39	0	1	9	10	22	25	27	35	36	37	2	1	83	37	105	0	37	314	2	0	0	0	0	
0	7	9	13	18	23	27	30	32	39	6	8	14	15	19	21	25	34	35	38	0	2	60	15	0	118	94	0	5	0	0	0	0	
1	3	7	9	10	14	15	17	18	35	0	4	8	12	21	24	31	32	34	37	3	3	68	76	5178	2102	233	0	12	1	0	0	0	
1	2	4	14	15	19	20	28	29	34	6	13	17	21	22	23	30	32	37	38	1	0	65	118	69	1879	231	69	8	0	0	0	0	
0	6	8	15	16	18	27	29	33	38	1	5	7	9	10	20	21	26	30	37	2	1	48	11	751	29	0	93	3	1	0	0	0	
4	5	8	17	19	24	28	31	35	36	1	2	3	9	11	12	14	18	20	39	1	2	111	9	18	26	0	1	0	0	0	0	0	
2	5	18	20	26	28	30	32	33	39	0	3	6	9	15	16	21	34	35	37	1	3	32	0	1248	0	24	91	5	1	0	0	0	
0	2	5	6	22	24	25	26	32	37	3	10	15	17	23	27	30	33	36	38	0	0	29	69	84	4205	0	635	316	4	0	0	0	
6	8	13	20	23	25	29	32	33	36	3	7	9	10	12	19	26	27	34	38	1	1	41	0	339	4	129	0	161	2	0	0	0	
0	4	6	12	16	17	19	26	35	38	2	3	7	8	14	15	23	27	33	39	2	2	38	29	6	11	0	12	0	0	0	0	0	
1	6	8	11	12	13	19	26	31	32	5	7	10	14	25	30	34	35	36	38	1	3	62	0	1972	0	71	166	7	0	0	0	0	
0	3	15	21	28	30	32	33	38	39	4	5	14	18	19	22	25	27	34	36	0	0	28	231	925	53	0	0	249	0	0	0	0	
2	16	19	20	23	26	34	35	38	39	1	5	6	13	14	15	18	21	22	33	1	1	52	0	228	10025	15	0	2	0	0	0	0	
4	5	6	8	12	15	23	25	29	38	2	3	7	10	17	21	24	27	33	34	3	2	26	0	8086	0	65	207	13	0	0	0	0	
1	9	11	13	27	28	32	34	37	39	3	5	14	20	21	23	24	29	31	36	2	3	90	12	86	12	0	35	0	19	0	0	0	
1	5	7	13	15	18	24	27	30	32	2	11	19	23	26	29	33	34	37	39	1	0	61	42	32	350	13	0	5	0	0	0	0	
3	4	7	14	18	23	27	29	34	39	0	6	9	10	15	21	26	30	31	35	3	1	87	7	0	3807	64	20	1	0	0	0	0	
5	20	22	23	26	28	31	36	38	39	0	1	4	9	11	17	19	25	32	37	3	2	85	350	260	80	259	35	0	1	0	0	0	
0	2	6	11	15	24	29	30	33	37	3	9	13	17	18	25	27	28	32	39	2	3	90	19	11	6	0	1	1	0	0	0	0	
6	8	9	13	19	21	25	33	35	37	1	5	10	11	15	23	28	32	34	36	2	0	42	33	55	0	91	0	5	4	0	0	0	
0	1	2	4	7	13	15	16	26	35	9	10	14	17	18	20	21	33	37	39	0	1	74	16	281	0	2481	0	27	4	0	0	0	
6	9	13	16	19	25	29	30	31	32	0	5	10	12	15	17	21	27	36	39	2	2	36	9	0	277	0	0	7	0	0	0	0	
5	8	10	12	19	28	31	32	34	35	0	1	7	14	15	16	18	20	36	38	0	3	82	75	100	0	4173	0	4	1	0	0	0	
4	5	7	11	17	22	35	36	38	39	1	14	20	24	27	28	29	31	33	37	1	0	38	355	0	155	253	0	3	3	0	0	0	
2	8	10	11	16	17	18	26	29	36	3	5	6	14	15	20	22	34	35	37	0	1	20	11	0	3441	0	68	2	0	0	0	0	
0	2	6	12	14	19	32	33	35	37	4	5	17	18	22	23	30	31	34	36	0	2	16	68	1512	0	49	36	2	0	0	0	0	
2	11	14	16	22	24	26	27	32	37	0	3	7	10	17	25	29	30	33	36	3	3	24	2	13	0	0	63	12	3	0	0	0	
9	10	12	21	24	26	30	34	36	39	0	2	5	8	15	19	23	29	32	38	1	0	69	168	0	60	0	1	11	3	0	0	0	
7	8	9	11	13	17	24	26	31	34	2	3	5	6	14	16	19	27	33	35	3	1	32	50	376	702	0	1	2	0	0	0	0	
4	5	14	17	19	23	25	28	34	38	3	6	9	16	21	26	29	32	36	39	1	2	69	11	132	0	17	0	5	0	0	0	0	
3	4	11	21	24	26	33	35	37	39	0	2	5	7	8	9	17	18	28	32	0	3	105	17	23	0	0	1	8	1	0	0	0	
3	5	9	16	19	21	24	34	36	38	1	2	6	12	14	18	23	26	37	39	1	0	68	50	18	16	0	1	1	0	0	0	0	
11	12	24	25	26	28	29	34	38	39	0	2	13	16	17	20	22	27	35	37	0	1	36	9	0	0	124	53	0	0	0	0	0	
13	15	18	19	27	29	32	33	34	36	6	12	16	20	22	23	25	35	37	38	3	2	67	29	0	204	21	15	9	0	0	0	0	
5	11	13	17	18	19	24	26	32	35	1	2	4	6	9	25	27	28	33	34	0	3	61	0	114	176	169	193	0	2	0	0	0	
0	2	12	13	20	25	26	28	29	36	6	9	10	11	14	17	19	24	37	38	0	0	51	227	0	0	241	1140	0	1	0	0	0	
3	5	11	14	16	25	26	27	32	36	2	6	8	12	15	19	21	24	30	39	2	1	63	13	66	0	112	0	0	0	0	0	0	
0	4	15	17	20	23	24	31	35	36	1	3	8	11	18	29	30	33	37	39	1	2	42	14	2	2	0	23	13	0	0	0	0	
3	7	11	12	16	18	25	32	37	38	0	1	8	14	15	19	22	28	30	39	2	3	59	73	55	0	2495	35	2	0	0	0	0	
7	8	11	13	24	31	33	34	36	37	3	5	10	16	17	19	21	23	27	35	0	0	16	228	0	15830	127	0	4	0	0	0	0	
8	10	12	15	16	19	23	24	29	32	1	2	11	20	22	25	33	34	35	36	3	1	41	48	102	3	0	292	2	0	0	0	0	
2	3	8	9	19	21	25	31	33	35	6	10	16	20	23	27	34	37	38	39	0	2	75	3	7	3	0	0	0	1	0	0	0	
2	9	10	17	22	24	27	36	38	39	4	6	13	21	23	28	29	30	32	33	3	3	77	2	66	0	939	14	0	3	0	0	0	
1	4	11	13	18	25	34	35	36	38	5	6	8	15	17	24	29	30	31	33	1	0	42	249	28	0	257	267	6	3	0	0	0	
2	9	13	15	19	27	30	33	34	35	5	7	8	11	12	20	21	25	26	31	3	1	74	0	524	0	107	100	2	0	0	0	0	
1	5	7	10	21	23	25	33	34	35	4	6	9	13	15	17	26	29	30	32	1	2	26	31	2	0	2	0	6	2	0	0	0	
5	7	12	16	19	25	28	29	34	36	4	6	13	17	20	23	24	26	32	35	3	3	2	5	0	28	20	2	0	0	0	0	0	
2	5	6	12	14	17	22	23	33	36	1	4	15	19	24	25	27	28	29	35	1	0	69	261	13	189	257	0	0	1	0	0	0	
3	11	12	14	17	19	23	26	33	37	0	2	6	7	8	10	18	27	34	39	3	1	60	32	0	30	1865	0	9	0	0	0	0	
1	8	10	14	18	24	28	29	30	38	5	7	12	13	17	20	21	23	34	37	2	2	75	21	639	38	0	1	4	0	0	0	0	
1	5	16	18	27	31	34	35	37	38	6	9	10	13	19	22	26	30	32	33	3	3	106	0	14993	0	8	0	32	1	0	0	0	
0	2	8	18	21	22	24	27	31	33	4	6	12	13	14	16	19	23	28	32	2	0	53	90	511	76	58	0	162	0	0	0	0	
4	9	10	16	18	27	32	34	36	38	3	5	13	20	22	26	30	35	37	39	0	1	27	193	27	90	0	1	54	1	0	0	0	
1	8	11	12	16	18	21	28	38	39	2	3	9	10	14	17	23	25	27	29	0	2	85	11	151	0	412	106	2	0	0	0	0	
1	8	10	12	23	24	32	33	36	39	2	9	14	17	20	22	25	26	29	35	1	3	55	24	0	1	455	95	3	0	0	0	0	
1	5	6	9	14	21	22	23	24	38	4	13	15	16	18	19	25	30	32	33	2	0	69	258	0	0	0	0	0	0	0	0	0	
5	6	7	9	14	17	20	21	35	37	0	1	8	12	13	18	22	23	27	33	3	1	12	9	134	12	5	0	8	0	0	0	0	
0	10	14	15	26	28	29	30	31	32	2	3	5	7	20	23	34	36	37	38	2	2	40	0	75	0	420	0	0	4	0	0	0	
2	3	5	6	19	28	30	31	33	34	0	4	7	15	17	20	23	25	27	29	2	3	64	0	8664	1465	19	12	1	0	0	0	0	
1	3	5	7	10	11	16	23	30	34	0	2	13	15	18	19	25	26	32	35	0	0	70	116	3	9	0	263	1	2	0	0	0	
1	2	4	7	8	10	14	17	23	32	3	5	6	13	20	24	29	31	35	39	2	1	47	45	0	155	0	128	1	1	0	0	0	
3	8	9	18	19	20	21	26	31	36	2	6	10	12	22	23	24	27	28	39	0	2	68	8	63	0	1601	0	25	0	0	0	0	
2	11	12	23	24	32	33	34	36	38	4	6	8	16	19	20	21	25	27	29	0	3	36	23	0	0	0	0	0	2	0	0	0	
11	12	13	14	16	28	29	31	32	34	1	5	8	9	15	21	23	27	30	38	3	0	85	116	35	105	22	33	1	0	0	0	0	
1	2	11	14	15	25	32	34	36	38	3	4	8	12	16	20	27	28	29	30	1	1	36	0	0	24	69	103	0	1	0	0	0	
2	10	12	13	17	20	27	28	30	33	0	3	6	8	15	32	35	36	37	39	2	2	23	0	0	197	89	27	2	0	0	0	0	
1	2	4	5	6	12	14	17	25	30	7	8	9	10	18	21	22	33	37	38	2	3	32	136	16	0	41	61	14	0	0	0	0	
3	8	11	22	26	30	33	34	36	39	7	13	15	16	17	19	23	29	35	37	0	0	71	301	53	0	2535	514	42	0	0	0	0	
0	9	15	16	20	24	31	33	35	38	4	5	12	17	21	22	28	29	37	39	2	1	84	16	37	3	0	80	0	3	0	0	0	
0	1	4	5	10	12	17	24	31	33	3	7	13	15	20	21	25	30	35	37	3	2	22	36	8	8	10	0	0	0	0	0	0	
0	6	8	14	15	16	18	21	32	37	3	4	5	7	24	27	30	33	36	38	0	3	64	0	513	10152	0	2	41	0	0	0	0	
2	6	10	12	16	23	28	32	37	38	4	7	8	13	20	21	24	27	36	39	2	0	78	74	24	150	1311	248	0	4	0	0	0	
5	6	7	8	10	23	24	28	38	39	4	11	12	13	15	18	21	22	25	37	2	1	71	20	434	284	0	118	4	1	0	0	0	
11	12	14	16	17	20	23	24	28	36	5	6	7	8	9	18	19	29	30	32	3	2	77	0	5495	675	168	47	7	0	0	0	0	
1	3	5	8	14	23	26	34	36	38	4	7	10	12	15	19	20	29	33	39	0	3	95	78	1934	40	0	38	23	5	0	0	0	
4	5	8	9	11	15	17	25	31	33	2	3	7	10	12	16	19	34	35	38	2	0	30	181	60	69	0	0	6	1	0	0	0	
0	11	14	16	17	24	30	32	36	39	1	6	13	18	21	23	25	26	28	29	2	1	82	29	5	0	0	56	10	1	0	0	0	
7	9	10	15	22	27	31	32	33	39	11	13	16	17	19	29	30	36	37	38	0	2	67	38	0	15	14	277	0	4	0	0	0	
0	4	5	9	11	12	19	26	28	37	10	13	15	17	21	23	25	34	35	39	0	3	29	0	1238	71	357	0	2	0	0	0	0	
4	6	14	15	20	21	26	31	32	34	0	1	2	10	11	13	22	27	29	36	1	0	16	258	18	17	22	0	7	0	0	0	0	
5	7	9	10	14	27	28	30	34	37	1	6	12	17	21	24	31	32	36	39	3	1	75	7	0	6916	0	115	4	0	0	0	0	
1	3	11	13	19	24	26	33	36	38	6	7	8	10	21	23	25	29	30	31	0	2	50	33	350	34	0	50	1	0	0	0	0	
0	2	6	10	11	13	15	18	26	39	1	4	8	17	19	29	31	32	37	38	3	3	76	0	85	9	0	1	2	2	0	0	0	
2	11	12	18	20	22	24	30	36	39	0	5	7	15	16	23	26	27	31	32	2	0	50	72	23	76	585	10	7	0	0	0	0	
3	6	10	16	18	19	30	31	37	39	2	5	7	9	13	21	23	27	32	35	3	1	74	35	281	74	8769	0	0	7	0	0	0	
1	3	7	9	20	24	27	29	33	38	10	14	19	22	23	25	30	32	34	35	3	2	65	22	0	164	1124	2128	381	1	0	0	0	
2	8	13	17	18	19	25	27	33	39	1	12	14	15	16	20	23	26	29	36	1	3	92	77	7768	131	0	1	1	0	0	0	0	
0	1	2	5	12	13	28	32	36	39	10	11	19	21	24	25	26	29	33	38	3	0	102	215	334	0	3188	192	2	0	0	0	0	
1	5	10	11	12	19	22	28	29	32	6	15	16	18	20	27	30	31	36	37	3	1	86	39	0	0	69	0	19	1	0	0	0	
7	12	13	15	18	25	27	35	36	37	4	8	9	10	17	22	23	26	28	38	3	2	34	0	1889	34	72	240	1	0	0	0	0	
2	4	7	12	21	23	25	28	35	37	1	10	13	15	16	26	31	33	38	39	2	3	61	34	0	9672	23	152	10	1	0	0	0	
4	10	12	16	17	19	20	23	34	36	11	15	24	26	29	30	33	35	37	38	1	0	90	266	0	19541	0	0	22	0	0	5	0	
1	2	16	17	20	23	26	28	31	33	7	14	18	19	21	22	25	30	32	36	0	1	35	30	0	246	444	0	35	2	0	0	0	
0	4	16	22	23	25	29	34	36	39	13	18	19	20	21	24	27	32	33	38	2	2	49	58	0	6517	1061	0	3	1	0	0	0	
2	16	18	20	25	27	30	33	34	36	0	4	5	11	13	15	29	31	32	37	2	3	31	34	0	127	0	199	42	0	0	0	0	
2	6	8	12	13	22	25	28	32	37	4	10	20	23	26	27	29	31	38	39	0	0	61	67	576	0	29	0	0	0	0	0	0	
0	6	15	19	21	25	27	28	29	38	3	5	8	9	16	17	18	20	24	30	2	1	115	0	5515	0	5	10	0	0	0	0	0	
2	11	12	18	19	23	28	30	32	36	5	8	9	15	20	27	29	33	38	39	1	2	107	52	8	0	15	0	0	0	0	0	0	
9	10	13	20	21	22	25	27	29	31	0	1	5	8	12	15	18	24	28	33	1	3	0	0	219	0	623	358	8	0	1	0	0	
5	6	7	8	21	22	27	31	36	38	1	3	14	20	23	24	25	26	33	34	0	0	27	176	2009	0	48	80	6	0	0	0	0	
2	4	10	11	13	14	15	22	32	39	0	1	5	6	23	29	33	34	35	37	3	1	38	0	57	0	34	43	0	13	0	0	0	
4	8	12	13	16	18	27	35	37	39	0	1	15	17	26	31	32	33	34	36	2	2	9	89	0	575	22	135	8	0	0	0	0	
1	3	9	11	18	19	22	29	34	36	6	10	16	25	26	27	30	31	32	35	0	3	69	15	16	0	57	29	0	1	0	0	0	
1	6	11	12	22	25	30	36	38	39	5	13	16	19	20	23	24	28	32	34	2	0	26	210	150	19	129	0	0	3	0	0	0	
2	3	12	13	14	24	25	31	34	36	5	10	11	16	17	20	26	29	33	35	3	1	42	0	12	0	0	0	0	3	0	0	0	
0	4	10	11	16	18	20	23	33	37	3	5	7	9	14	24	28	32	35	38	2	2	30	17	27	0	221	0	40	0	0	0	0	
2	3	7	13	16	19	30	31	33	37	0	6	11	17	23	26	27	28	29	38	2	3	44	13	65	684	240	80	5	1	0	0	0	
2	5	6	7	9	14	16	18	20	37	0	3	8	10	11	12	17	19	31	33	3	0	16	428	0	4363	24	0	0	3	0	0	0	
1	3	7	12	18	24	32	33	35	37	2	8	11	14	15	16	27	31	34	39	1	1	84	15	14	42	2	45	0	3	0	0	0	
2	5	13	19	20	21	25	28	29	39	3	7	12	15	16	17	23	31	33	36	0	2	44	8	0	12153	2819	36	0	0	0	0	0	
5	9	12	14	16	27	30	32	33	38	0	1	3	10	20	21	24	28	37	39	1	3	61	10	2	0	175	0	0	5	0	0	0	
3	5	7	11	14	16	25	28	29	33	0	2	19	22	26	27	30	31	34	36	0	0	68	383	44	19	39	0	0	1	0	0	0	
3	7	17	20	22	26	29	30	32	36	4	5	6	13	15	19	21	34	37	38	3	1	67	22	26	0	0	1	8	1	0	0	0	
0	2	4	13	22	24	26	29	32	37	3	10	11	14	15	16	18	25	31	38	1	2	87	0	114	0	207	580	2	0	0	0	0	
6	9	13	20	21	29	30	31	32	37	2	3	12	15	22	24	25	27	35	38	2	3	43	30	16	0	221	38	24	0	0	0	0	
2	4	6	11	14	15	20	24	31	32	3	5	8	9	10	19	25	28	30	35	2	0	48	51	3164	16	0	0	0	0	0	0	0	
3	8	9	10	11	12	17	22	30	37	1	2	7	14	15	16	21	24	33	34	1	1	14	0	148	19481	41	0	0	0	0	0	0	
1	2	10	13	23	28	32	35	38	39	0	3	6	8	12	14	15	20	26	30	3	2	44	15	0	0	108	10	0	1	0	0	0	
0	11	15	17	18	19	21	29	30	38	1	2	6	8	9	10	13	14	25	34	3	3	84	91	388	87	3989	1	6	0	0	0	0	
5	18	22	24	25	26	28	32	34	39	2	4	7	11	13	15	16	30	33	35	0	0	30	244	14056	0	260	295	6	2	0	0	0	
0	5	7	8	15	17	19	22	30	31	9	11	18	21	23	27	28	32	35	37	0	1	55	25	496	30	0	46	6	0	0	0	0	
2	3	16	17	22	24	27	35	38	39	8	9	11	13	14	15	20	23	29	37	3	2	80	14	0	0	12	0	5	0	0	0	0	
1	3	11	13	19	20	28	30	37	39	0	6	7	8	9	16	17	18	26	34	0	3	77	24	0	137	37	0	2	0	0	0	0	
3	12	13	15	17	18	21	23	25	32	1	8	9	10	20	29	30	31	38	39	3	0	99	194	6386	64	0	231	7	0	0	0	0	
2	6	9	17	23	26	32	34	37	39	0	12	14	15	18	20	22	24	28	33	2	1	90	80	10	0	41	432	12	1	0	0	0	
3	7	10	14	16	19	26	29	34	39	0	1	4	5	12	18	22	35	36	38	2	2	42	25	14	0	9796	95	3	0	0	0	0	
5	7	9	12	20	26	28	29	37	38	1	2	6	19	22	25	32	34	36	39	2	3	116	30	527	704	34	0	0	0	0	0	0	
7	9	15	18	20	23	24	26	34	37	0	1	2	6	12	16	17	21	32	39	2	0	43	65	1	0	23	0	0	1	0	0	0	
1	2	6	8	9	14	25	27	31	39	3	10	13	17	18	21	22	29	33	34	0	1	111	0	2955	207	2565	0	1	0	0	0	0	
2	3	7	9	11	14	16	25	36	37	4	5	13	15	19	21	27	30	32	35	0	2	54	80	170	0	22	1	7	0	0	0	0	
1	3	5	10	14	20	25	26	34	36	2	4	8	11	15	18	24	31	35	38	0	3	31	23	0	101	813	0	0	0	0	0	0	
0	3	6	19	21	23	25	28	31	34	2	4	7	9	15	20	22	29	30	36	1	0	41	261	4319	494	220	99	0	0	0	0	0	
0	3	4	8	16	22	28	29	31	36	6	7	9	10	12	14	25	26	30	37	1	1	30	12	0	180	286	15	0	0	0	0	0	
2	10	16	17	20	21	25	30	36	38	0	3	11	12	18	23	28	32	34	35	2	2	52	52	62	0	2574	36	4	0	0	0	0	
1	3	9	20	22	28	30	33	35	38	11	13	14	17	18	19	23	26	37	39	1	3	89	21	55	31	103	155	9	0	0	0	0	
0	2	6	14	17	20	22	29	35	36	7	10	11	15	16	25	30	31	34	39	3	0	48	83	26	0	167	0	22	0	0	0	0	
2	6	8	9	10	11	15	22	27	30	16	18	20	21	23	25	26	33	36	37	3	1	13	63	2012	439	27	0	0	0	0	0	0	
14	18	21	24	26	30	34	36	37	38	2	11	15	16	17	20	28	31	33	39	3	2	74	200	1787	85	103	344	4	0	0	0	0	
2	6	8	13	14	16	24	30	34	35	1	3	4	7	18	22	28	32	33	38	2	3	63	68	49	51	12	35	0	0	0	0	0	
4	9	13	14	20	21	22	34	38	39	2	10	17	18	19	29	30	31	32	33	3	0	120	123	0	1176	1786	0	7	0	0	0	0	
6	7	10	16	20	23	26	28	29	34	0	2	4	5	9	13	15	22	35	38	2	1	85	95	2476	33	788	0	9	0	0	0	0	
5	7	9	13	15	20	21	23	34	38	0	1	8	14	16	18	29	33	36	37	1	2	76	14	0	117	25	22	0	0	0	0	0	
1	7	8	12	13	15	16	21	23	27	2	5	10	17	28	30	31	35	37	39	3	3	77	729	1310	0	135	282	80	1	0	0	0	
1	3	7	21	25	26	28	29	33	38	0	2	4	8	14	16	17	18	27	34	1	0	64	363	768	141	0	466	17	3	0	0	0	
2	4	6	14	19	21	22	25	30	38	5	11	13	20	24	32	34	35	36	39	3	1	53	2	0	204	13	3	0	0	0	0	0	
0	1	3	4	14	17	19	25	36	38	7	12	20	22	24	28	29	32	33	39	2	2	80	3	1536	0	92	13	0	0	0	0	0	
0	9	12	13	17	25	27	28	29	34	11	14	15	16	18	21	23	32	37	39	3	3	43	7	0	572	20	85	0	6	0	0	0	
9	10	17	19	21	28	32	33	34	36	1	8	12	18	20	25	26	27	29	31	3	0	72	10	1641	23	59	0	0	0	0	0	0	
5	11	12	16	20	24	25	27	32	39	9	15	19	23	28	33	35	36	37	38	2	1	82	26	9	0	72	117	13	1	0	0	0	
0	1	9	12	23	27	32	35	37	38	5	8	10	14	22	25	28	31	33	39	3	2	110	0	119	1095	0	137	5	0	0	0	0	
6	13	16	17	19	26	32	33	37	39	2	7	8	9	12	14	21	24	31	35	0	3	80	278	482	0	6145	1	12	1	0	0	0	
2	3	15	18	19	24	25	27	32	38	1	6	7	10	13	20	29	30	34	37	0	0	54	61	31	0	2267	131	2	0	0	0	0	
1	9	10	11	23	31	32	33	34	39	0	5	6	8	13	14	20	24	27	36	2	1	26	9	0	0	21	39	0	0	0	0	0	
0	6	10	18	21	29	30	32	33	37	1	2	11	14	17	20	26	31	35	39	3	2	79	17	0	89	205	27	0	0	0	0	0	
1	3	10	13	14	21	23	28	29	38	2	5	6	8	9	12	18	20	22	37	0	3	86	0	5119	146	121	0	8	1	0	0	0	
5	6	8	10	21	28	30	31	33	35	2	7	9	13	15	17	20	25	27	39	0	0	64	163	109	0	0	107	2	0	0	0	0	
0	5	6	7	18	27	28	29	32	39	4	8	9	15	17	22	25	30	33	38	3	1	97	21	1	13	4	0	31	3	0	0	0	
2	4	8	12	18	25	32	34	36	37	10	11	14	17	22	24	28	33	35	39	1	2	77	39	24	24	22	0	8	15	0	0	0	
2	8	9	11	18	19	22	23	28	36	0	4	12	13	24	25	26	31	35	39	2	3	80	22	18	0	99	14	0	0	0	0	0	
0	1	3	7	12	14	17	30	34	37	2	6	8	9	10	11	18	21	28	35	2	0	32	104	627	390	24	13	0	5	0	0	0	
3	12	13	15	17	20	24	25	35	36	0	1	6	8	10	14	22	29	34	37	1	1	70	0	28	19	197	0	4	6	0	0	0	
4	8	14	15	16	19	25	32	37	39	1	5	6	10	18	21	22	27	35	38	1	2	81	41	787	1217	0	1	0	4	0	0	0	
1	2	10	11	12	24	28	33	35	38	0	13	14	17	19	23	25	32	36	39	2	3	30	22	0	3	713	0	6	0	0	0	0	
3	12	13	14	22	27	29	31	35	38	0	2	8	10	15	18	20	23	24	33	1	0	78	39	52	1793	709	0	0	2	0	0	0	
3	8	10	11	18	22	30	31	32	37	2	6	9	12	13	20	25	34	36	39	2	1	23	0	39	24	11	8	0	0	0	0	0	
2	14	19	22	24	31	32	33	35	38	0	4	10	12	16	17	21	25	34	39	3	2	84	129	0	10742	32	0	0	0	0	0	0	
0	1	9	10	22	28	30	31	35	37	2	3	4	12	16	17	19	20	23	26	2	3	86	0	23	0	1284	28	3	0	0	0	0	
7	9	10	13	16	23	27	28	33	37	0	3	8	11	12	32	35	36	38	39	1	0	74	84	0	11740	0	92	15	0	0	0	0	
10	17	18	25	27	29	31	32	34	36	1	3	5	7	15	19	20	30	35	37	0	1	33	64	258	102	54	0	10	0	0	0	0	
2	4	5	10	12	16	19	31	34	35	0	6	7	11	15	22	24	33	36	38	0	2	47	41	11777	0	15	26	5	0	0	0	0	
3	14	15	19	22	28	29	33	35	39	6	10	11	12	20	25	26	27	36	38	0	3	46	0	31	1684	426	389	4	0	0	0	0	
0	2	4	17	19	27	30	33	35	36	1	7	10	15	18	20	22	28	32	38	0	0	50	80	40	10	0	1	29	1	0	0	0	
6	9	14	15	18	20	29	30	36	37	0	2	3	4	10	13	17	22	31	35	3	1	31	15	19	4	58	40	0	0	0	0	0	
2	12	14	16	21	24	28	35	36	37	4	7	8	9	10	15	17	27	29	34	3	2	47	33	14	57	25	0	0	1	0	0	0	
0	1	6	8	11	20	22	26	27	39	2	4	10	13	14	18	21	25	28	34	3	3	11	0	94	41	0	1	2	1	0	0	0	
7	9	12	13	14	15	17	18	34	37	0	4	5	8	10	19	28	29	38	39	3	0	107	368	0	22731	0	66	9	0	0	0	0	
1	2	3	13	16	21	27	30	33	35	4	6	7	9	14	15	24	34	36	37	1	1	18	11	23	0	15482	0	0	3	0	0	0	
0	6	11	15	20	21	26	33	37	38	5	13	16	27	29	30	34	35	36	39	1	2	52	4	0	81	12	31	1	0	0	0	0	
0	1	17	18	25	27	30	32	35	36	2	13	14	20	21	23	24	26	29	38	2	3	79	9	0	183	0	1	0	2	0	0	0	
1	2	5	10	13	16	24	25	31	37	4	11	14	15	18	20	22	23	36	39	3	0	28	88	8	17	0	4	0	1	0	0	0	
2	3	10	16	17	18	20	24	27	36	8	9	15	22	28	31	33	34	38	39	0	1	47	98	3	0	5539	0	7	2	0	0	0	
0	3	5	17	23	27	30	32	34	35	2	14	15	18	22	24	29	31	33	36	0	2	25	9	23	0	42	0	0	0	0	0	0	
1	12	18	20	22	23	26	31	33	39	2	3	7	8	11	15	16	17	28	38	2	3	71	20	0	114	90	478	4	0	0	0	0	
6	7	11	16	19	20	27	28	37	38	0	4	13	14	15	18	21	26	29	34	0	0	43	108	27	5	0	1	0	0	0	0	0	
1	2	8	13	17	18	21	27	32	38	3	4	7	9	11	16	24	31	33	35	2	1	29	10	0	0	31	0	2	1	0	0	0	
2	4	8	13	19	23	24	33	35	37	0	1	9	16	20	22	30	31	34	38	1	2	39	41	28	40	0	0	0	0	0	0	0	
3	4	5	15	18	22	25	28	30	38	6	9	12	13	14	24	27	29	33	39	2	3	72	18	148	0	3	12	0	0	0	0	0	
0	3	4	11	12	15	18	22	28	31	6	7	10	21	24	30	32	35	38	39	0	0	39	130	0	0	26	1	11	314	0	0	0	
0	10	11	16	27	30	31	34	37	39	2	5	18	24	25	26	28	32	33	38	2	1	64	0	3074	283	180	0	7	2	0	0	0	
7	8	10	12	19	22	26	27	28	36	0	3	5	13	16	17	23	29	31	39	1	2	104	47	0	4159	662	0	32	0	0	0	0	
4	6	7	8	18	24	27	36	38	39	2	5	11	12	13	14	15	30	32	34	3	3	67	13	0	0	139	1	7	1	0	0	0	
4	7	9	10	14	17	26	30	35	38	0	3	6	8	15	20	23	25	28	33	1	0	19	121	39	711	0	0	3	2	6	0	0	
1	3	4	15	16	23	29	30	31	33	6	9	10	17	22	25	28	35	38	39	1	1	59	3	0	14	0	96	0	7	0	0	0	
0	3	6	7	8	19	23	24	27	32	11	13	15	18	22	25	26	36	37	39	1	2	74	132	5758	0	6772	85	11	0	0	0	0	
4	9	12	14	18	22	29	32	33	39	5	6	7	11	16	19	20	23	25	35	2	3	64	2	1	27	0	1	0	0	0	0	0	
0	4	7	8	10	17	22	23	27	37	2	3	5	11	13	14	21	24	31	35	2	0	4	227	0	0	1	0	0	1	0	0	0	
3	8	9	15	16	17	21	32	35	39	4	11	12	13	18	20	24	25	33	34	3	1	75	30	51	0	113	119	1	0	0	0	0	
2	3	11	16	20	26	30	32	36	39	4	7	10	18	19	23	25	29	34	35	1	2	50	50	3	8	0	28	0	7	0	0	0	
6	9	11	13	15	19	25	26	30	31	3	4	5	16	28	29	32	34	36	37	0	3	74	12	0	21	0	0	0	2	0	0	0	
3	6	11	18	20	25	28	31	34	38	1	2	8	9	21	24	26	27	33	37	3	0	71	90	0	25293	0	165	28	0	0	0	0	
1	3	7	13	21	25	26	30	31	32	0	4	5	11	12	14	17	27	36	37	2	1	17	19	68	14	0	0	2	0	0	0	0	
2	5	14	17	24	30	32	33	34	38	0	9	15	16	18	21	26	28	35	36	0	2	34	34	0	0	63	555	0	0	0	0	0	
1	11	13	15	18	28	31	32	34	35	3	5	6	8	12	16	20	21	29	37	2	3	73	0	134	38	118	52	0	1	0	0	0	
1	3	12	13	15	17	22	25	27	35	0	10	16	19	20	28	30	32	36	38	2	0	44	174	130	6	161	13	0	2	0	0	0	
5	11	14	15	18	19	34	35	36	38	4	7	12	17	20	24	32	33	37	39	2	1	20	249	138	90	117	0	0	0	0	0	0	
0	7	14	16	18	20	23	24	27	38	4	10	15	17	21	22	31	33	37	39	2	2	64	27	55	28	112	0	0	0	0	0	0	
3	7	10	12	16	18	20	32	35	37	1	4	11	14	21	22	23	26	27	33	1	3	20	53	14	39	507	66	2	0	0	0	0	
8	11	12	15	17	26	31	32	38	39	0	3	6	10	16	19	20	21	28	36	2	0	66	147	845	0	551	598	0	2	0	0	0	
3	6	7	9	12	13	17	20	30	32	0	2	8	15	23	31	34	36	37	39	0	1	63	87	0	34	165	0	0	0	0	0	0	
3	12	15	18	23	27	30	31	34	35	0	2	5	6	13	16	19	24	36	39	3	2	88	0	146	63	3	0	5	1	0	0	0	
1	5	7	9	11	13	16	20	21	22	2	10	14	18	19	25	26	27	32	33	1	3	74	98	28	1061	9	22	0	0	0	0	0	
0	1	2	6	13	25	30	31	33	38	5	7	9	12	15	22	24	27	28	32	3	0	86	215	4	44	105	0	177	0	0	0	0	
9	10	12	18	20	27	33	35	37	39	1	4	6	13	17	21	23	29	32	34	0	1	82	43	41	0	14	0	22	2	0	0	0	
0	5	13	15	19	24	25	28	33	39	2	4	6	10	11	18	20	26	35	37	3	2	17	101	59	33	0	1	1	0	0	0	0	
2	5	9	14	18	21	26	27	29	37	3	11	12	17	22	24	30	31	34	35	2	3	86	56	40	833	0	1	33	1	0	0	0	
3	8	22	23	24	29	31	32	34	38	0	4	6	11	13	20	25	33	36	39	3	0	41	113	167	4330	10	0	1	2	0	0	0	
1	2	8	10	11	16	27	36	37	38	0	5	7	12	15	21	22	23	25	31	3	1	35	7	6	43	1955	0	5	0	0	0	0	
4	18	20	21	24	30	33	35	38	39	1	9	14	15	17	23	27	28	29	36	0	2	85	744	187	0	382	196	11	0	0	0	0	
0	1	6	7	9	15	17	25	31	35	2	4	5	13	14	18	19	21	28	29	1	3	61	10	0	7768	0	222	7	0	0	0	0	
0	3	5	13	14	15	19	24	26	35	2	4	9	10	16	22	27	28	29	37	1	0	44	165	0	0	50	253	9	1	0	0	0	
0	4	17	25	27	31	32	34	36	39	5	12	14	15	20	23	24	30	35	37	1	1	59	14	8	0	5812	143	0	0	0	0	0	
6	7	15	18	22	25	29	31	35	37	3	11	12	13	20	24	26	27	28	36	2	2	91	10	0	10	0	214	19	10	0	0	0	
4	7	8	12	25	30	31	33	34	35	1	2	3	11	13	15	16	22	23	36	1	3	13	0	5739	5	16	41	0	0	0	0	0	
6	12	14	22	24	30	34	36	38	39	2	3	11	13	15	18	21	25	32	37	0	0	21	491	0	112	0	0	10	1	0	0	0	
1	4	9	12	13	19	28	34	36	39	0	2	3	7	29	31	32	33	35	38	2	1	21	5	5781	0	95	214	3	1	0	1	0	
5	7	8	17	18	25	27	31	35	38	1	10	12	21	24	26	30	32	34	36	1	2	34	20	0	5930	41	0	20	0	0	0	0	
3	7	8	17	21	25	31	33	35	38	1	13	14	19	20	22	29	34	37	39	3	3	93	196	78	0	1412	153	0	1	0	0	0	
1	3	15	18	20	24	25	29	33	36	0	2	5	10	17	19	21	31	32	39	1	0	93	122	0	1610	0	91	6	1	0	0	0	
3	5	9	16	17	19	27	36	37	39	0	4	7	8	11	13	20	21	26	31	2	1	55	34	230	0	15258	1	16	3	0	0	0	
4	5	8	13	15	18	22	24	26	35	0	2	6	7	10	19	20	21	25	36	2	2	73	80	14	0	22	4	0	0	0	0	0	
4	8	11	19	20	23	26	34	36	37	7	10	13	24	27	28	29	30	31	39	2	3	59	26	65	0	13	0	3	0	0	0	0	
4	5	8	17	19	24	28	31	35	36	1	2	3	9	11	12	14	18	20	39	0	0	74	297	20	0	5018	187	9	0	0	0	0	
0	1	4	5	11	12	18	23	27	33	6	10	15	19	21	24	28	31	32	39	0	1	77	25	25	1	57	0	0	0	0	0	0	
3	7	10	12	13	15	21	28	29	32	0	1	4	8	11	16	20	27	30	37	3	2	17	19	0	40	9	0	0	0	0	0	0	
0	12	14	21	27	28	30	33	34	39	2	3	4	8	15	17	20	24	36	37	1	3	64	0	399	16970	0	723	8	0	0	0	0	
10	12	15	20	23	28	29	32	33	36	0	5	9	13	19	21	25	30	31	38	0	0	51	103	48	88	91	124	2	1	0	0	0	
1	4	12	17	18	26	27	29	33	37	0	2	7	9	13	14	15	22	25	36	1	1	88	34	2792	0	874	24	1	0	0	0	0	
2	6	14	15	16	23	24	26	27	36	0	5	10	11	22	25	31	33	34	37	0	2	7	0	16	1419	328	2	11	0	0	0	0	
5	6	7	11	12	13	22	23	30	36	0	3	8	14	16	18	20	28	33	34	3	3	17	0	0	77	29	0	0	0	0	0	0	
7	10	12	14	15	17	19	22	23	25	2	8	9	13	16	18	30	32	34	36	2	0	27	1004	6284	371	122	102	0	15	0	0	0	
0	4	7	9	11	18	21	26	30	34	3	5	12	13	14	20	29	33	36	39	3	1	41	26	30	35	0	351	0	0	0	0	0	
3	4	16	18	23	25	30	32	33	39	0	1	2	6	10	13	26	35	37	38	0	2	66	31	0	4102	0	0	23	0	0	0	0	
0	2	5	12	16	21	31	32	35	39	1	3	4	6	10	15	26	28	29	37	1	3	50	25	62	35	0	116	21	1	0	0	0	
3	6	11	13	14	23	24	26	36	38	0	2	5	9	17	19	21	29	30	35	2	0	60	98	30	0	1766	0	0	1	0	0	0	
9	10	13	15	18	19	26	30	32	38	3	6	8	21	22	24	25	31	35	37	3	1	15	67	0	123	119	0	0	12	0	0	0	
0	5	13	18	20	24	26	28	34	39	4	6	7	12	17	22	29	30	35	38	0	2	94	16	0	2956	299	41	15	0	0	0	0	
2	7	9	12	18	23	31	32	37	38	3	4	6	8	15	19	25	28	30	35	1	3	94	45	0	4272	61	29	0	6	0	0	0	
5	6	13	14	15	16	20	26	32	33	0	4	11	19	21	24	28	29	31	35	3	0	13	102	0	20	12	0	0	0	0	0	0	
2	5	9	17	18	23	26	27	29	38	3	7	8	11	15	21	22	31	33	39	0	1	90	0	6992	0	1157	91	6	1	0	0	0	
6	7	10	14	21	25	26	30	38	39	5	9	15	17	18	22	29	33	35	37	0	2	56	38	12	104	14	5	0	0	0	0	0	
1	3	10	11	12	19	31	32	33	36	7	16	20	24	26	29	30	35	37	39	1	3	50	7	91	196	202	1	0	0	0	0	0	
3	13	18	20	22	25	30	32	36	39	2	5	6	10	12	15	19	26	33	34	2	0	36	461	419	86	0	32	0	0	0	0	0	
0	1	2	12	14	18	20	29	30	34	7	10	11	13	16	19	35	37	38	39	3	1	103	277	0	242	24	17	6	0	0	0	0	
2	10	14	15	27	28	30	33	35	39	3	9	16	17	19	20	21	24	36	37	2	2	89	31	0	15579	48	0	8	1	0	0	0	
0	6	7	10	11	18	25	26	27	30	2	8	9	14	15	19	21	22	31	33	1	3	76	25	17	17	0	0	5	4	0	0	0	
1	3	13	16	20	30	31	32	37	38	2	8	9	17	22	23	24	27	29	39	0	0	68	54	47	0	5399	93	48	0	0	0	0	
0	5	6	7	18	27	28	29	32	39	4	8	9	15	17	22	25	30	33	38	0	1	118	2	104	15	19	0	10	0	0	0	0	
0	2	4	7	11	17	26	30	31	39	6	15	19	21	23	24	25	32	33	36	1	2	51	51	8	0	509	0	11	0	0	0	0	
0	2	4	7	12	14	15	17	19	25	6	8	10	21	26	31	32	34	36	39	1	3	59	0	39788	597	246	389	30	0	0	0	0	
4	18	25	28	32	33	35	36	37	38	3	9	10	11	12	14	15	16	34	39	0	0	61	970	10816	0	2212	206	2	0	0	0	0	
6	11	17	20	21	24	25	26	36	38	1	3	4	7	19	28	32	33	37	39	1	1	31	67	101	131	0	1	292	4	0	0	0	
4	5	8	10	13	16	18	23	25	36	0	15	22	24	26	28	29	30	31	33	2	2	60	71	0	389	146	241	0	0	0	0	0	
7	11	14	22	23	25	26	28	29	31	0	5	8	10	12	13	15	20	27	30	3	3	20	62	0	1337	164	0	9	1	0	0	0	
3	13	16	17	18	22	27	29	30	31	0	4	5	8	12	14	15	20	23	35	0	0	51	442	74	17	16	0	15	0	0	0	0	
2	4	6	15	16	26	27	28	34	37	10	11	19	21	23	31	32	33	35	36	1	1	19	25	70	0	36	0	0	0	0	0	0	
7	8	11	13	16	24	31	32	36	37	1	2	10	14	15	17	21	25	30	38	3	2	54	75	0	9024	345	0	22	0	0	0	0	
0	2	6	7	15	16	21	23	30	37	4	5	9	13	17	20	24	25	36	39	1	3	3	86	13	1	25	0	0	0	0	0	0	
2	3	5	7	14	15	17	23	33	35	9	11	13	19	21	24	28	29	30	38	2	0	53	59	29	6	0	152	0	0	0	0	0	
1	7	11	12	16	19	22	24	34	38	9	10	13	17	18	26	27	29	35	37	1	1	118	26	0	9	20	586	6	0	0	0	0	
2	10	11	14	20	26	31	32	36	38	0	1	5	8	17	22	25	28	30	37	0	2	27	61	28	19	0	246	1	0	0	0	0	
0	1	8	9	13	15	19	26	30	32	3	4	5	10	11	14	20	25	28	34	1	3	55	0	1200	114	0	394	14	1	0	0	0	
0	1	3	4	7	9	24	25	31	34	8	12	16	26	27	33	36	37	38	39	2	0	29	837	253	119	401	144	33	0	0	0	0	
1	5	14	16	20	22	23	24	34	39	2	4	9	10	12	21	25	31	32	37	0	1	42	10	27	4	0	14	0	0	0	0	0	
2	15	18	24	27	28	31	32	35	38	3	6	9	10	11	13	19	29	30	33	1	2	109	49	158	89	14	0	18	0	0	0	0	
1	6	9	10	12	15	17	19	27	32	0	7	8	18	22	29	30	33	36	37	2	3	73	64	48	0	377	0	11	1	0	0	0	
3	9	10	14	17	30	33	35	37	39	7	12	19	22	24	25	27	28	31	34	3	0	78	865	137	12	184	150	24	2	0	0	0	
2	5	6	13	24	30	31	33	36	38	1	7	8	10	12	17	19	22	27	28	1	1	46	39	20	0	3882	0	4	3	0	0	0	
2	4	5	6	12	16	18	23	33	34	0	1	3	8	9	14	20	25	26	31	2	2	5	31	0	0	17	52	0	0	0	0	0	
2	3	4	12	16	17	23	26	28	32	0	5	6	13	14	24	27	31	36	38	3	3	0	0	0	0	0	24	0	0	0	0	0	
1	6	11	13	14	20	21	29	31	32	3	10	12	22	26	30	34	35	37	38	3	0	56	40	0	112	18	0	0	0	0	0	0	
2	5	7	14	22	26	29	34	37	39	1	4	9	13	16	18	21	23	25	32	0	1	102	12	104	178	134	0	13	2	0	0	0	
2	11	14	15	25	26	31	33	34	36	0	4	8	12	13	18	20	29	38	39	2	2	26	0	162	0	44	20	2	2	0	0	0	
0	4	9	17	22	24	27	30	35	38	10	14	16	18	20	21	25	26	29	31	1	3	66	0	7974	686	645	494	0	0	0	0	0	
5	12	15	16	24	26	29	31	32	36	2	4	9	13	14	23	28	30	35	38	1	0	48	111	1391	387	0	373	2	0	0	0	0	
0	4	11	19	22	24	29	31	32	36	1	2	7	9	15	16	23	33	37	38	0	1	84	11	0	46	18	9	0	0	0	0	0	
1	5	7	10	12	15	22	24	30	38	0	2	6	11	14	17	20	23	28	39	3	2	24	23	62	2	0	9	0	0	0	0	0	
6	11	15	18	20	22	23	27	31	33	3	5	7	9	12	16	21	24	35	39	2	3	37	126	11	4	9	30	0	1	0	0	0	
1	4	5	7	10	18	19	22	28	30	3	6	13	14	20	21	23	27	29	33	3	0	60	94	9	0	478	46	1	0	0	0	0	
1	4	10	11	15	18	19	32	37	39	2	6	8	13	16	24	27	31	33	36	0	1	62	54	132	6435	223	235	78	0	5	0	0	
1	4	8	9	15	16	21	28	29	32	3	6	10	12	17	18	22	33	34	35	3	2	58	5	0	69	17	0	45	0	0	0	0	
11	14	15	17	18	24	26	27	33	35	1	2	6	7	19	32	36	37	38	39	3	3	97	33	0	3667	477	226	7	1	0	0	0	
0	2	13	15	23	25	26	27	32	35	6	8	10	11	16	17	19	20	29	30	1	0	85	230	0	54	0	603	12	3	0	0	0	
4	6	7	16	21	22	23	25	26	36	0	5	9	11	13	15	27	28	34	35	3	1	41	0	3928	21	33	23	0	1	0	0	0	
5	13	15	21	23	32	33	34	37	39	1	2	3	16	17	22	26	27	28	38	3	2	102	96	6	0	0	42	1	2	0	0	0	
0	2	8	9	13	22	24	29	35	39	6	10	12	19	20	25	32	33	34	37	0	3	84	25	0	88	1978	0	33	0	0	0	0	
1	3	13	15	18	26	28	29	35	37	4	7	8	10	11	23	25	27	30	39	0	0	66	312	65	30	0	1	71	0	0	0	0	
0	1	2	3	7	9	18	31	37	39	10	12	14	15	19	20	21	28	30	38	3	1	89	65	53	0	1742	0	10	2	0	0	0	
4	6	8	13	14	22	28	29	30	39	1	3	5	7	15	18	19	31	36	38	1	2	79	30	0	948	1434	0	0	0	0	0	0	
8	9	22	28	31	32	33	35	36	38	7	12	13	14	15	16	17	19	29	30	2	3	50	235	0	6859	14	41	28	7	0	0	0	
4	12	13	18	26	28	30	31	33	34	2	8	9	10	11	17	21	22	23	27	2	0	74	26	1422	0	3241	320	4	0	0	0	0	
7	13	14	20	26	29	31	35	36	38	3	6	9	12	15	18	24	27	32	39	2	1	68	34	416	25	13	0	0	0	0	0	0	
0	4	5	11	14	19	31	37	38	39	7	9	10	15	17	20	25	26	28	30	2	2	76	50	203	937	7	0	0	1	0	0	0	
2	3	5	7	21	26	28	34	35	37	0	1	4	14	15	23	27	29	31	33	2	3	57	396	138	5680	511	110	1	0	0	0	0	
6	7	10	11	14	19	25	27	33	37	2	4	8	12	13	15	16	17	30	32	3	0	22	65	0	1871	67	39	0	10	0	0	0	
0	1	2	5	12	17	19	23	26	33	3	7	14	21	25	27	31	32	36	39	2	1	51	10	0	61	0	157	2	0	0	0	0	
0	3	8	21	22	24	25	26	30	34	7	14	15	16	19	23	31	32	35	39	3	2	55	17	5	163	517	233	14	0	0	0	0	
6	11	14	15	22	23	29	35	38	39	1	3	4	9	12	13	20	21	24	37	1	3	62	0	1397	136	303	1	0	1	0	0	0	
0	1	6	9	23	27	28	29	31	35	3	4	5	7	18	22	34	36	37	39	3	0	107	540	0	142	111	6	7	0	0	0	0	
3	12	15	18	23	27	30	31	34	35	0	2	5	6	13	16	19	24	36	39	3	1	86	22	38	0	85	61	4	0	0	0	0	
4	5	7	14	17	22	24	27	28	38	8	10	12	15	26	31	34	35	36	39	1	2	54	29	0	6237	0	1	14	0	0	0	0	
8	16	17	19	20	22	23	26	32	35	0	1	2	5	6	9	12	21	29	37	1	3	90	53	236	0	52	119	0	0	0	0	0	
5	7	10	15	18	23	29	33	34	36	2	8	20	24	26	28	31	32	35	38	1	0	67	64	0	30	16	147	2	0	0	0	0	
2	10	20	21	25	28	33	34	37	38	5	11	14	17	29	30	32	35	36	39	3	1	61	58	362	2467	0	449	1	0	0	0	0	
0	2	3	8	12	14	16	28	31	39	6	7	9	11	19	29	33	36	37	38	2	2	69	20	0	7076	66	0	40	0	0	0	0	
0	1	6	12	15	19	27	31	33	35	7	10	17	23	24	25	28	29	30	36	3	3	73	9	59	0	0	1	0	0	0	0	0	
0	7	11	16	17	20	24	26	29	30	1	6	13	14	18	21	31	32	34	38	3	0	51	156	3	12	34	0	4	0	0	0	0	
0	10	12	15	16	18	25	28	30	32	1	7	8	13	17	27	33	36	37	38	0	1	66	68	57	3680	0	174	3	1	0	0	0	
2	6	8	16	20	23	28	31	35	39	3	5	9	12	21	22	25	26	27	34	1	2	56	51	17	0	0	491	1	0	0	0	0	
0	2	6	9	10	11	14	21	28	38	4	7	8	12	19	22	24	25	31	33	1	3	100	106	8	23	0	36	0	1	0	0	0	
5	8	9	12	18	19	20	25	36	37	0	3	10	16	17	22	29	34	35	39	1	0	102	96	150	0	2675	0	0	0	0	0	0	
2	4	5	11	15	29	32	33	35	36	1	3	7	8	10	12	17	18	21	27	0	1	73	13	0	0	3733	823	334	4	0	0	0	
1	3	4	7	9	10	11	20	27	28	6	13	15	29	32	34	35	37	38	39	3	2	100	0	0	49	62	67	2	0	0	0	0	
3	4	7	14	16	18	19	25	28	37	0	6	10	11	13	15	20	22	29	39	2	3	42	5	148	0	0	62	4	2	0	0	0	
9	13	14	15	20	31	33	34	37	38	4	6	10	12	17	18	19	27	29	32	1	0	106	50	4956	1199	0	142	68	1	0	0	0	
5	6	7	16	18	20	24	33	34	39	8	15	19	23	25	26	30	36	37	38	3	1	102	15	63	0	1051	1	0	0	0	0	0	
1	2	11	13	15	23	31	33	34	38	4	5	6	8	14	20	21	29	35	39	3	2	71	0	61	108	0	0	0	0	0	0	0	
9	13	14	18	21	22	23	31	36	38	1	3	5	8	15	20	29	30	34	39	0	3	75	0	5380	0	6	51	0	0	0	0	0	
1	5	7	9	11	21	25	30	37	39	3	4	6	15	20	22	29	31	36	38	3	0	81	305	553	0	855	112	36	2	0	0	0	
4	6	7	10	23	24	28	31	33	34	1	2	3	17	18	19	25	30	36	37	1	1	48	31	0	0	43	0	34	2	0	0	0	
6	8	9	18	26	31	32	33	34	36	4	5	11	15	17	21	27	28	29	39	1	2	58	0	117	13	0	1	0	0	0	0	0	
2	4	5	8	14	19	24	25	28	34	1	3	7	15	22	23	35	36	37	39	0	3	69	95	0	49	34	0	2	2	0	0	0	
0	10	13	15	16	20	23	26	33	35	3	7	17	18	21	28	30	32	37	38	1	0	80	306	21	71	32	0	13	4	0	0	0	
2	3	12	15	22	24	26	33	37	38	1	10	17	21	23	25	27	28	32	34	1	1	0	31	0	39	100	209	9	0	0	0	0	
3	5	7	8	11	12	14	15	16	23	4	9	10	19	20	25	26	28	31	35	2	2	66	168	140	495	95	0	14	0	0	0	0	
6	10	11	16	17	20	22	24	34	38	0	2	4	5	15	23	30	33	37	39	0	3	81	80	9	5	0	1	4	0	0	0	0	
1	2	4	12	14	21	25	29	35	38	5	6	10	13	17	19	22	26	34	39	1	0	84	83	42	0	0	583	1	0	0	0	0	
8	10	16	20	24	27	28	32	36	37	1	2	9	17	19	25	26	30	31	35	2	1	81	115	19	12	964	0	3	0	0	0	0	
1	6	10	12	14	15	18	24	36	39	0	4	13	21	23	26	27	33	34	35	1	2	57	193	111	0	102	0	11	3	0	0	0	
0	1	4	5	10	14	16	19	32	36	2	3	6	12	15	21	28	29	30	38	3	3	43	509	148	140	25	0	37	0	0	0	0	
0	9	11	15	18	23	25	26	29	36	1	5	10	13	16	17	33	34	35	39	0	0	42	221	7	0	1215	147	41	3	0	0	0	
0	8	11	13	14	15	27	34	35	37	4	5	6	9	12	18	19	26	36	39	0	1	52	0	4206	0	84	114	5	0	0	0	0	
7	9	15	20	23	27	28	35	37	39	1	4	5	16	17	19	21	22	30	32	3	2	88	82	177	0	1039	5	0	0	0	0	0	
4	6	10	16	19	20	25	26	32	34	0	1	7	12	22	23	35	36	37	38	2	3	46	34	127	18	0	12	18	0	0	0	0	
1	14	19	20	21	22	23	27	29	32	0	4	7	8	12	16	17	25	28	36	1	0	69	353	0	45	241	0	6	0	0	0	0	
1	6	8	14	20	24	25	34	36	39	3	5	15	16	17	18	19	28	31	32	1	1	53	11	0	17	21	35	3	0	0	0	0	
1	2	3	11	14	17	20	24	32	35	9	10	12	13	18	25	27	30	33	37	2	2	47	40	16	9	0	73	0	0	0	0	0	
0	15	20	21	25	26	28	30	36	37	1	3	6	8	13	18	19	29	32	33	2	3	86	477	0	11961	0	153	0	0	0	0	0	
1	2	3	7	8	10	11	26	32	36	4	9	13	19	23	25	28	29	31	33	1	0	36	408	95	0	1901	0	0	0	0	0	0	
5	6	8	11	12	14	15	17	25	30	2	9	10	16	22	23	24	29	35	38	2	1	55	71	1299	40	0	1	0	0	0	0	0	
1	4	5	11	16	18	25	29	31	38	3	6	9	10	14	19	23	33	36	39	0	2	75	26	0	5187	6	0	20	0	0	0	0	
0	1	7	9	13	18	24	28	37	38	2	10	14	15	21	22	23	26	30	35	3	3	57	11	43	0	1	0	1	0	0	0	0	
2	6	7	10	12	13	15	24	29	31	0	16	19	20	21	25	27	28	34	37	3	0	61	480	8	78	0	107	20	3	0	0	0	
2	3	6	11	14	19	29	30	34	36	1	10	13	16	28	31	32	35	38	39	3	1	89	0	2796	0	0	15	0	0	0	0	0	
9	11	17	18	19	20	24	25	27	35	0	6	12	13	14	15	16	29	32	34	0	2	32	20	132	0	521	2	12	0	0	0	0	
4	6	12	20	22	23	25	26	32	33	5	10	13	17	18	30	34	36	37	38	0	3	24	10	0	204	111	1	37	0	0	0	0	
9	10	13	14	17	19	20	22	26	39	0	1	3	16	24	25	27	28	30	35	2	0	90	359	0	57215	122	0	48	1	0	0	0	
9	12	13	19	20	22	23	24	26	33	1	2	3	5	11	14	17	28	38	39	0	1	80	14	52	0	120	0	53	0	0	0	0	
2	8	12	16	18	19	23	33	34	38	3	4	7	14	15	20	25	26	29	32	2	2	86	0	141	93	27	12	7	1	0	0	0	
5	6	8	12	15	16	19	21	36	37	10	18	22	26	28	29	32	33	34	39	1	3	88	70	17	46	0	188	1	0	0	0	0	
1	2	6	8	24	30	31	35	38	39	5	7	9	11	12	20	23	29	34	37	3	0	102	455	153	196	205	43	4	0	0	0	0	
6	8	10	12	13	17	20	27	33	37	5	7	11	14	15	24	29	34	35	36	2	1	34	2	0	38	86	69	0	1	0	0	0	
1	3	5	8	17	21	22	29	30	31	0	6	11	13	14	15	25	27	32	33	0	2	55	0	35	18373	14	81	1	0	0	0	0	
0	4	12	13	25	29	30	32	34	37	2	9	14	16	20	21	22	23	33	39	3	3	82	9	125	0	0	84	0	0	0	0	0	
0	3	4	10	19	24	28	32	33	38	1	2	8	11	12	16	22	26	34	36	1	0	51	90	0	11	0	1	0	0	0	0	0	
3	9	10	13	14	19	26	29	31	39	4	5	6	12	18	20	21	22	23	32	0	1	76	6	0	31	0	32	0	0	0	0	0	
2	5	6	13	14	17	18	23	24	29	3	7	15	16	21	26	27	36	38	39	0	2	10	28	152	100	0	1	9	0	0	0	0	
3	8	16	23	24	25	28	32	35	37	10	12	14	15	20	21	22	30	34	39	3	3	55	39	0	46813	67	0	53	0	0	0	0	
1	4	19	21	23	24	28	31	32	39	0	2	6	9	11	12	18	30	36	38	1	0	66	53	46	327	1235	0	0	7	0	0	0	
0	6	11	12	13	18	20	21	27	35	1	3	7	9	16	25	28	34	37	39	1	1	55	122	10	3	0	1	0	0	0	0	0	
0	4	6	17	18	21	24	28	36	38	1	7	10	11	14	20	22	23	31	37	1	2	53	44	9	6	0	1	18	1	0	0	0	
6	10	13	14	16	21	28	30	33	38	0	5	8	12	15	19	22	31	34	36	0	3	56	33	0	245	165	0	0	0	0	0	0	
0	2	9	17	19	20	21	25	26	31	5	6	10	11	13	22	27	28	35	36	2	0	76	277	549	129	15	17	0	0	0	0	0	
0	2	4	5	9	15	17	19	24	36	7	10	12	14	22	23	26	27	35	38	0	1	77	79	783	0	30	0	39	0	0	0	0	
2	4	16	17	19	24	30	31	35	37	0	1	3	13	18	20	22	27	29	39	2	2	72	7	0	24	113	0	3	2	0	0	0	
0	4	7	9	10	14	19	22	28	34	2	3	13	15	16	18	24	27	32	38	2	3	13	53	0	3	0	74	2	0	0	0	0	
10	13	14	17	19	20	26	28	33	34	2	3	5	6	8	18	22	24	27	32	1	0	88	226	119	2304	0	298	33	1	0	0	0	
6	8	14	17	21	24	26	31	33	38	2	4	9	10	15	19	29	35	36	37	3	1	81	27	15	56	6	0	13	0	0	0	0	
4	6	13	16	25	30	32	34	36	39	2	5	9	10	14	17	23	26	29	33	2	2	83	112	413	2388	9	0	0	0	0	0	0	
5	9	12	15	16	22	23	29	35	37	3	4	6	8	10	11	13	28	30	39	0	3	90	45	0	20	0	1	3	0	0	0	0	
4	5	8	12	13	15	19	21	23	32	0	3	14	16	20	22	24	27	33	38	1	0	42	425	25	39	0	5	0	0	0	0	0	
2	4	5	9	12	14	15	26	32	36	1	6	17	19	22	23	33	34	35	39	2	1	80	77	67	12	0	10	0	5	0	0	0	
0	1	2	4	8	11	28	30	31	33	3	5	6	12	14	19	34	36	37	38	3	2	89	8	0	35	18	300	20	0	0	0	0	
0	1	2	11	14	17	24	32	37	38	7	8	9	10	13	20	21	23	31	33	3	3	74	105	23	0	488	11	0	0	0	0	0	
1	4	5	6	7	14	24	29	32	37	0	3	13	17	26	31	34	36	38	39	2	0	45	820	183	0	65	46	0	7	0	0	0	
1	9	10	18	19	23	25	30	35	37	4	12	13	14	16	21	22	26	29	34	0	1	65	48	159	27	12	91	0	4	0	0	0	
0	6	7	9	15	24	25	32	34	39	2	3	5	19	21	26	28	29	30	36	3	2	58	27	36	0	0	7	0	0	0	0	0	
1	6	8	14	17	19	22	24	33	37	12	13	15	18	26	28	29	30	32	39	1	3	80	8	0	23	3	0	2	2	0	0	0	
12	14	15	16	18	20	22	30	34	37	3	7	8	9	11	23	26	27	29	33	2	0	92	78	16	361	88	495	34	3	0	6	0	
5	6	8	16	17	24	26	30	31	35	0	3	4	19	22	23	25	29	33	34	1	1	18	25	13	0	24	0	10	1	0	0	0	
6	10	12	20	23	25	27	28	37	38	1	2	14	15	16	17	22	24	26	33	0	2	21	0	4153	82	52	0	5	0	1	0	0	
0	7	13	15	18	22	24	32	35	38	1	5	10	14	19	23	30	34	37	39	0	3	41	37	31	0	75	2	3	2	0	0	0	
8	11	12	15	16	20	27	32	35	38	0	2	6	7	9	13	26	29	30	34	0	0	83	156	0	0	34884	725	17	1	0	0	0	
0	1	6	7	8	18	22	24	27	29	2	17	19	20	21	26	28	30	35	39	0	1	85	402	5479	162	0	113	14	1	0	0	0	
3	9	16	20	21	25	28	37	38	39	0	7	10	12	19	22	23	29	32	36	2	2	98	18	8	0	645	0	0	0	0	0	0	
1	8	12	13	21	24	27	32	34	35	3	4	5	7	20	23	25	29	31	39	0	3	50	0	0	293	106	59	8	0	0	0	0	
0	1	3	9	13	19	28	29	32	33	6	8	20	21	22	24	31	36	37	38	3	0	99	685	44	0	13	1035	0	2	0	0	0	
3	7	8	11	17	26	31	33	34	39	5	6	10	12	13	20	21	25	36	37	1	1	60	39	23	113	121	0	79	0	0	0	0	
3	5	6	10	11	21	22	23	25	29	1	4	13	20	24	28	31	34	38	39	2	2	79	8	74	0	0	237	7	3	0	0	0	
2	5	6	8	10	20	25	27	31	37	4	7	11	15	21	22	26	29	30	36	3	3	13	9	0	37	5	30	0	0	0	0	0	
3	6	8	10	13	16	17	21	22	33	9	14	18	24	26	28	35	36	37	38	1	0	65	274	47	0	38	0	0	0	0	0	0	
3	6	7	12	18	20	25	30	31	37	0	4	14	16	17	21	22	24	34	35	2	1	23	12	42	9	0	1	0	1	0	0	0	
0	9	11	12	18	24	25	33	36	39	3	10	15	22	23	26	27	30	34	35	2	2	20	38	0	40	14	192	4	0	0	0	0	
0	1	2	7	14	15	16	25	31	36	8	11	12	18	22	28	29	32	34	35	2	3	39	0	7030	0	75	0	0	0	0	0	0	
0	1	4	12	18	23	25	32	34	37	5	6	7	11	14	15	16	19	21	28	1	0	72	161	0	4076	223	300	17	0	0	0	0	
2	7	10	18	20	22	25	26	28	36	0	1	5	11	16	24	30	32	34	35	0	1	24	0	26	4716	2722	0	8	1	0	0	0	
1	3	6	11	23	24	27	30	34	37	0	8	10	13	18	20	22	25	26	28	0	2	17	19	2767	306	32055	0	12	2	0	0	0	
2	4	5	9	12	20	21	26	33	36	0	8	11	15	16	23	24	30	34	35	1	3	21	0	41	1	0	102	0	0	0	0	0	
0	4	12	22	26	27	29	32	34	35	1	3	6	7	11	14	17	28	31	33	1	0	42	152	0	0	10	4	1	0	0	0	0	
4	6	14	15	26	28	31	34	36	37	8	9	12	16	21	27	29	30	33	38	0	1	79	6	0	381	357	7	2	0	0	0	0	
5	11	17	18	20	21	22	24	29	38	0	6	9	13	19	27	28	31	34	35	0	2	53	0	8051	30	37	119	10	1	0	0	0	
0	3	5	8	12	18	19	33	34	37	6	9	10	11	15	21	22	24	29	36	1	3	63	51	210	172	114	51	1	0	0	0	0	
3	9	11	17	18	19	25	27	28	29	4	6	8	12	13	16	23	30	38	39	0	0	85	171	138	18510	2350	0	2	0	0	0	0	
2	11	15	25	27	29	30	34	36	37	1	6	8	10	16	17	19	24	33	39	3	1	89	10	237	0	2319	228	0	0	0	0	0	
4	12	14	16	17	24	30	31	32	33	2	3	7	13	15	22	27	29	36	37	0	2	16	15	66	0	1172	0	0	0	0	0	0	
0	1	6	13	18	22	24	25	36	39	5	11	12	15	17	19	23	29	31	33	1	3	99	19	43	61	0	1	1	0	0	0	0	
0	3	5	9	19	28	30	33	34	36	4	7	8	10	11	14	16	21	24	39	2	0	74	209	20	0	6037	1	20	1	0	0	0	
17	20	22	23	24	31	32	35	37	39	2	3	10	11	12	13	18	26	34	38	3	1	93	53	219	170	174	0	3	7	0	0	0	
8	13	15	16	21	22	24	33	36	39	1	2	11	28	31	32	34	35	37	38	1	2	61	33	11	0	2651	45	3	0	0	0	0	
1	4	5	12	13	15	20	25	31	35	0	2	3	10	19	23	30	33	38	39	3	3	92	71	0	130	110	10	3	1	0	0	0	
1	9	11	13	24	27	28	29	35	38	0	2	4	5	8	22	25	33	34	36	3	0	89	183	22	0	16467	82	13	6	0	0	0	
0	1	5	8	14	18	30	31	32	36	3	6	10	11	15	17	22	27	35	39	0	1	67	91	707	17	195	0	0	1	0	0	0	
5	7	9	13	20	23	27	30	32	38	2	3	4	16	18	19	22	31	37	39	3	2	85	39	2605	0	4501	6	3	0	0	0	0	
1	5	7	8	9	11	15	33	36	38	6	14	16	17	19	23	28	32	34	39	0	3	83	85	40	0	7910	1	31	0	0	0	0	
4	8	10	11	13	14	19	25	27	38	1	2	12	16	20	21	23	29	31	37	3	0	29	46	0	963	0	0	6	0	0	0	0	
3	8	9	12	15	20	21	29	38	39	5	7	13	14	16	18	25	27	28	34	3	1	50	5	23	0	7147	0	5	0	0	0	0	
0	14	16	20	21	23	27	31	36	38	1	8	10	11	15	25	26	28	33	34	0	2	12	37	0	0	108	17	10	0	0	0	0	
0	4	8	11	14	24	30	33	36	39	1	6	7	9	12	18	22	32	34	35	0	3	81	0	7084	114	14381	0	7	6	0	0	0	
2	7	8	11	13	16	20	23	25	36	4	6	9	12	17	30	32	34	37	39	0	0	30	108	17	0	1042	14	3	0	0	0	0	
2	3	4	9	19	25	26	34	36	37	1	5	6	8	10	11	14	18	29	39	1	1	102	0	1901	468	8	353	2	0	0	0	0	
10	12	15	18	19	22	24	27	32	35	0	1	4	9	20	21	25	31	33	34	1	2	81	47	0	773	1374	2	63	1	0	0	0	
4	13	15	16	22	24	25	27	28	33	0	3	5	8	11	12	19	20	29	35	1	3	34	44	164	0	0	1	10	3	0	0	0	
1	3	12	13	19	24	25	36	38	39	0	6	9	11	17	22	30	32	35	37	3	0	90	100	0	6	0	28	1	0	0	0	0	
0	2	20	24	26	29	30	33	38	39	3	4	10	12	14	18	19	21	22	28	2	1	85	209	338	0	1268	2	8	3	0	0	0	
6	7	13	14	15	23	28	30	35	38	3	5	8	10	17	18	20	21	36	37	2	2	25	7	190	0	27	26	1	0	0	0	0	
3	4	11	12	14	15	26	27	33	37	0	8	10	17	18	25	30	34	35	36	3	3	73	10	0	25	24	0	9	0	0	0	0	
4	9	11	14	16	17	20	23	30	35	2	6	8	13	24	26	27	29	33	38	0	0	90	147	0	19545	0	74	0	0	0	0	0	
5	9	10	16	19	25	27	33	36	38	2	6	13	14	18	23	24	31	32	35	3	1	48	11	35	0	908	0	6	0	0	0	0	
0	1	12	16	22	25	27	33	34	35	2	4	6	8	9	11	21	28	29	32	2	2	34	40	20	0	0	29	1	0	0	0	0	
0	4	6	10	11	19	20	32	34	35	2	14	17	18	21	23	25	30	33	38	3	3	74	17	5	0	35	0	2	1	0	0	0	
2	6	12	13	14	16	18	25	36	38	4	7	8	9	26	31	34	35	37	39	2	0	28	51	0	64	40	1	0	0	0	0	0	
4	8	10	14	24	26	34	35	36	38	0	5	6	15	17	18	19	23	28	30	2	1	43	17	0	121	766	10	0	2	0	0	0	
0	2	6	10	12	18	26	27	30	36	5	7	11	13	14	16	23	35	38	39	2	2	20	4	28	4	15	0	0	0	0	0	0	
2	3	8	14	19	21	22	26	28	29	1	5	11	12	16	30	31	32	34	37	3	3	49	16	1	0	29	0	5	0	0	0	0	
1	8	9	10	12	15	19	24	35	36	2	3	7	11	17	25	27	29	38	39	3	0	74	186	0	68	288	0	5	0	0	0	0	
1	9	16	19	20	26	29	34	36	38	4	6	7	12	14	15	21	25	27	35	1	1	79	15	0	41	248	1	10	0	0	0	0	
1	2	4	14	17	19	25	27	33	35	0	3	6	12	13	18	22	23	30	31	2	2	44	21	0	401	17	0	4	0	0	0	0	
5	10	13	16	22	23	27	28	29	33	2	3	11	15	17	19	26	34	38	39	0	3	48	0	7676	80	92	20	0	1	0	0	0	
1	5	6	7	8	10	20	24	32	33	0	2	15	17	18	19	26	29	30	34	0	0	62	460	0	94	4926	0	11	3	0	0	0	
8	10	12	13	16	17	18	26	30	31	0	1	5	6	9	19	22	24	25	35	3	1	0	26	0	71	3	31	4	0	0	0	0	
1	4	13	21	29	32	34	35	36	37	0	6	9	11	14	19	20	26	27	33	0	2	92	101	0	93	192	80	2	0	0	0	0	
1	4	7	10	11	24	25	29	33	37	0	2	12	13	14	16	22	35	38	39	0	3	46	44	0	17	5	33	19	0	0	0	0	
1	3	5	7	10	15	20	27	29	37	0	4	6	9	13	18	22	28	30	33	2	0	56	201	12	0	103	40	4	1	0	0	0	
0	1	7	10	11	14	20	24	32	37	5	9	15	16	21	26	27	29	31	38	0	1	52	28	0	8	46	23	3	0	0	0	0	
9	16	18	21	30	31	32	34	35	38	1	4	7	14	24	28	29	33	36	37	2	2	106	51	56	0	11076	1	3	0	0	0	0	
6	7	13	15	21	22	25	29	32	35	0	3	12	14	26	30	31	34	36	38	2	3	71	29	0	77	0	1	1	0	0	0	0	
1	2	7	14	15	16	20	25	33	36	4	11	13	17	22	23	27	37	38	39	3	0	53	186	2	24	19	0	0	0	0	0	0	
1	5	8	11	14	17	21	22	30	38	0	3	13	15	16	18	26	29	35	37	2	1	39	0	0	16	0	1	3	1	0	0	0	
4	5	6	10	12	15	20	26	30	39	0	1	3	11	24	27	31	32	35	36	1	2	26	19	10	0	95	7	0	0	0	0	0	
4	10	16	19	31	32	33	34	35	39	2	6	7	11	20	21	25	29	30	38	2	3	44	0	922	15	12	137	3	0	0	0	0	
5	9	12	15	16	22	23	29	35	37	3	4	6	8	10	11	13	28	30	39	0	0	93	66	0	5218	0	9	1	0	0	0	0	
4	7	8	10	30	31	32	34	35	36	0	1	9	13	14	16	17	19	27	37	0	1	95	420	246	0	1340	115	0	8	0	0	0	
6	9	11	24	25	28	33	34	37	39	1	8	12	13	16	18	19	23	31	35	0	2	45	0	17	0	5858	0	0	0	0	0	0	
4	8	11	19	25	26	28	30	33	35	2	6	9	12	15	16	23	29	31	37	2	3	55	3	481	6	0	70	1	0	0	0	0	
6	9	10	11	16	20	22	23	26	32	1	2	4	12	27	30	34	35	36	39	3	0	65	468	0	23879	47	51	0	0	0	0	0	
4	9	10	13	24	27	31	34	36	38	0	1	5	12	19	20	22	25	28	39	1	1	46	294	71	0	20	48	0	10	0	0	0	
6	7	8	18	21	24	26	28	36	38	1	3	4	5	9	20	23	27	29	32	2	2	118	18	1	0	4210	10	4	0	0	0	0	
4	6	10	14	15	21	22	25	31	34	1	2	5	8	13	24	26	29	33	39	2	3	26	12	33	11	215	22	0	0	0	0	0	
0	7	9	11	13	26	27	36	37	38	1	2	5	6	15	22	29	31	34	35	2	0	55	17	118	100	51	0	3	0	0	0	0	
0	1	2	7	10	12	15	28	30	39	4	5	9	16	18	20	25	32	34	37	3	1	52	45	1	24	0	1	0	0	0	0	0	
2	10	13	18	23	30	32	36	37	39	4	7	8	11	15	19	20	24	26	33	0	2	32	40	0	589	400	86	4	0	0	0	0	
1	3	5	10	12	19	22	23	30	35	8	14	18	20	24	25	27	33	36	38	0	3	55	42	8	0	0	16	0	0	0	0	0	
3	8	10	11	19	29	35	36	37	38	5	9	14	15	17	21	25	26	32	34	2	0	37	228	0	40	47	40	17	3	0	0	0	
7	11	13	18	19	24	25	27	28	32	4	5	10	15	22	23	26	30	31	34	2	1	79	60	3416	2338	0	2	0	1	0	0	0	
6	7	13	15	16	21	24	30	31	39	4	12	18	19	25	26	27	29	35	37	1	2	76	22	8	0	123	0	48	0	0	0	0	
12	15	17	18	19	26	28	33	36	38	6	9	11	14	21	22	24	25	30	31	3	3	69	95	20035	170	107	0	24	0	0	0	0	
5	6	11	17	20	28	29	30	34	38	4	7	8	13	18	23	25	27	31	39	0	0	101	153	0	167	15	2	0	0	0	0	0	
3	10	12	13	19	27	28	31	32	34	2	4	9	11	18	22	29	30	37	38	1	1	88	28	36	0	67	1	2	0	0	0	0	
1	2	18	24	25	26	28	31	35	38	0	3	5	8	14	21	22	23	30	33	2	2	82	0	8664	19	59	90	4	1	0	0	0	
2	4	8	12	14	16	19	21	24	38	1	3	7	9	10	13	18	25	35	37	2	3	32	8	3	0	43	1	5	0	0	0	0	
0	8	9	14	21	22	23	29	35	39	5	6	7	12	20	24	26	32	34	37	2	0	81	199	3	0	890	10	0	0	0	0	0	
3	8	19	22	28	30	31	32	35	38	2	5	7	11	12	17	25	33	36	37	1	1	27	7	0	3195	13	0	36	0	0	0	0	
4	8	10	11	15	19	28	29	32	37	0	1	7	12	18	21	23	26	34	35	1	2	91	3	0	11	0	1	7	0	0	0	0	
4	6	8	11	12	14	17	18	29	39	1	2	7	10	21	28	30	32	35	36	1	3	64	164	1679	0	0	1	8	1	0	0	0	
0	16	18	24	25	27	29	30	31	37	1	6	10	11	12	14	21	26	33	34	2	0	36	297	20	230	0	117	1	1	0	0	0	
2	3	5	13	24	27	28	30	31	35	6	9	15	16	22	23	25	26	37	38	3	1	42	0	56	20	0	142	0	0	0	0	0	
5	9	11	14	15	19	21	24	25	31	0	1	2	7	13	23	26	35	36	39	1	2	74	49	0	504	4505	50	0	1	0	0	0	
1	2	11	15	16	19	23	24	32	34	0	8	10	13	18	27	28	31	35	39	1	3	61	0	0	204	50	0	0	0	0	0	0	
10	11	12	22	25	34	36	37	38	39	3	7	8	14	17	18	21	27	30	32	1	0	44	278	0	778	298	1	33	4	310	0	0	
4	10	14	17	25	29	31	34	35	36	11	12	13	15	19	20	22	24	26	38	1	1	62	76	100	207	0	163	6	0	0	5	0	
0	3	12	19	20	21	26	28	32	34	2	5	7	14	16	29	33	36	38	39	3	2	92	54	0	9603	0	21	0	0	1	0	0	
2	6	10	12	13	14	20	24	27	30	0	1	16	18	23	26	35	36	38	39	3	3	23	13	4	0	0	73	25	0	0	0	0	
1	6	7	12	13	15	16	26	27	30	0	5	10	11	18	28	31	34	35	39	1	0	83	69	776	49	67	30	1	0	0	0	0	
1	2	8	9	10	11	15	21	23	24	3	5	6	13	14	18	26	28	30	36	2	1	39	268	1051	7	0	25	0	0	0	0	0	
2	11	12	16	17	20	22	28	37	38	6	7	21	24	25	26	27	29	30	31	3	2	87	23	18	0	5058	30	0	0	0	0	0	
5	13	14	16	17	18	21	23	27	38	3	7	15	22	24	25	28	32	35	36	0	3	17	248	8057	0	27600	1	4	1	0	0	0	
1	8	15	16	20	22	25	28	31	38	2	5	7	12	13	23	29	30	32	33	3	0	66	141	0	0	69	0	6	1	0	0	0	
3	4	6	13	15	25	26	29	32	34	2	5	7	10	12	22	28	30	35	36	2	1	47	20	0	40	11	0	0	0	0	0	0	
4	8	21	22	25	26	32	35	38	39	1	5	6	7	11	15	17	23	27	30	0	2	56	223	21	0	9761	3	1	0	0	0	0	
0	1	7	9	12	13	17	20	26	36	8	10	11	18	21	23	28	30	35	38	0	3	88	0	3042	44	0	15	24	4	0	0	0	
0	1	13	15	21	24	30	34	38	39	10	12	16	19	20	25	28	29	33	36	0	0	45	49	0	236	78	52	18	0	0	0	0	
7	12	13	14	15	30	31	33	36	37	1	3	5	10	16	24	27	28	35	39	2	1	35	61	36	0	3	7	2	3	0	0	0	
1	9	12	19	20	24	26	27	35	37	2	4	10	11	13	16	18	22	29	30	1	2	108	19	0	4357	0	203	1	0	0	0	0	
0	3	7	9	10	12	17	19	30	36	4	11	13	22	23	27	29	32	33	37	0	3	49	110	55	84	0	110	31	4	0	0	0	
0	4	7	13	14	21	27	29	33	37	1	6	9	10	11	16	18	23	30	32	2	0	58	68	0	40	0	13	0	0	0	0	0	
0	5	14	16	19	21	24	27	31	34	2	8	12	17	20	22	28	29	33	39	1	1	54	21	17	0	72	0	1	0	0	0	0	
0	1	2	4	8	12	14	17	24	31	5	7	9	10	13	19	22	34	36	38	0	2	85	99	77	14	69	6	0	0	0	0	0	
9	12	22	25	29	31	32	34	36	38	3	6	7	13	14	15	16	19	23	24	0	3	65	135	78	224	77	0	0	1	0	0	0	
9	18	20	22	23	25	26	30	33	36	2	4	12	13	15	16	21	24	31	32	2	0	70	250	7118	17147	348	29	12	0	0	0	0	
2	3	4	5	13	18	20	29	30	38	8	9	10	19	22	23	26	32	34	36	2	1	68	32	32	1	32	0	2	0	0	0	0	
7	8	9	11	15	16	17	31	33	39	1	3	10	14	22	24	28	30	34	37	0	2	30	18	388	0	1159	120	3	2	0	0	0	
3	4	9	18	19	27	29	34	38	39	0	1	6	7	16	21	23	24	33	36	2	3	65	10	27	0	3	0	0	0	0	0	0	
9	10	11	13	14	20	21	27	32	37	5	8	17	19	23	24	26	34	35	36	0	0	54	53	76	0	21	232	0	3	0	0	0	
3	10	12	15	20	21	29	30	31	37	0	1	7	13	17	22	23	32	33	35	1	1	36	0	49	2025	28	8	2	0	0	0	0	
5	7	10	13	14	17	18	25	34	37	0	1	2	6	9	12	20	29	33	39	2	2	56	10	0	0	9938	41	143	1	0	0	0	
10	13	17	19	28	30	32	35	37	38	1	3	5	6	14	15	18	24	31	39	0	3	25	97	3240	59	58	117	0	0	0	0	0	
0	2	4	6	8	14	27	28	29	37	3	5	10	12	13	16	22	32	36	38	2	0	53	309	147	0	1476	116	19	0	0	0	0	
0	1	3	4	6	15	17	18	23	33	8	13	14	16	20	21	25	29	30	34	0	1	25	103	609	0	72	1	0	0	0	0	0	
1	7	11	12	14	16	22	28	35	36	0	4	6	13	17	19	23	27	32	39	3	2	88	16	0	11	70	10	11	3	0	0	0	
0	4	7	11	12	14	17	26	28	33	3	5	8	9	10	13	19	24	29	37	0	3	72	8	69	0	77	138	0	0	0	0	0	
3	7	19	21	26	31	32	34	37	38	8	11	12	14	15	22	24	27	28	33	2	0	63	325	0	11	0	1	13	0	0	0	0	
1	11	12	14	15	16	22	25	28	32	5	8	13	19	20	26	33	36	37	38	0	1	33	11	102	25	347	0	17	0	0	0	0	
2	5	12	13	14	22	26	28	31	39	0	9	10	16	18	20	23	24	25	36	1	2	89	69	0	13	309	0	0	0	0	0	0	
3	5	6	14	21	23	27	30	32	37	0	8	9	19	24	26	29	31	34	38	0	3	44	10	5	82	124	0	1	0	0	0	0	
0	2	3	13	14	18	20	29	32	38	1	4	7	8	10	11	17	21	23	26	3	0	58	51	16	0	45	16	2	0	0	0	0	
10	14	16	19	20	28	30	32	35	38	3	12	15	18	21	25	26	27	37	39	3	1	65	32	81	229	12226	28	0	0	0	0	0	
0	4	5	14	24	26	27	28	37	39	6	8	13	15	16	18	19	21	23	38	0	2	76	29	1500	22	73	33	2	0	0	0	0	
2	4	8	13	14	18	22	29	30	32	5	7	9	12	20	25	26	33	35	36	0	3	69	28	0	83	1416	0	1	0	0	0	0	
9	15	19	20	24	26	34	35	36	39	5	10	18	21	23	25	28	29	37	38	3	0	116	39	2060	67	0	1	12	1	0	0	0	
2	3	5	7	8	13	21	23	26	29	1	9	17	20	22	28	31	32	33	34	1	1	19	0	211	175	101	30	27	1	0	0	0	
6	8	9	11	16	18	20	25	27	32	0	2	7	13	17	21	28	29	34	39	3	2	51	31	71	523	0	37	9	0	0	0	0	
0	1	3	6	10	12	17	19	27	28	7	11	14	15	18	20	22	29	30	39	0	3	90	98	147	9669	0	368	1	0	0	0	0	
0	11	13	16	17	24	25	28	36	39	1	4	10	18	19	20	26	31	32	37	2	0	81	97	0	10715	137	97	10	0	0	0	0	
1	2	4	5	21	22	25	29	32	37	6	7	9	23	24	27	33	35	38	39	0	1	48	45	1286	325	1874	14	0	0	0	0	0	
0	4	8	9	14	25	27	33	37	38	1	10	11	16	19	20	23	29	31	36	2	2	68	0	129	4312	771	186	1	0	0	0	0	
3	11	12	13	16	24	25	26	35	36	0	9	10	15	17	19	22	27	33	37	0	3	30	90	0	0	72	113	1	0	0	0	0	
7	14	19	21	23	27	31	34	37	38	2	9	13	17	18	26	28	29	30	35	2	0	104	531	20	90	0	166	32	0	0	0	0	
3	9	15	19	22	26	28	30	33	37	1	2	5	6	14	18	20	21	24	35	3	1	25	11	85	63	19	0	7	3	0	0	0	
1	3	12	18	19	28	30	31	33	34	0	4	7	9	11	13	23	32	35	38	3	2	73	0	882	473	187	15	18	0	0	0	0	
8	14	15	17	19	22	24	26	29	36	5	9	12	13	21	30	31	33	34	38	2	3	61	88	31	0	53	0	18	1	0	0	0	
14	22	26	29	30	31	32	33	35	38	1	3	9	10	12	15	21	27	37	39	2	0	74	293	311	1709	0	0	4	0	0	0	0	
1	8	11	18	26	27	31	33	36	37	2	5	6	13	15	16	22	24	34	39	1	1	45	14	0	64	0	11	1	0	0	0	0	
1	2	5	18	20	30	32	33	34	37	4	6	9	10	14	15	19	29	35	39	3	2	95	26	17	0	541	16	4	1	0	0	0	
5	10	12	17	24	27	28	34	36	39	4	6	7	14	15	18	22	32	33	35	0	3	8	13	45	0	0	1	6	0	0	0	0	
0	5	7	11	13	17	18	19	23	38	3	22	24	26	27	28	30	32	33	34	3	0	28	119	0	159	13221	0	87	3	0	0	0	
0	3	4	5	12	23	24	33	35	39	1	9	10	13	22	29	34	36	37	38	3	1	89	9	16	0	327	69	0	1	0	0	0	
1	2	23	24	30	32	33	37	38	39	5	6	8	9	12	21	27	28	31	35	3	2	89	285	0	0	607	273	19	1	1	0	0	
1	2	7	12	13	15	20	26	29	31	4	5	6	11	14	25	33	35	36	37	2	3	40	12	0	321	25	40	0	2	0	0	0	
3	6	10	13	16	23	25	33	36	37	1	4	8	11	18	24	26	28	34	35	0	0	33	241	0	41	28	14	0	0	0	0	0	
4	8	10	15	16	17	18	22	31	35	5	6	13	20	30	32	36	37	38	39	0	1	33	0	684	230	113	1	5	0	0	0	0	
2	4	10	11	13	14	15	22	32	39	0	1	5	6	23	29	33	34	35	37	1	2	3	0	134	0	12	47	4	0	0	0	0	
4	7	9	14	15	24	34	35	36	38	0	1	12	13	16	19	23	27	29	37	3	3	89	0	3559	115	0	1	5	0	0	0	0	
2	7	8	13	20	21	25	26	32	39	1	16	17	19	23	27	30	33	36	37	0	0	71	126	4	52	23	0	0	1	0	0	0	
2	9	10	13	16	20	23	25	28	33	1	4	6	11	15	17	19	22	32	35	3	1	66	19	0	6124	298	212	3	1	0	0	0	
0	3	7	9	20	23	25	26	33	39	1	10	11	15	16	19	24	30	32	34	0	2	46	7	0	11573	86	153	11	3	0	0	0	
0	14	15	16	17	20	24	26	32	35	4	5	10	12	13	23	25	28	29	30	2	3	43	42	0	94	252	19	0	0	0	0	0	
8	9	13	15	20	28	31	34	35	38	0	3	7	14	16	19	32	36	37	39	1	0	61	209	0	82258	91	4703	52	0	0	0	0	
9	13	17	19	21	28	29	30	35	36	0	6	8	12	18	23	24	27	31	37	3	1	57	0	5813	169	22	21	0	2	0	0	0	
2	4	5	6	17	19	25	26	28	29	13	14	15	20	22	30	31	33	37	38	2	2	82	19	0	13239	5501	509	2	0	0	0	0	
1	3	6	21	26	32	33	35	36	39	5	16	20	22	25	27	28	30	31	37	3	3	96	234	94	642	391	383	11	0	0	0	0	
0	5	8	12	19	22	29	30	34	39	2	13	17	20	23	25	27	28	35	37	1	0	58	64	34	4	57	21	0	2	0	0	0	
0	8	10	13	15	17	23	35	38	39	3	4	5	11	12	14	19	20	27	36	0	1	46	0	7295	69	886	423	0	0	0	0	0	
0	1	4	13	17	21	22	23	31	38	5	9	10	12	18	19	20	29	36	39	0	2	87	0	0	5	0	1	0	0	0	0	0	
1	9	12	16	18	19	20	21	24	30	4	11	15	26	29	33	34	35	36	37	1	3	66	57	36	226	0	1	0	2	0	0	0	
0	2	4	6	7	8	21	24	25	38	5	9	10	12	14	18	19	23	30	31	2	0	33	407	313	164	510	118	0	3	0	0	0	
2	4	12	14	16	18	19	25	28	37	8	15	17	22	23	30	31	35	36	38	0	1	65	134	15	8	0	108	0	3	0	0	0	
0	1	4	13	17	23	25	33	35	37	2	5	6	8	9	18	19	24	26	34	2	2	62	52	22	118	0	173	0	2	0	0	0	
2	6	11	13	15	18	25	28	30	37	0	7	14	21	27	29	33	34	36	39	0	3	30	26	0	100	5217	122	27	4	0	0	0	
2	8	15	20	24	25	26	29	34	36	1	4	6	7	11	13	16	17	30	35	1	0	47	167	0	0	153	4	2	2	0	0	0	
2	5	8	17	22	23	27	29	34	35	3	6	7	13	16	18	20	25	38	39	2	1	61	28	12	40	0	274	3	0	0	0	0	
2	5	6	17	19	22	24	25	28	36	8	9	13	15	18	20	27	29	30	35	1	2	80	19	0	3370	14	66	1	0	0	0	0	
0	2	5	11	17	23	29	31	36	38	9	10	19	21	26	27	32	34	37	39	0	3	53	14	18	2	0	1	3	0	0	0	0	
0	5	6	14	16	19	21	33	35	39	8	9	12	15	17	20	22	27	29	30	2	0	105	206	319	0	44	25	1	0	0	0	0	
2	10	17	19	20	21	24	25	27	36	1	4	6	7	15	23	28	31	34	35	1	1	15	0	0	44	7624	30	4	0	0	0	0	
2	6	10	16	17	18	19	22	24	36	0	1	3	9	11	20	21	34	37	39	2	2	62	46	18	2306	947	0	1	0	0	0	0	
0	1	5	9	16	18	21	23	25	30	3	14	19	26	27	28	34	35	36	37	2	3	42	259	0	44	105	347	7	0	0	0	0	
0	2	4	5	10	15	17	26	30	37	3	6	12	13	20	21	22	24	35	39	0	0	52	182	2	236	235	0	18	0	0	0	0	
0	3	5	6	10	20	22	27	28	30	8	9	12	13	14	17	19	23	36	38	1	1	103	111	43	318	0	217	1	0	0	0	0	
1	6	14	20	25	26	27	33	35	38	7	8	9	10	11	12	24	30	31	32	1	2	53	49	19	0	1128	0	5	1	0	0	0	
7	14	16	18	22	25	28	31	33	34	4	5	6	10	15	19	24	29	35	38	0	3	46	1	0	0	58	1	13	0	0	0	0	
2	3	4	9	10	14	23	24	27	34	0	8	12	15	16	20	26	28	29	35	3	0	31	57	0	42	223	210	2	0	0	0	0	
6	13	19	21	25	28	30	32	35	39	2	3	16	22	24	26	27	31	33	38	2	1	63	67	2574	0	16	0	17	0	0	0	0	
0	6	13	18	26	28	30	31	33	37	3	4	9	10	12	22	23	25	29	32	3	2	77	17	0	16	0	1	0	0	0	0	0	
3	10	14	19	22	24	26	27	28	33	0	7	8	9	12	17	18	31	35	36	2	3	53	290	207	36	2056	0	0	3	0	0	0	
1	2	3	6	11	17	26	33	37	39	9	10	12	13	15	25	27	28	30	35	3	0	63	73	10	0	98	0	2	1	0	0	0	
5	7	8	15	18	19	27	32	36	37	0	6	9	10	14	30	31	35	38	39	2	1	44	56	282	0	110	0	0	1	0	0	0	
7	8	12	26	30	31	33	34	35	39	0	6	10	13	17	21	24	25	36	37	3	2	69	0	2616	450	101	0	42	5	0	0	0	
2	3	11	14	21	26	27	28	30	34	9	13	15	16	17	18	20	25	32	33	3	3	11	158	0	54	41	0	2	1	0	0	0	
5	6	8	15	18	21	24	28	34	37	0	1	11	16	23	25	30	32	36	38	1	0	41	145	77	26	0	1	331	0	1	0	0	
2	6	15	19	25	27	29	33	37	38	4	5	10	12	16	18	28	30	32	34	1	1	64	17	3	0	37	50	12	4	0	6	0	
0	3	8	10	13	19	20	23	26	39	1	9	24	25	28	29	32	33	34	35	0	2	55	28	28	48	0	3	7	6	0	0	0	
5	8	10	11	17	19	20	21	22	28	1	2	4	7	14	23	26	35	36	38	1	3	57	116	32	202	151	52	38	0	0	0	0	
1	6	7	12	18	23	24	28	29	35	0	8	10	14	25	27	30	32	34	37	1	0	16	164	14	0	18	0	1	0	0	0	0	
0	8	15	16	18	20	27	32	34	39	3	5	6	14	19	22	25	26	30	35	0	1	29	22	42	0	10581	50	14	0	0	0	0	
1	5	8	14	18	20	27	32	36	37	0	6	7	9	26	30	31	33	34	35	3	2	71	11	219	92	82	0	49	1	0	0	0	
3	12	14	15	17	18	23	29	32	38	2	6	21	22	25	26	31	33	34	39	0	3	33	12	283	0	78	697	0	4	0	0	0	
1	5	7	15	19	22	25	27	31	35	6	14	16	20	29	30	34	36	37	39	3	0	108	114	18	34	0	16	0	0	0	0	0	
1	4	6	9	18	23	27	31	34	37	2	8	10	11	14	15	20	28	35	36	1	1	43	27	6	0	0	1	3	0	0	0	0	
0	1	9	13	16	18	29	31	33	39	7	11	12	17	21	23	24	35	37	38	2	2	41	0	8261	92	112	49	12	1	0	0	0	
3	4	5	14	15	16	20	25	37	39	8	10	11	12	17	22	29	31	32	33	2	3	48	6	12	0	12	149	0	5	0	0	0	
6	9	11	16	17	21	25	29	32	36	1	2	4	8	18	22	28	31	33	38	2	0	53	99	9	0	89	34	0	1	0	0	0	
0	1	3	8	15	23	24	28	30	36	2	7	9	14	16	25	33	34	35	39	1	1	18	48	80	0	0	39	3	0	0	0	0	
1	2	12	14	17	29	32	35	36	39	0	11	13	18	21	23	25	28	33	37	0	2	34	15	656	0	0	21	3	0	0	0	0	
2	4	12	13	25	27	31	33	35	36	0	3	8	9	17	21	22	28	32	37	2	3	9	1	0	1462	0	145	4	0	0	0	0	
3	9	17	22	26	28	29	30	31	37	0	6	7	13	18	20	24	33	38	39	3	0	114	241	0	1310	0	1	47	2	0	0	0	
4	8	12	13	25	26	28	37	38	39	0	3	6	20	21	22	24	30	33	36	0	1	45	0	0	11	0	1	5	0	0	0	0	
0	4	5	6	13	20	22	25	26	32	7	10	12	17	18	28	29	35	37	39	2	2	79	0	107	56	277	570	3	0	0	0	0	
11	12	13	18	19	22	28	30	31	37	4	9	15	20	23	24	27	32	33	38	1	3	83	135	1735	79	671	0	13	1	0	0	0	
6	11	15	18	23	25	26	28	30	35	1	3	16	17	21	24	29	34	38	39	2	0	88	247	3823	16	71	0	12	1	0	0	0	
3	4	6	11	22	23	26	28	33	37	7	8	9	12	13	14	16	20	29	38	2	1	66	99	43	0	1973	2221	11	0	0	0	0	
1	3	10	11	19	21	22	31	37	38	4	5	6	16	17	20	23	28	30	33	3	2	63	0	0	5	9	78	4	0	0	0	0	
4	6	7	15	16	18	22	25	31	37	5	8	9	10	11	12	14	20	23	28	1	3	83	20	53	29	153	0	0	1	0	0	0	
1	2	4	7	18	24	32	33	34	38	12	15	19	20	25	27	28	30	31	39	3	0	87	186	14124	86	94	0	19	0	0	0	0	
1	6	8	12	21	22	28	30	31	34	0	3	9	17	18	19	25	36	38	39	1	1	111	31	5	9	0	51	0	0	0	0	0	
2	9	13	17	25	26	27	31	35	36	3	4	7	10	16	18	24	29	38	39	2	2	93	31	0	186	28	3	0	0	0	0	0	
4	9	10	11	15	26	27	28	29	36	1	2	5	8	12	16	19	33	34	38	0	3	64	6	1107	246	0	0	2	3	0	0	0	
0	3	5	6	9	11	19	25	36	38	2	8	18	21	24	26	28	30	34	39	3	0	109	572	0	3586	83	0	2	0	0	0	0	
2	3	7	17	21	23	29	32	35	39	0	11	12	15	20	26	27	28	30	33	1	1	2	11	16	16	19	0	2	0	0	0	0	
4	10	11	17	18	21	22	31	33	35	1	9	12	13	15	24	25	28	34	37	3	2	28	0	0	185	411	175	2	0	0	0	0	
0	2	3	12	14	18	20	21	32	36	1	6	8	9	13	16	19	28	29	37	0	3	109	35	8	0	0	93	1	0	0	0	0	
5	6	7	10	16	18	19	26	28	33	8	9	15	17	20	21	23	29	35	39	2	0	94	207	12	16	0	1	11	0	0	0	0	
1	11	13	17	19	23	24	27	32	36	0	3	14	15	28	30	31	33	34	37	1	1	40	41	103	0	62	1	1	0	0	0	0	
0	2	5	7	11	13	16	25	29	32	3	9	14	15	18	24	27	28	31	39	3	2	72	24	90	5	13	0	1	0	0	0	0	
0	11	12	13	14	18	29	31	32	39	1	6	15	17	19	21	22	23	30	38	0	3	14	0	1244	82	118	343	25	3	0	0	0	
2	5	7	11	13	16	24	32	33	35	6	12	14	15	21	30	31	34	36	37	0	0	23	191	37	30	0	28	0	0	0	0	0	
7	9	12	13	14	22	30	35	36	39	1	3	5	15	17	19	24	25	28	29	1	1	80	55	0	4436	0	0	0	1	0	0	0	
1	5	7	15	16	17	19	26	29	38	0	4	11	12	20	22	24	32	36	37	2	2	28	18	0	2762	71	0	35	7	0	0	0	
1	7	9	13	16	20	31	34	35	36	3	6	8	21	26	27	28	29	30	37	1	3	50	64	260	34	0	1	0	16	0	0	0	
3	6	7	13	26	30	34	35	36	37	0	8	10	12	19	21	24	25	27	33	1	0	23	799	0	257	0	83	1	0	0	0	0	
4	17	18	22	23	30	31	32	33	34	0	2	5	7	13	14	19	25	29	37	1	1	56	13	0	49	43	0	0	0	0	0	0	
0	2	3	7	10	16	22	26	29	37	13	18	19	21	31	33	34	36	38	39	3	2	115	0	2606	226	64	21	0	0	0	0	0	
0	1	2	7	9	17	23	33	34	39	5	6	15	19	22	25	28	31	37	38	0	3	64	0	110	2014	36	21	0	1	0	0	0	
3	7	8	11	14	16	19	24	31	33	0	2	5	10	12	13	25	28	30	38	3	0	41	156	187	0	230	69	4	0	0	0	0	
0	1	3	5	8	12	28	34	35	39	7	16	18	22	23	24	25	30	32	36	0	1	21	74	62	2009	0	99	89	0	0	0	0	
17	19	20	24	25	26	28	30	32	33	0	1	4	5	6	8	22	23	34	39	0	2	64	672	86	0	0	93	11	3	0	0	0	
3	6	13	16	22	29	30	34	35	38	1	4	7	8	11	26	31	32	33	36	3	3	91	77	60	0	1783	0	12	1	0	0	0	
4	9	18	22	24	26	30	33	37	38	5	6	10	12	14	15	19	23	25	27	2	0	58	238	0	3156	0	1	0	1	0	0	0	
11	15	17	19	21	23	28	33	34	37	8	12	22	25	27	29	30	36	38	39	1	1	104	126	0	117	5512	0	0	1	0	0	0	
0	3	11	12	14	20	22	23	35	39	1	9	10	13	17	21	25	29	32	36	0	2	83	6	7	3	0	72	0	1	0	0	0	
2	5	7	10	18	20	24	27	28	30	1	6	8	11	13	25	29	32	34	37	1	3	53	45	1	0	0	4	0	2	0	0	0	
1	5	7	17	20	24	27	28	35	38	3	9	11	12	16	23	29	32	33	37	2	0	106	168	364	7	0	1	0	0	0	0	0	
0	3	8	9	11	14	15	27	37	39	4	6	7	12	22	24	26	30	33	34	2	1	26	9	0	520	74	227	0	3	0	0	0	
2	3	7	10	13	14	23	25	34	36	0	1	6	15	19	20	27	30	31	35	3	2	30	11	15	16	0	11	0	0	0	0	0	
1	2	9	24	26	27	31	34	38	39	8	10	12	14	16	17	21	22	32	33	3	3	68	11	43	332	61	0	17	2	0	0	0	
3	5	9	14	16	24	29	31	32	36	0	1	8	12	13	15	23	30	33	34	1	0	46	54	10	0	4391	25	1	0	0	0	0	
1	7	12	14	19	26	27	29	31	33	4	5	10	16	20	23	30	34	36	38	0	1	42	32	165	0	5	0	1	0	0	0	0	
1	2	9	11	17	18	21	28	34	39	7	8	13	15	16	22	25	29	37	38	1	2	102	4	3	0	618	101	0	0	0	0	0	
1	5	10	15	16	18	24	27	28	29	3	4	6	13	31	32	33	34	35	36	3	3	33	27	2401	57	0	8	1	1	0	0	0	
0	2	4	5	7	15	23	29	34	35	1	6	8	11	12	17	20	28	38	39	1	0	53	425	108	48	0	1	9	0	0	0	0	
2	3	16	23	26	27	28	29	32	35	4	6	8	13	20	25	30	34	37	38	3	1	73	54	0	2848	0	74	1	0	0	0	0	
3	4	11	13	16	19	23	25	27	38	0	2	7	10	12	14	21	31	32	34	3	2	27	46	46	0	0	1	8	2	0	0	0	
4	19	22	23	29	30	31	32	33	36	2	3	9	10	12	13	18	26	27	28	2	3	75	26	0	0	0	0	1	0	0	0	0	
7	8	12	14	18	21	26	27	30	31	3	6	16	17	19	29	32	34	36	39	0	0	37	34	0	51	0	1	6	0	0	0	0	
5	12	17	18	28	30	31	34	35	38	0	2	4	11	19	23	25	27	33	37	2	1	39	0	2758	13531	131	102	6	0	0	0	0	
4	11	19	20	23	26	28	30	34	37	0	7	10	12	13	24	25	31	38	39	0	2	61	27	45	847	0	70	5	1	0	0	0	
0	1	3	9	12	23	24	25	29	38	7	8	15	18	19	20	28	35	36	37	0	3	72	157	1074	190	9	0	0	1	0	0	0	
4	6	8	9	25	27	30	32	37	39	0	5	10	11	18	19	20	23	24	33	2	0	20	171	2353	3360	131	134	0	2	0	0	0	
4	7	11	12	18	19	24	26	32	37	3	5	6	13	14	15	16	23	25	30	3	1	0	32	92	0	198	4	0	0	0	0	0	
1	2	3	4	9	16	20	28	34	37	13	14	15	17	21	22	27	30	33	35	1	2	61	51	0	22	0	2	0	0	0	0	0	
1	4	13	22	25	27	29	30	32	39	3	6	7	16	17	19	20	21	35	38	2	3	67	36	12	64	157	159	0	0	0	0	0	
7	13	16	17	19	24	31	36	38	39	1	12	14	18	23	26	29	30	34	37	3	0	94	472	3836	7088	45	17	4	0	0	0	0	
1	3	5	12	14	15	21	23	27	35	10	16	17	24	28	30	31	33	34	37	0	1	3	19	2	0	37	11	0	0	0	0	0	
20	22	23	24	28	29	31	35	38	39	0	2	7	11	14	16	18	19	25	27	2	2	111	313	6464	2120	7	117	19	0	1	0	0	
1	8	10	13	16	25	30	31	34	36	2	7	17	21	22	23	29	32	35	38	0	3	50	0	15500	355	273280	758	17	1	0	0	0	
0	6	8	11	12	14	20	23	28	38	4	5	13	17	24	26	29	30	31	32	1	0	42	67	8	14	36	0	264	2	0	0	0	
0	1	5	10	14	21	22	30	33	37	4	7	12	15	23	26	28	34	36	39	0	1	32	17	0	0	27	1	1	1	0	0	0	
3	9	13	18	20	26	27	31	32	36	1	4	11	15	21	23	25	29	35	38	1	2	49	29	15	0	1478	0	95	0	0	0	0	
1	7	8	18	21	22	23	30	32	34	0	2	4	9	12	13	15	26	27	39	2	3	70	0	1406	2021	0	317	22	0	0	0	0	
3	6	8	10	12	14	17	19	24	26	2	11	15	16	20	22	25	29	31	36	0	0	48	1486	212	86	0	1	40	0	0	0	0	
4	6	7	8	9	11	12	15	20	39	2	3	5	19	23	27	28	32	33	38	0	1	79	9	50	441	1092	0	0	2	0	0	0	
4	12	18	23	24	26	31	33	34	39	2	5	9	10	15	16	19	20	28	37	3	2	53	9	92	0	0	791	36	1	0	0	0	
0	9	13	18	22	23	24	30	33	37	1	2	3	6	7	20	25	29	34	36	0	3	66	10	0	0	429	0	4	0	0	0	0	
4	5	6	10	18	20	26	30	35	39	13	14	15	24	25	28	29	32	34	37	2	0	78	119	767	0	3	0	4	0	0	0	0	
2	6	7	14	20	21	26	27	34	35	1	3	4	5	10	13	25	31	32	36	1	1	2	14	3	0	114	53	1	0	0	0	0	
9	16	17	22	24	29	31	32	38	39	3	5	10	11	15	26	34	35	36	37	2	2	41	0	7921	0	120	1120	85	10	0	0	0	
2	5	7	8	10	12	17	21	32	36	3	15	18	22	25	26	27	30	35	38	2	3	20	96	0	16	124	15	0	0	0	0	0	
0	2	4	5	7	21	25	31	34	36	11	12	16	17	18	22	27	35	37	38	3	0	57	268	2500	59	379	47	5	1	0	0	0	
4	12	17	25	28	29	31	34	37	39	0	1	2	5	9	14	19	21	26	32	1	1	63	37	1935	0	158	11	0	0	0	0	0	
1	4	5	10	11	16	17	27	31	36	7	12	18	22	23	24	29	30	32	38	1	2	44	72	0	966	0	1	0	2	0	0	0	
2	6	12	13	15	25	28	29	34	39	0	1	4	7	10	11	18	21	26	37	2	3	47	1	97	0	78	10	0	5	0	0	0	
7	9	17	20	23	24	26	27	30	37	0	4	6	10	14	18	21	29	32	39	3	0	65	245	0	15637	0	110	0	0	0	0	0	
5	10	13	14	16	18	22	25	30	37	0	4	6	8	9	21	26	34	35	38	0	1	102	28	591	41	93	0	6	2	0	0	0	
0	1	15	16	18	22	25	27	28	29	5	7	9	12	13	32	33	36	37	39	0	2	45	5	35	142	75	0	7	2	0	0	0	
8	11	12	13	15	17	23	27	32	33	1	2	14	20	22	25	26	29	30	37	3	3	34	0	0	13	0	0	2	0	0	0	0	
0	7	9	15	21	22	23	26	32	35	2	3	11	16	18	20	27	33	38	39	1	0	58	105	40	0	2725	32	0	0	0	0	0	
2	10	11	14	15	20	25	31	33	34	0	1	6	12	16	17	18	23	32	38	0	1	17	5	62	38	0	129	40	1	0	0	0	
2	7	12	13	18	22	25	26	31	33	1	5	10	15	21	27	30	32	35	37	0	2	6	27	21	0	1101	48	0	0	0	0	0	
5	9	13	16	20	29	31	33	34	35	3	4	7	8	14	17	21	24	26	27	2	3	78	15	0	208	22899	2	11	0	0	0	0	
3	6	7	19	22	24	27	33	36	37	1	2	8	9	10	11	13	17	21	26	2	0	53	171	319	1392	142	35	0	3	0	0	0	
4	9	17	18	19	22	33	34	36	39	1	6	10	14	15	25	26	29	30	38	1	1	77	17	222	0	185	55	6	0	0	0	0	
5	7	9	11	16	22	29	31	33	38	0	12	15	18	23	25	27	30	36	39	1	2	50	147	66	42	598	0	14	0	0	0	0	
1	4	14	16	23	28	30	31	36	39	3	7	11	12	15	17	19	20	29	34	1	3	103	13	0	8	0	206	9	0	3	3	0	
1	8	10	12	13	15	16	35	38	39	0	7	18	19	20	21	25	26	27	31	2	0	82	648	0	33	125	142	2	0	0	0	0	
3	6	7	11	14	15	17	27	38	39	0	1	9	10	18	19	21	29	30	36	2	1	60	70	27	0	0	1	33	1	0	0	0	
0	2	7	13	14	18	25	27	29	32	3	5	6	10	12	16	28	31	37	38	2	2	42	0	82	22	112	50	0	2	0	0	0	
0	2	8	10	15	20	25	30	35	37	5	16	17	19	23	27	29	33	36	38	0	3	65	4	0	26	29	0	14	0	0	0	0	
0	1	6	7	16	17	24	33	35	38	2	5	9	13	19	23	25	34	37	39	3	0	75	61	12	119	0	196	1	0	0	0	0	
0	4	26	27	29	30	32	33	37	38	3	7	8	9	13	17	20	21	24	35	0	1	70	69	1560	185	30898	71	3	0	0	0	0	
12	18	21	23	24	25	30	33	35	39	2	5	6	16	22	26	27	29	34	36	1	2	23	25	321	50566	76854	581	7	2	0	0	0	
2	9	17	21	26	29	31	35	36	37	0	3	8	15	20	22	25	28	32	33	3	3	52	20	0	2618	501	158	12	0	0	0	0	
0	3	7	8	19	21	28	32	37	38	1	2	6	12	17	22	23	24	33	34	0	0	52	229	27	532	0	1	11	0	0	0	0	
8	9	12	14	16	24	25	27	30	35	1	10	11	17	18	19	23	29	32	38	0	1	66	7	0	14072	402	756	5	0	0	0	0	
2	5	12	14	16	29	33	35	37	38	4	9	18	20	21	22	23	24	28	39	1	2	55	44	0	0	5285	5	12	0	0	0	0	
0	11	14	16	20	21	22	24	35	38	4	5	6	8	17	23	25	27	29	32	3	3	51	19	26	0	1529	145	7	0	0	0	0	
1	5	7	10	11	15	21	24	31	35	4	8	12	14	16	17	25	27	28	30	2	0	39	48	23	14	0	6	0	0	0	0	0	
2	3	5	12	13	19	23	34	35	39	9	10	15	16	20	22	24	25	36	38	0	1	46	6	0	94	6721	0	0	0	0	0	0	
0	3	9	12	17	24	26	29	33	35	5	6	8	11	13	19	20	34	36	37	3	2	43	29	0	148	57	81	0	1	0	0	0	
9	22	23	25	29	33	35	36	37	38	0	5	6	8	10	11	20	27	28	34	2	3	109	54	22751	135	134	1	1	0	0	0	0	
0	4	8	14	17	25	32	33	34	35	2	7	16	19	20	22	23	30	38	39	1	0	57	37	16	11	0	0	10	0	0	0	0	
1	7	12	15	20	23	31	36	38	39	2	4	6	9	16	21	25	26	29	33	2	1	37	53	0	133	374	82	3	0	0	0	0	
3	13	15	17	22	24	28	31	33	36	0	2	8	11	12	14	25	30	32	35	1	2	39	72	71	106	102	0	0	0	0	0	0	
5	7	8	12	18	20	24	26	28	30	4	9	11	16	17	21	32	35	36	39	1	3	82	80	17	0	12237	194	4	0	0	0	0	
2	3	10	16	17	19	21	24	25	30	1	4	5	9	26	28	32	33	34	39	3	0	51	206	0	284	0	272	6	1	0	0	0	
3	6	10	20	22	23	24	27	31	33	5	8	9	14	16	21	25	26	35	39	3	1	22	12	0	61	202	17	0	0	0	0	0	
3	7	9	14	15	21	26	28	30	32	1	2	20	23	24	25	29	31	33	34	1	2	55	78	0	62	0	5	0	0	0	0	0	
3	11	12	14	20	21	24	32	34	35	1	8	10	16	17	19	22	28	30	37	0	3	23	22	0	85	135	14	0	0	0	0	0	
2	15	17	18	21	27	30	31	37	38	5	8	11	12	14	20	22	23	29	35	2	0	38	377	0	0	661	125	4	0	0	0	0	
0	1	8	10	13	17	28	30	32	38	4	5	7	11	20	26	31	33	34	36	2	1	28	22	10	14	90	11	8	0	0	0	0	
0	1	4	14	15	16	20	22	26	37	5	9	12	13	18	25	29	30	34	35	2	2	50	0	2284	17	30	0	6	0	0	0	0	
2	9	20	23	28	33	36	37	38	39	3	7	19	21	22	24	25	26	29	32	1	3	67	166	132	55668	0	692	60	0	0	0	0	
1	7	8	16	17	20	22	25	32	33	4	5	9	11	12	24	26	27	28	36	2	0	64	71	0	79	431	155	0	0	0	0	0	
2	5	6	9	13	17	35	37	38	39	11	12	19	20	22	23	26	27	34	36	1	1	49	116	6256	1644	0	115	0	1	0	0	0	
1	5	8	9	11	18	20	23	28	39	3	12	17	21	22	31	32	35	36	38	0	2	89	40	39	0	1885	1	3	0	0	0	0	
6	7	8	13	16	17	29	30	32	33	0	4	19	21	26	27	28	31	35	39	2	3	84	0	7301	109	259	0	2	0	0	0	0	
5	6	8	9	12	13	16	19	29	32	4	14	21	23	25	26	28	30	34	38	0	0	62	210	0	2090	51	1	2	0	0	0	0	
0	2	6	12	16	23	26	31	35	38	4	10	13	15	20	21	25	27	28	34	1	1	30	35	8	59	0	1	5	0	0	0	0	
3	4	13	14	21	25	28	30	32	35	1	2	18	19	22	26	29	33	37	39	3	2	85	31	0	0	0	0	2	2	0	0	0	
0	3	4	8	14	18	23	28	36	38	1	5	16	19	20	22	27	32	34	35	2	3	60	17	64	0	176	0	0	0	0	0	0	
8	9	10	14	20	21	26	33	38	39	1	2	22	27	28	29	30	34	35	36	1	0	44	97	0	93	0	1	1	0	0	0	0	
0	6	8	10	15	16	17	27	33	38	1	2	3	12	14	22	26	31	35	37	1	1	51	34	8	0	37	0	0	0	0	0	0	
0	3	11	14	17	24	25	27	34	38	4	6	7	8	13	16	20	28	32	33	3	2	30	4	0	10844	46	8	0	0	0	0	0	
5	9	19	20	25	26	27	33	34	39	0	11	12	13	16	17	18	35	37	38	1	3	120	6	0	19037	0	606	1	0	0	0	0	
1	4	9	12	16	18	19	23	32	35	2	8	15	17	20	22	26	27	38	39	2	0	87	162	92	51	29	0	1	0	0	0	0	
4	11	12	15	20	31	33	37	38	39	1	3	6	7	8	13	14	16	23	24	0	1	79	52	65	0	26	0	36	0	0	0	0	
4	5	8	13	20	21	28	30	33	38	2	9	10	11	15	18	24	25	27	36	1	2	73	73	1627	10	72	0	0	1	0	0	0	
0	3	5	8	18	19	20	22	24	30	1	4	6	10	26	27	28	37	38	39	2	3	86	62	0	150	38	11	0	0	0	0	0	
0	5	17	18	21	22	23	25	26	31	1	2	3	4	9	12	14	24	36	38	0	0	42	510	6	11	0	32	0	7	0	0	0	
3	4	10	13	15	17	25	27	29	38	1	2	12	19	20	23	24	26	31	33	0	1	28	0	213	535	0	0	7	0	0	0	0	
1	8	9	10	11	13	22	23	34	35	3	5	16	18	25	27	30	31	33	39	1	2	43	30	21	0	14	242	0	0	0	0	0	
2	8	13	18	25	26	28	35	36	37	0	1	3	6	9	12	17	23	31	39	2	3	89	41	100	8	148	98	0	6	0	0	0	
0	2	8	9	16	17	18	29	35	39	7	12	15	24	25	26	27	34	36	37	2	0	91	154	612	0	9	0	3	0	0	0	0	
2	6	10	13	18	20	23	25	27	36	0	4	5	14	19	22	28	29	31	32	0	1	43	40	393	76	30	0	1	0	0	0	0	
9	10	13	15	19	20	29	33	35	38	2	3	4	8	14	26	31	32	36	37	2	2	59	52	0	50851	58	127	0	0	0	0	0	
12	13	19	22	23	27	29	32	36	37	2	3	8	17	18	20	25	28	35	38	3	3	31	57	148	39	161	1290	12	1	0	0	0	
1	8	17	20	22	23	25	26	36	37	2	5	10	11	12	16	24	29	33	35	0	0	49	155	0	91	322	2	0	0	0	0	0	
4	11	14	15	20	24	27	31	33	36	2	9	13	16	23	26	28	29	34	39	1	1	73	39	0	282	65	105	7	0	0	0	0	
1	2	3	12	16	21	33	34	35	37	7	9	11	19	22	24	25	26	27	32	0	2	62	0	14	0	4	0	7	0	0	0	0	
1	2	7	22	24	25	28	31	34	38	6	11	13	15	18	26	29	30	32	35	1	3	84	203	39	69	1765	0	2	2	0	0	0	
2	11	18	21	23	26	33	34	35	38	7	9	12	14	16	24	27	30	31	37	0	0	45	322	174	3497	0	43	0	1	0	0	0	
9	12	14	15	16	24	26	32	35	36	1	3	6	19	22	23	25	29	37	39	2	1	76	16	0	4842	0	355	11	0	0	0	0	
6	8	12	17	27	28	31	33	34	38	1	4	11	15	20	25	29	30	36	39	0	2	50	25	18	0	486	163	0	0	0	0	0	
0	3	6	10	13	18	21	35	36	39	1	2	11	15	19	20	25	26	28	32	2	3	47	0	101	6	0	10	1	0	1	0	0	
0	5	7	13	15	17	23	26	37	38	2	6	11	18	19	22	27	29	35	39	3	0	61	316	8	15	159	69	0	0	0	0	0	
2	3	10	12	19	22	27	28	33	38	0	4	6	13	20	23	24	31	35	37	1	1	38	21	15	0	0	87	5	0	0	0	0	
1	2	8	15	20	28	33	34	37	39	0	3	7	12	13	18	22	24	29	31	0	2	100	0	1919	57	86	0	21	1	0	0	0	
2	6	10	12	15	21	28	32	37	39	0	9	14	16	17	18	19	29	34	36	3	3	79	22	0	29	61	12	14	0	0	0	0	
4	9	12	16	19	26	27	28	32	38	1	13	14	18	20	29	30	34	35	39	3	0	120	178	85	6	6	475	0	3	0	0	0	
2	4	9	11	14	18	20	21	29	32	0	6	13	16	22	25	26	28	34	36	0	1	50	27	22	0	130	1	11	6	0	0	0	
4	6	11	12	16	17	23	26	31	36	0	3	19	20	22	24	25	30	32	35	3	2	11	35	0	216	44	5	0	0	0	0	0	
1	5	11	13	16	18	21	26	29	30	3	10	12	14	27	28	35	37	38	39	3	3	61	40	57	0	1881	773	2	0	0	0	0	
1	2	6	9	11	13	17	29	33	34	0	4	7	15	16	20	24	26	32	35	3	0	11	96	0	0	0	1	8	1	0	0	0	
4	8	9	10	12	15	28	33	37	38	1	3	5	6	7	13	14	17	25	36	2	1	24	28	0	123	11	33	0	0	0	0	0	
1	2	7	24	26	27	30	32	34	38	0	3	8	17	20	22	23	28	33	37	1	2	17	67	16	1	9	63	9	4	0	0	0	
4	5	8	13	22	23	26	33	38	39	0	15	19	20	21	24	25	34	35	37	2	3	95	39	0	129	10	0	2	0	0	0	0	
2	9	16	20	21	23	27	34	35	36	1	4	7	8	15	24	26	32	33	39	0	0	94	609	19	0	2403	50	0	1	0	0	0	
11	14	17	21	22	24	30	35	37	39	2	3	4	5	6	10	16	19	36	38	1	1	76	11	316	333	0	840	5	3	0	0	0	
4	12	14	20	22	24	25	28	33	37	1	5	6	9	10	11	21	32	34	36	0	2	46	110	0	59	22507	0	3	1	0	0	0	
14	15	17	25	26	29	32	33	34	38	4	5	7	8	10	12	18	19	20	27	0	3	104	46	794	16	155	32	1	0	0	0	0	
0	1	3	4	7	10	15	26	29	34	2	6	8	14	17	18	22	30	35	39	3	0	27	243	0	4675	0	102	1	0	0	0	0	
1	4	5	6	13	18	22	23	25	26	2	8	10	15	16	27	30	31	33	35	1	1	50	24	67	76	488	5	0	20	0	0	0	
0	8	14	16	17	18	19	24	28	31	2	3	4	5	11	12	29	33	37	39	1	2	120	0	10	14	0	13	0	0	0	0	0	
3	5	9	10	12	13	16	20	33	36	2	6	17	18	22	25	31	34	35	39	0	3	72	1	0	0	164	555	17	0	0	0	0	
0	2	8	12	16	26	33	36	37	38	10	15	17	19	20	24	29	30	31	34	2	0	83	407	0	12466	0	780	0	4	0	0	0	
2	3	5	8	14	16	17	26	28	34	0	7	10	11	20	21	23	24	36	37	2	1	50	0	91	44	50	102	10	0	0	0	0	
0	1	2	3	4	12	14	23	25	30	5	9	10	16	17	18	22	26	34	36	1	2	44	49	0	58	54	0	0	0	0	0	0	
1	5	13	14	19	22	24	30	32	34	3	10	12	16	18	25	31	36	37	38	1	3	80	16	1	54	0	47	0	1	0	0	0	
0	2	4	7	18	21	22	24	26	36	3	6	13	16	23	27	33	37	38	39	0	0	56	154	108	0	2355	0	7	1	0	0	0	
1	2	7	8	9	10	26	28	36	39	4	6	11	12	20	21	24	27	29	37	0	1	120	45	43	0	67	1	0	1	0	0	0	
3	9	16	17	20	23	26	28	29	38	4	10	11	12	13	19	22	30	34	35	3	2	51	0	13264	0	425	62	0	1	0	0	0	
4	7	11	15	18	26	30	33	35	37	1	5	12	14	19	22	28	32	34	39	0	3	84	13	0	37824	5810	72	7	0	0	0	0	
0	2	4	5	11	15	17	23	25	32	10	20	21	22	24	31	33	36	37	39	3	0	75	794	0	600	78	23	3	0	0	0	0	
3	7	18	19	23	26	27	30	31	36	2	6	9	10	11	12	17	28	35	39	1	1	120	11	15	0	464	0	3	0	0	0	0	
3	4	5	8	9	16	20	24	37	39	0	2	11	18	22	23	30	31	34	38	2	2	85	50	953	0	910	44	0	2	0	0	0	
0	3	7	9	10	16	24	27	30	34	11	14	20	22	23	28	29	32	37	38	1	3	34	21	0	59	30	0	6	6	0	0	0	
0	2	4	7	10	13	15	36	37	38	1	8	12	14	16	17	19	21	27	28	2	0	98	68	159	83	495	143	26	0	0	0	0	
3	14	18	19	27	28	31	32	35	38	1	7	8	9	10	17	22	24	29	34	0	1	99	152	30	0	61	15	0	2	0	0	0	
1	4	6	10	18	19	20	22	26	29	3	15	16	24	28	31	33	37	38	39	1	2	72	24	119	0	329	1	0	2	0	0	0	
0	2	5	6	19	20	30	34	37	39	3	4	8	9	11	18	22	24	28	29	3	3	88	18	756	184	0	1003	26	5	0	0	0	
