Mode: 22 #Games: 1000
p0_0	p0_1	p0_2	p0_3	p0_4	p0_5	p0_6	p0_7	p0_8	p0_9	p2_0	p2_1	p2_2	p2_3	p2_4	p2_5	p2_6	p2_7	p2_8	p2_9	trump	first	fp	t_t0	t_t1	t_t2	t_t3	t_t4	t_t5	t_t6	t_t7	t_t8	t_t9
0	4	6	7	14	17	21	29	35	38	3	5	10	20	24	25	27	30	31	36	1	0	29	1609	0	3368	345	0	9	4	3	0	0	
0	4	6	7	14	17	21	29	35	38	3	5	10	20	24	25	27	30	31	36	0	2	57	156	0	3341	0	291	0	7	2	0	0	
4	8	13	17	18	24	26	29	32	36	1	2	6	7	9	19	25	33	34	37	1	3	41	73	2120	132	0	120	0	6	5	3	0	
4	7	19	21	22	23	27	34	36	39	1	5	6	11	15	17	18	24	32	35	0	0	38	721	0	373	150	0	0	1	0	7	0	
2	4	16	18	20	21	22	24	25	36	6	8	9	10	12	13	17	28	38	39	0	1	97	88	0	370	0	227	9	8	1	1	0	
1	9	14	19	21	25	32	35	37	39	2	5	6	8	12	20	27	29	34	36	0	1	97	3464	6008	1100	0	410	0	32	0	3	0	
1	4	7	8	17	20	29	31	37	39	0	3	5	6	9	13	21	33	36	38	3	2	103	239	705	682	2096	0	809	28	5	0	0	
0	5	7	16	17	24	26	33	34	39	2	8	9	10	11	13	18	23	27	32	2	2	35	96	0	149	4051	0	258	53	0	15	0	
2	6	10	12	13	21	24	25	29	34	0	1	9	15	18	23	26	27	38	39	3	3	45	337	0	0	0	3667	34	4	20	3	0	
3	8	11	18	23	25	27	31	35	39	0	4	13	15	28	29	34	36	37	38	3	3	64	347	122	0	3908	114	0	23	10	8	0	
3	5	9	18	20	26	27	28	34	38	1	2	11	12	14	17	19	29	32	39	3	0	80	1028	10766	0	683	13	0	28	0	13	0	
3	4	8	9	19	27	30	33	36	37	2	10	17	20	23	28	29	31	38	39	3	0	116	2682	179	10	82	0	103	13	2	0	0	
11	12	15	16	17	21	22	31	38	39	1	2	3	7	19	23	24	25	29	37	3	1	89	1733	2445	0	0	2031	86	686	1	0	0	
3	11	14	17	19	21	28	30	34	39	0	4	7	8	16	24	29	35	37	38	2	1	100	459	0	529	387	853	256	17	4	0	0	
5	6	7	19	23	26	34	35	37	38	0	2	8	13	20	21	25	27	36	39	3	2	85	243	133	0	19108	19	127	11	3	1	0	
1	4	13	18	19	24	25	30	32	37	0	2	3	5	9	11	15	20	27	28	2	3	90	775	129	0	4716	0	55	0	10	2	0	
7	10	13	18	20	25	27	31	36	39	2	16	19	22	24	26	28	32	34	37	1	2	73	188	157	2037	0	59	0	9	1	1	0	
2	7	10	17	18	19	22	28	32	33	1	15	20	21	23	25	26	35	36	39	1	0	104	1039	0	0	0	324	0	5	1	1	0	
0	2	9	13	14	20	23	28	31	34	5	6	8	16	22	27	30	36	38	39	0	1	65	118	8098	0	846	1210	0	22	0	5	0	
3	4	7	9	14	18	24	28	30	39	0	6	15	16	19	20	23	25	31	36	1	3	70	151	0	24780	0	8	0	6	2	1	0	
1	5	6	7	14	20	21	22	23	32	0	3	8	10	12	13	16	19	35	39	0	0	76	842	662	0	618	617	0	8	2	1	0	
1	3	4	9	11	21	23	28	33	35	6	7	8	15	16	19	25	32	34	36	3	2	71	232	27933	172	519	398	45	0	24	0	0	
0	1	2	3	11	12	15	21	24	39	6	7	9	16	28	29	31	34	36	37	3	3	78	0	14164	0	0	0	17	10	9	0	0	
3	7	8	9	11	13	20	28	29	35	0	5	15	17	18	21	26	34	36	39	0	0	100	1541	6260	0	317	84	0	0	3	1	0	
3	10	14	15	17	18	31	34	36	39	1	6	7	8	12	13	25	29	30	38	3	1	82	2462	0	2537	1774	2808	270	0	2	1	0	
1	5	14	15	16	26	27	30	35	37	0	4	10	12	20	31	33	34	36	38	1	2	15	189	0	90	16	118	28	23	3	0	0	
0	1	2	4	6	9	19	25	31	39	3	10	12	13	15	21	29	35	36	38	0	1	101	0	110333	334	376	273	0	24	1	1	0	
0	4	5	6	13	16	17	25	29	31	8	11	15	18	21	22	24	27	35	36	0	2	46	245	3862	2053	0	6814	0	14	18	0	0	
1	3	7	10	14	19	25	35	38	39	8	13	15	16	20	23	24	26	32	37	1	3	69	323	163	8443	0	96	35	3	0	1	0	
2	8	12	14	17	18	19	25	27	30	1	4	10	11	20	21	24	34	36	38	2	0	36	868	298	0	1322	0	14	2	1	0	0	
1	2	3	18	24	26	30	33	35	37	11	12	13	16	23	25	29	31	34	36	3	1	61	0	0	0	1645	7	0	0	2	0	0	
2	5	9	11	13	23	24	30	34	37	1	3	8	10	17	18	20	22	29	36	0	2	61	130	0	356	170	0	88	1	0	0	0	
2	5	6	12	13	16	20	33	38	39	3	8	14	18	19	21	25	31	32	35	2	3	70	226	0	335	4174	0	0	5	1	0	0	
0	1	11	17	18	22	23	25	27	28	2	4	7	8	13	14	20	21	36	37	0	0	70	1190	0	881	692	0	100	34	1	0	0	
0	6	16	19	29	30	32	33	37	38	1	2	4	5	9	11	13	24	25	27	0	3	106	270	0	25415	80406	930	190	3033	4	2	0	
4	6	14	20	22	24	25	32	33	36	2	3	5	9	16	17	18	28	30	34	1	1	74	0	1516	12136	420	0	33	0	1	0	0	
3	4	8	9	13	26	33	34	35	38	0	2	6	11	15	17	20	28	29	32	1	0	73	1396	38650	693	195	863	67	1086	2989	38	0	
2	9	17	25	26	28	31	35	36	38	1	4	8	10	14	18	24	34	37	39	2	2	63	208	5623	0	1156	0	0	11	1	0	0	
3	7	15	17	19	23	25	27	30	35	1	2	6	9	10	14	20	22	38	39	2	3	76	213	49	452	1075	1145	0	3	0	1	0	
6	7	9	11	17	19	23	25	26	31	1	3	5	8	12	13	14	16	22	33	3	1	51	197	1974	0	0	879	27	11	0	1	0	
2	10	14	15	16	18	21	30	34	36	0	1	6	8	12	13	17	20	23	28	2	2	22	0	2514	1346	817	1712	29	4	0	1	0	
0	1	6	10	13	17	22	23	24	32	3	9	12	14	16	19	29	30	36	37	1	0	75	904	361	125	0	1011	107	0	0	0	0	
4	7	10	11	23	29	36	37	38	39	3	5	6	17	18	25	26	31	34	35	2	3	50	194	0	585	12446	15	309	0	0	9	0	
5	10	14	17	24	25	31	34	37	38	2	3	4	12	15	19	22	27	28	39	2	0	48	979	0	417	114	0	26	3	1	0	0	
5	7	15	18	22	25	28	32	34	35	9	12	14	21	23	27	31	33	36	38	1	1	64	108	0	105	935	0	68	2	1	0	0	
0	10	13	19	21	22	29	32	36	38	1	4	5	12	14	15	18	24	31	33	1	1	79	101	214	0	1050	7	60	4	2	0	0	
3	5	10	12	19	22	25	26	33	37	1	6	8	9	11	17	20	21	31	35	3	2	16	56	0	596	0	378	12	1	0	1	0	
3	4	5	7	10	14	18	22	36	37	11	13	16	23	24	25	26	28	33	34	2	2	71	0	660	0	6190	423	0	22	5	11	0	
1	11	20	23	27	29	30	34	38	39	0	3	8	10	17	18	22	24	25	33	0	3	26	795	0	720	806	2768	167	3	5	5	0	
2	3	4	8	9	13	18	21	33	37	5	6	12	17	20	24	28	29	30	39	1	3	88	0	1539	1633	836	161	0	9	780	2	0	
4	8	11	12	17	22	24	26	37	39	0	2	9	13	18	21	23	31	32	36	0	0	55	1709	0	11741	307	0	1358	0	2	2	0	
0	1	16	18	20	26	29	30	34	39	3	7	11	13	14	15	22	27	28	36	0	1	16	69	232	0	0	2295	191	8	0	7	0	
10	11	13	16	21	22	25	29	33	34	0	1	5	24	30	31	32	35	36	39	0	2	26	1646	413	1809	3117	4248	173	3	1	0	0	
0	1	2	5	8	12	21	25	28	36	7	10	18	19	20	22	24	34	37	38	2	0	75	1295	17916	224	4096	0	258	0	12	11	0	
0	6	7	9	25	27	29	33	35	36	1	2	3	8	11	12	13	17	31	38	2	3	58	761	197	0	3376	2485	214	362	0	154	0	
1	2	5	12	16	25	26	27	31	39	3	8	9	11	13	15	19	23	35	37	0	0	99	1231	0	178	182	101	9	0	1	0	0	
0	4	10	13	15	25	33	35	37	38	2	6	7	12	14	18	22	23	26	27	0	1	70	793	0	37238	5478	0	65	10	4	4	0	
3	15	18	22	23	29	31	32	36	38	0	4	14	19	20	21	25	26	30	37	1	2	78	195	10346	0	1540	55	0	0	0	7360	0	
5	14	18	20	22	26	27	30	36	37	6	9	12	16	21	23	32	35	38	39	2	3	73	713	1720	0	512	185	38	4	0	0	0	
0	1	3	7	11	18	25	27	31	39	2	5	6	8	12	13	16	19	34	36	2	0	57	1072	0	23414	0	1868	18	2	1	1	0	
1	2	3	6	16	17	28	32	36	38	5	7	13	21	24	27	29	30	31	34	0	1	82	0	13846	0	65843	2191	120	3055	9	692	0	
0	3	5	16	19	21	25	26	30	35	6	8	9	11	12	18	20	29	31	34	0	1	71	104	1319	0	169	0	32	0	18	7	0	
6	8	15	16	20	21	24	30	31	37	2	3	11	13	17	18	19	23	35	38	2	2	49	64	0	452	7261	0	58	0	2	0	0	
4	5	12	14	19	21	23	25	30	35	3	6	9	10	11	24	28	32	37	39	1	2	68	194	0	419	6947	414	0	2327	2	0	0	
1	9	11	16	17	22	31	32	34	39	4	6	7	14	15	18	23	30	37	38	2	3	39	143	10506	379	386	0	148	10	2	1	0	
2	4	9	12	16	18	20	26	28	33	0	6	13	14	22	23	25	34	35	36	3	0	42	1329	277	0	509	9	40	0	15	29	0	
1	5	6	11	12	13	30	31	37	39	0	3	4	7	23	24	25	26	27	36	3	1	47	862	493	0	0	1392	12	698	2	0	0	
3	4	7	10	11	16	19	21	34	36	0	1	2	9	12	15	18	26	37	39	2	2	54	210	222	2138	0	2185	7	0	1	1	0	
3	4	8	18	20	31	34	35	36	39	0	10	13	14	16	23	27	30	32	38	2	3	4	0	3797	793	1067	0	0	1879	0	0	0	
0	4	7	8	14	18	22	33	37	38	3	5	12	13	19	23	26	30	31	36	1	3	69	384	24510	0	92031	7862	208	0	3	2	0	
4	6	9	18	20	23	30	32	35	36	2	11	14	16	17	19	26	29	37	38	1	0	111	464	397	1115	1519	0	1979	1	0	0	0	
12	14	21	23	26	27	28	33	35	36	2	5	6	7	8	9	13	17	32	39	2	1	87	1285	0	4168	918	35	237	28	20	0	0	
3	7	10	26	27	33	35	36	37	38	0	1	9	11	15	16	17	25	28	32	3	2	80	752	371	0	1871	9	20	11	0	0	0	
9	10	13	14	16	18	24	27	30	34	1	3	5	17	21	23	29	31	36	37	1	0	82	2721	39197	0	104	0	2316	17	8	5	0	
2	6	10	12	19	22	23	24	29	34	1	5	7	8	13	16	27	28	32	39	1	3	79	230	3465	0	1022	898	61	8	17	0	0	
2	10	12	14	23	26	31	34	36	37	1	8	11	13	16	20	22	24	30	32	1	0	21	3211	198	0	357	886	99	16	9	31	0	
3	4	7	15	23	25	27	30	33	39	0	5	10	12	14	17	19	20	26	34	2	1	48	0	302	453	5249	12	44	21	0	6	0	
0	2	10	12	13	16	26	29	30	31	1	5	8	9	14	18	20	27	38	39	0	1	86	151	93	0	67028	0	55	5	0	0	0	
0	5	10	12	17	19	26	27	28	38	4	9	11	13	15	29	30	31	32	33	2	2	89	318	3196	0	54323	469	17	14	3	7	0	
2	8	12	14	16	24	28	32	34	35	10	13	17	19	20	25	29	30	33	36	1	2	100	168	2493	2796	0	1585	359	0	1	0	0	
2	8	9	15	20	27	30	31	33	35	7	11	18	19	21	28	29	32	36	37	3	3	77	0	38906	464	1734	411	0	23	12	2	0	
4	6	10	12	15	22	27	31	34	35	2	3	8	11	14	17	20	21	23	30	0	0	28	938	0	152	54	49	0	12	12	14	0	
0	1	2	5	6	8	10	23	25	29	3	7	13	14	18	19	24	27	31	36	2	1	61	2403	5448	3992	8142	0	151	0	5	5	0	
1	2	11	14	17	18	25	26	30	36	3	5	7	16	19	21	31	34	38	39	1	2	88	0	0	311	0	1490	78	0	11	4	0	
2	6	8	11	18	19	21	24	27	28	1	4	7	17	22	29	30	35	36	38	2	3	82	2351	331	328	675	8	0	4	1	1	0	
0	3	16	17	22	29	33	34	38	39	2	9	10	15	20	23	25	27	35	37	1	3	90	307	0	200	576	819	37	0	4	0	0	
0	1	5	8	9	11	18	28	34	39	2	10	12	15	16	19	25	31	35	38	1	3	112	791	256	109	0	0	244	0	5	0	0	
14	15	17	18	20	23	29	30	35	38	3	4	8	10	12	13	19	24	26	36	3	0	81	2985	12516	1377	812	0	16	0	1	1	0	
2	3	5	8	12	15	28	31	33	39	0	1	4	16	17	18	19	23	34	38	3	1	69	75	0	2454	182	304	0	9	12	1	0	
4	6	7	16	24	29	30	31	32	34	5	9	10	17	20	21	23	26	28	38	1	2	42	116	76	47	0	4	0	0	1	0	0	
0	4	5	7	15	22	24	27	28	38	9	14	17	21	25	29	32	33	35	36	0	3	61	162	157	0	894	7	367	7	1	1	0	
5	6	10	20	22	23	28	31	36	39	0	4	11	16	25	26	27	35	37	38	0	0	40	1295	1720	138	85	0	8	0	0	1	0	
2	13	14	17	18	26	29	32	34	39	1	3	6	7	19	21	23	27	28	33	0	1	94	0	614	126	0	6	0	22	1	0	0	
0	9	15	16	18	19	24	33	36	39	4	8	10	11	13	20	27	28	30	34	2	2	65	194	9833	0	2688	3909	0	11	2	0	0	
0	5	11	12	16	22	26	31	32	33	7	10	20	21	24	25	27	29	30	35	1	3	24	156	23	0	78	0	22	0	0	0	0	
2	4	11	13	15	19	22	29	37	39	1	5	7	10	12	16	20	21	31	36	0	0	47	1045	0	411	272	187	14	0	2	0	0	
4	5	6	8	9	13	21	24	30	36	0	1	3	7	14	18	19	20	29	31	3	1	89	1445	0	1460	3041	1312	205	15	0	1	0	
8	10	15	20	24	28	30	31	35	37	2	4	5	16	19	22	27	32	34	36	1	0	28	774	0	167639	1447	86	0	10	1	0	0	
0	4	7	10	12	23	24	30	38	39	2	3	8	9	13	19	25	26	27	29	0	1	104	0	0	419	1096	302	0	21	1	0	0	
9	11	16	18	20	23	24	26	28	31	3	5	13	14	21	27	29	33	35	36	1	2	49	0	86961	1943	614	480	69	3	1	0	0	
1	7	11	17	25	27	29	30	36	38	2	3	10	12	19	21	23	24	32	39	3	2	98	132	1065	0	3339	0	34	33	0	36	0	
1	7	11	17	25	27	29	30	36	38	2	3	10	12	19	21	23	24	32	39	2	0	90	578	0	3484	2223	6	0	8	4	1	0	
3	4	11	13	17	22	26	29	30	35	2	10	14	23	24	28	32	33	38	39	3	3	69	293	0	17237	0	4096	57	18	14	2	0	
3	7	10	12	16	22	29	32	36	37	0	2	8	17	18	19	20	26	30	38	1	1	50	433	177	0	82	128	0	31	5	3	0	
0	9	11	15	16	20	26	33	38	39	4	6	13	17	18	21	23	31	32	35	2	2	61	86	0	12659	175	962	17	5	7	0	0	
2	12	14	15	17	19	20	25	35	38	3	6	7	11	13	16	18	23	27	31	1	0	90	2162	683	0	65226	0	920	12	1977	1	0	
4	7	8	9	13	15	20	31	33	38	0	2	3	12	16	19	21	23	27	34	2	1	71	242	0	693	296	0	119	15	0	1	0	
12	16	17	20	24	25	27	29	30	38	0	2	4	5	18	26	28	33	34	36	0	2	41	519	16186	669	945	438	3	0	2	0	0	
9	12	13	16	21	25	27	28	32	37	0	2	5	20	23	26	31	33	38	39	2	3	90	541	10723	203	0	0	155	5	1	0	0	
0	2	7	14	16	19	25	27	28	36	4	6	18	20	21	23	26	31	34	37	0	3	36	156	145	91	334	0	36	1	0	0	0	
1	5	7	10	14	17	24	29	36	37	0	3	6	11	12	19	20	26	27	30	3	0	70	515	0	695	681	310	0	4	0	0	0	
1	4	11	12	13	23	25	29	32	35	2	5	6	7	15	16	20	22	31	37	0	1	20	103	0	231	534	178	11	0	1	0	0	
0	1	6	12	14	15	17	30	33	39	2	3	4	8	16	18	24	25	32	38	3	2	40	601	0	621	396	0	81	8	4	3	0	
3	6	8	14	16	17	27	30	31	33	1	2	12	18	21	24	35	36	37	38	2	3	42	244	2562	158	130	0	26	7	0	3	0	
1	3	4	12	22	23	26	28	31	35	2	7	8	10	11	20	27	32	33	34	2	0	57	976	0	416	0	0	71	8	0	2	0	
3	4	11	13	20	22	25	27	32	35	0	1	10	15	17	26	28	30	36	37	2	1	66	192	0	0	0	856	15	8	0	1	0	
0	15	18	19	21	25	26	33	36	39	5	9	11	12	13	20	22	24	29	31	0	2	60	725	226	0	0	636	10	3	0	0	0	
5	6	7	12	30	31	33	37	38	39	11	16	17	19	20	21	25	27	29	36	3	0	107	2622	2434	2561	2579	2796	228	37	68	10	0	
0	12	16	17	20	21	27	28	37	39	3	5	7	8	13	18	22	25	32	36	0	1	69	401	18437	691	0	13	0	78	99	27	0	
1	3	8	17	19	20	21	22	38	39	2	9	10	13	16	18	28	30	32	37	1	2	95	0	51	0	4300	0	36	0	2482	0	0	
0	1	4	11	13	20	21	25	30	39	6	8	10	12	14	16	27	34	35	38	1	3	59	41	0	0	140	819	0	8	1	1	0	
8	10	11	12	24	28	31	33	34	38	1	4	5	7	9	15	19	22	25	27	0	3	102	0	0	0	46136	1623	114	0	38	11	0	
2	3	7	10	13	19	20	27	28	32	5	8	9	17	24	25	29	34	36	39	0	0	101	3088	4303	0	249	143	0	55	0	6	0	
2	3	5	9	11	13	23	32	35	36	10	14	17	18	21	24	33	34	37	38	0	1	40	0	807	693	2314	1502	55	891	4	0	0	
3	10	12	23	25	26	27	29	33	35	6	8	11	15	19	20	22	32	36	39	1	2	67	987	9484	452	0	540	68	29	1	1	0	
0	10	12	19	27	30	34	37	38	39	1	3	6	7	8	11	13	17	20	32	0	0	104	1927	1127	0	45868	0	157	59	8	15	0	
8	15	21	25	27	28	31	32	37	38	0	2	3	6	16	17	18	19	20	29	2	3	107	239	21613	0	0	38	0	24	41	15	0	
0	6	23	24	25	27	29	30	31	33	4	8	9	11	12	18	26	28	34	36	1	0	72	2269	0	480	711	3806	25	4	0	0	0	
0	4	6	15	27	30	33	36	37	39	1	2	5	9	12	14	17	18	20	21	0	1	51	857	13984	0	27228	1711	141	12	5	4	0	
2	7	12	13	18	22	31	32	37	38	10	15	16	23	24	26	27	34	36	39	3	1	58	164	240	5883	0	7333	94	9	5	1	0	
2	5	7	14	22	27	28	35	38	39	0	1	8	10	20	26	30	32	33	37	0	2	90	0	20916	110	0	2365	5	0	1	1	0	
6	10	18	20	21	24	26	29	30	35	2	4	8	9	14	17	31	32	33	34	3	3	43	0	13359	0	938	6	113	3	1	0	0	
6	8	16	20	22	26	29	32	36	38	0	1	7	9	12	13	21	24	27	34	0	0	75	2094	11444	323	0	9	51	8	0	1	0	
0	1	2	4	10	16	17	34	37	39	5	6	12	18	21	22	23	26	33	35	0	1	48	94	174	0	285	35	1695	229	86	160	0	
0	3	6	8	12	14	15	21	29	36	2	4	5	10	20	23	26	27	32	34	0	2	57	197	0	92764	1969	1124	20	0	2	0	0	
3	5	15	20	22	23	27	31	32	37	1	7	9	11	13	17	21	35	36	39	2	2	82	223	71	414	910	0	250	121	0	324	0	
1	8	10	12	18	27	28	29	33	38	0	2	4	7	9	11	13	17	24	26	1	3	98	327	906	0	4260	0	253	0	13	5	0	
0	3	6	8	14	17	19	23	25	31	2	7	10	13	18	20	24	32	33	38	1	0	79	2055	0	1536	242	0	53	848	1	0	0	
5	17	19	22	25	28	30	34	35	36	0	1	6	9	15	18	21	27	31	33	0	1	96	739	50	0	286	0	223	4	3	1	0	
4	9	13	14	15	16	19	22	30	38	2	5	8	17	18	23	28	31	35	37	2	3	80	744	0	48620	0	2202	173	0	12	9	0	
0	5	6	10	18	19	21	23	28	31	2	8	9	14	15	20	25	26	32	36	1	0	69	5362	34376	1858	135	0	99	0	5	3	0	
0	3	12	14	15	18	22	32	33	39	2	4	7	10	20	21	26	28	35	36	1	1	67	0	644	512	263	9580	50	0	41	11	0	
1	3	4	5	19	24	26	30	32	36	0	6	9	13	14	20	21	28	37	39	3	2	68	647	0	245	0	44	48	17	4	12	0	
2	3	4	5	6	12	14	16	20	21	1	9	15	17	22	23	24	25	30	33	3	3	15	849	748	1428	575	730	96	42	27	19	0	
2	5	12	15	19	22	27	29	37	39	0	4	7	13	16	21	23	30	31	36	2	0	54	2312	0	704	0	238	12	0	4	4	0	
9	11	13	14	15	16	30	32	34	38	0	2	5	20	22	24	25	26	36	37	1	2	80	0	75226	20742	1817	979	306	4	3	1	0	
3	11	18	20	22	29	31	37	38	39	0	2	6	7	8	10	16	24	30	36	3	1	79	1623	16587	355	7005	109	0	0	1	1	0	
13	15	17	20	24	27	31	33	34	35	4	5	7	8	10	11	18	21	26	38	0	3	46	310	117	394	293	694	93	39	82	46	0	
2	4	5	7	9	21	23	24	28	33	0	1	10	14	22	29	30	32	36	37	0	2	66	2376	1450	949	50456	0	69	19	0	1	0	
2	7	14	16	17	18	19	21	24	28	1	3	4	8	11	20	23	26	29	34	3	3	26	800	1338	1366	1495	1360	187	15	1	0	0	
3	12	14	15	18	22	23	34	35	39	1	5	13	16	17	20	21	24	25	29	1	0	37	1012	677	25199	0	12524	11384	64	0	22	0	
1	11	12	17	20	21	31	32	35	38	5	6	7	9	14	16	24	25	27	28	3	1	42	0	2652	7807	0	563	0	0	14	81	0	
1	12	15	21	24	25	27	28	31	33	6	7	13	16	17	19	23	36	38	39	2	2	84	556	0	3497	1015	63	0	114	45	48	0	
3	7	10	21	27	28	32	34	37	38	1	2	4	8	17	19	22	24	25	35	3	3	80	4640	205	0	44777	0	47	16	0	6	0	
0	4	9	14	22	24	26	34	36	39	1	2	7	8	11	12	27	29	35	38	3	0	86	2501	690	0	2096	2146	261	12	11	6	0	
1	4	9	12	15	19	28	32	34	39	14	16	17	20	22	23	25	29	33	35	2	0	77	3421	143	0	314219	302	1106	5	1	0	0	
4	6	10	18	24	27	28	30	33	37	2	7	16	19	25	32	34	35	38	39	0	1	43	1072	285	212	545	0	49	0	1	6	0	
0	6	15	16	18	26	28	29	30	33	1	4	9	10	13	14	19	21	23	27	3	2	30	324	97	0	2031	7	0	1024	0	4	0	
2	5	6	10	15	18	21	28	32	34	1	4	8	9	19	22	23	24	26	29	2	1	83	538	385	0	2205	86	2911	0	4	3	0	
5	6	11	14	23	24	27	31	33	35	2	9	15	19	26	29	32	34	37	38	3	2	63	148	0	315	1706	129	0	0	2	3	0	
0	17	18	23	24	26	29	30	33	35	1	2	4	7	12	13	14	19	25	36	2	3	80	354	2821	0	227	0	68	8	1	0	0	
2	3	8	13	14	23	26	29	34	39	0	1	5	12	19	21	24	32	33	35	0	0	63	366	0	109	117	0	0	0	1	1	0	
1	4	7	11	17	23	25	26	28	38	6	8	19	20	29	30	31	34	35	39	2	1	88	200	0	67904	1529	1598	0	2	1	0	0	
1	7	10	12	27	28	29	30	35	39	2	4	11	13	14	19	20	26	33	37	1	2	84	80	3172	0	15889	0	25	13	1	0	0	
2	15	16	30	31	33	34	36	37	38	4	6	7	8	10	21	23	27	28	35	2	3	46	0	1441	556	182	197	26	6	2	0	0	
2	9	11	19	24	25	29	34	36	38	1	4	10	12	15	16	18	26	31	35	3	3	95	65	0	202361	1736	5875	93	12	0	3	0	
3	4	15	19	21	22	24	27	28	36	0	7	9	12	14	18	20	31	32	38	0	0	56	1024	582	24424	1367	1007	0	25	2	3	0	
2	4	8	9	14	24	29	32	34	38	1	5	15	18	21	23	28	33	36	39	0	0	106	913	8153	19418	324	0	2551	26	0	8	0	
0	2	9	15	16	17	23	25	29	35	6	7	8	10	14	19	22	33	36	37	0	1	72	145	1093	0	483	14	0	7	3	7	0	
10	12	17	21	25	26	28	31	32	35	1	2	13	19	22	30	34	36	37	39	3	2	80	511	0	2034	914	743	34	13	0	0	0	
2	12	13	17	20	23	26	31	32	36	4	5	6	10	11	24	25	27	28	29	0	3	50	0	871	612	691	650	49	3	0	1	0	
3	6	11	18	21	22	23	28	29	35	0	4	5	8	10	15	19	20	31	37	3	0	43	1497	0	205	0	0	33	15	1	0	0	
0	3	15	18	19	20	23	28	32	38	4	5	9	10	11	13	17	26	33	34	3	1	43	304	7244	0	75271	0	4188	9	6	12	0	
4	15	17	18	29	32	33	34	35	37	1	2	9	16	19	23	24	36	38	39	0	2	96	0	19821	9923	814	379	4	1	1	0	0	
1	13	14	16	20	23	25	27	36	38	7	9	12	17	19	21	22	29	30	34	0	3	76	0	372	243	0	6	0	10	1	0	0	
1	11	13	19	20	21	24	31	33	38	2	3	4	5	6	7	8	14	28	39	2	1	35	446	0	494	2504	824	0	8	0	3	0	
1	6	11	15	16	22	32	33	35	38	7	8	14	19	21	26	27	30	37	39	1	0	73	607	2090	0	1907	6	0	4	2	3	0	
4	11	20	23	25	27	30	34	37	38	1	3	8	12	13	15	16	18	24	28	3	2	52	0	5832	3810	1717	1851	57	34	0	14	0	
3	4	5	7	12	17	22	27	35	37	6	8	11	13	14	15	18	24	26	38	1	3	94	166	0	371	347	0	73	16	4	7	0	
0	6	10	11	13	20	22	32	33	35	5	8	9	15	19	26	29	31	34	36	3	0	78	491	0	673	0	334	49	5	5	0	0	
1	5	7	11	12	16	17	22	23	33	2	6	9	10	13	14	15	18	27	38	0	1	79	0	285	0	0	5130	1471	10	5	283	0	
2	9	10	12	14	17	26	27	33	37	3	7	8	13	18	21	29	32	34	39	3	2	82	154	0	130	0	595	109	3	0	1	0	
2	3	19	27	29	31	33	34	36	38	6	7	12	13	20	21	24	25	28	39	2	1	81	264	0	70748	0	9	22	0	2	0	0	
3	12	14	15	21	29	31	32	38	39	1	4	7	13	16	18	23	24	25	34	0	2	53	350	365	272	0	6	57	0	0	2	0	
1	8	11	12	14	19	24	32	38	39	2	7	10	13	15	17	25	27	30	37	3	3	44	190	0	0	2102	229	11	0	564	3	0	
0	1	17	19	21	22	25	34	36	38	3	4	5	7	24	28	29	30	32	37	3	3	69	68	0	0	1427	799	0	8	12	8	0	
0	8	9	10	20	24	25	28	29	31	2	4	6	7	11	14	16	17	21	26	2	0	85	1672	12021	0	0	2870	126	10	4	1	0	
4	7	14	17	26	27	28	30	34	36	0	5	11	15	18	29	31	32	33	38	0	1	43	115	0	13508	0	7	35	5	0	0	0	
0	3	10	12	17	20	21	22	23	34	1	2	4	13	15	16	19	26	32	39	0	2	34	138	0	80	0	235	4	0	0	0	0	
0	2	4	6	8	10	18	23	29	37	1	5	7	9	12	14	21	22	24	31	0	0	104	3177	0	0	35141	489	23	0	1	1	0	
8	9	10	12	16	21	24	29	35	37	1	3	11	14	19	22	26	30	31	32	1	3	82	130	160	0	9382	0	221	11	9	0	0	
1	4	7	12	14	23	27	33	34	35	2	5	11	17	21	22	24	29	32	39	0	1	59	131	3081	0	120	37	12	0	1	0	0	
2	7	9	15	18	22	27	33	37	39	0	1	4	5	11	19	24	28	32	34	2	0	82	1060	0	498	274	11	0	13	5	1	0	
1	3	7	9	10	12	14	16	22	23	2	4	13	17	19	25	30	36	38	39	3	2	30	481	1593	1146	809	585	0	3	1	0	0	
1	2	9	17	25	27	33	35	36	37	4	5	11	19	20	21	22	23	31	32	1	3	43	155	80	0	0	154	0	3	0	1	0	
0	3	8	11	20	24	25	32	33	39	1	4	9	12	15	22	23	31	35	38	0	1	68	0	1333	16224	0	687	4	18	0	6	0	
1	5	7	10	11	13	21	25	27	34	9	14	15	17	18	23	28	29	31	35	3	0	37	1249	452	0	1484	0	262	7	4	1	0	
0	1	8	9	11	14	18	19	21	27	4	6	13	17	24	25	31	32	36	39	2	2	52	1166	37991	213	1117	253	528	232	78	16	0	
5	9	14	15	18	22	31	32	37	39	4	11	12	16	17	19	23	24	33	34	1	3	82	1039	7308	490	0	818	19	0	2	0	0	
2	3	11	14	16	19	25	31	33	38	5	9	10	17	18	20	23	28	35	37	3	1	68	0	0	268	187	314	72	0	1	0	0	
1	4	8	11	26	30	35	36	37	39	7	10	13	18	24	25	29	33	34	38	2	0	58	4375	2941	1941	245	2341	0	17	23	4	0	
1	4	8	11	26	30	35	36	37	39	7	10	13	18	24	25	29	33	34	38	1	2	81	314	0	1983	2068	0	40	4	0	0	0	
3	8	13	14	15	16	17	21	28	35	1	9	10	12	20	22	23	24	26	32	0	1	71	248	0	2738	1626	0	8093	191	0	53	0	
3	5	7	10	11	18	27	30	36	37	2	6	15	17	21	22	26	32	35	38	3	2	40	430	129	0	927	0	178	7024	0	7	0	
9	12	14	15	20	21	25	28	32	33	2	7	13	19	23	24	31	34	35	38	3	3	71	219	242	0	9866	0	217	0	19	14	0	
4	8	9	13	15	19	20	24	28	39	1	7	12	16	21	22	25	32	37	38	1	0	82	1546	10632	0	10873	47	155	31	14	0	0	
1	3	6	8	13	15	17	31	35	38	5	9	16	21	23	24	28	34	36	39	1	1	48	2058	1421	854	2361	936	30	26	0	14	0	
6	13	18	19	21	23	25	26	36	38	3	4	5	7	11	16	30	32	35	37	0	3	70	145	0	169111	11053	14	0	20	14	12	0	
2	6	15	16	26	29	30	32	33	39	3	7	10	11	12	17	21	36	37	38	0	0	30	945	0	779	1138	0	11	10	11	7	0	
0	2	6	7	9	10	13	16	19	27	11	15	20	21	28	29	30	33	37	38	0	1	71	2532	2344	699	12802	0	442	7	5	4	0	
2	4	6	8	26	27	29	33	35	38	0	15	16	19	24	25	30	31	32	36	2	2	79	698	8097	654	18716	0	431	17	615	0	0	
2	10	17	22	23	31	32	34	35	37	6	7	11	13	15	19	25	28	30	38	1	3	63	286	0	987	16574	0	30	10	0	4	0	
6	7	9	20	22	24	26	27	31	38	0	2	10	19	23	25	33	34	35	39	0	2	77	1756	17441	172780	8107	2419	0	269	0	537	0	
2	4	5	6	7	14	23	24	26	28	12	18	19	20	21	22	25	31	35	37	0	0	62	4045	4540	46751	1527	5	0	1035	2	0	0	
4	5	15	16	17	22	30	35	37	39	2	7	10	14	26	27	31	33	34	38	1	1	37	307	2758	0	915	10	184	0	2	0	0	
1	3	9	11	18	21	24	28	29	35	4	10	12	13	19	20	26	30	31	37	0	3	67	0	32546	0	1936	6314	246	16	4	4	0	
0	8	10	19	20	25	26	31	32	38	2	6	12	17	21	27	28	35	36	37	1	0	61	1403	0	188	0	62	16	8	0	0	0	
3	9	13	14	18	30	31	32	35	37	2	10	12	21	23	24	26	28	38	39	0	1	60	1845	4394	4037	288	0	35	12	2	1	0	
2	4	7	15	19	23	24	28	34	37	3	5	8	11	12	14	25	32	36	39	2	2	57	251	9868	116	0	233	0	16	0	11	0	
1	6	8	10	18	19	25	30	32	33	7	9	11	12	16	26	31	35	37	38	3	3	99	420	119	597	0	570	0	3	0	1	0	
1	13	14	15	16	17	21	26	35	37	0	4	6	7	9	12	20	25	27	36	0	2	47	617	134	386	0	0	29	3	2	2	0	
3	6	8	10	15	17	18	27	35	38	7	11	13	16	29	30	31	32	36	39	0	3	89	943	4938	0	1743	326	10	0	1025	0	0	
4	7	9	11	14	18	25	26	27	28	0	2	12	20	23	24	32	34	35	37	2	0	71	1821	2816	1746	19241	0	92	0	9	14	0	
3	9	12	15	17	21	24	28	30	38	0	2	4	8	11	19	27	29	33	37	0	0	96	2311	0	699	61731	747	0	529	3	1	0	
5	9	12	15	20	22	24	31	33	39	4	6	11	16	17	23	25	32	34	35	2	1	49	450	19725	0	261	0	9	0	3	1	0	
0	5	6	8	13	21	28	31	33	39	1	3	7	9	11	12	16	17	19	35	3	2	107	618	6539	0	1769	1072	0	971	1	1	0	
4	10	15	16	20	25	27	35	37	38	1	2	6	11	13	24	28	33	34	39	1	3	45	1415	4414	246	2388	0	6	5	0	1	0	
5	6	10	14	16	21	23	26	30	32	1	3	4	7	8	11	13	18	19	27	0	1	103	308	95	2180	0	924	0	708	1	0	0	
9	13	14	21	25	27	31	33	35	38	1	7	8	10	16	18	19	28	30	37	2	0	73	1857	17135	0	5912	1481	22	10	5	1	0	
0	2	12	13	17	21	24	30	31	32	1	8	11	16	18	20	22	23	35	36	2	1	38	0	0	0	138	0	21	15	4	1	0	
4	5	6	13	15	20	22	23	30	31	3	10	11	12	18	24	25	27	29	34	1	2	64	62	0	0	1175	8	10	0	0	0	0	
2	10	14	15	16	18	21	30	34	36	0	1	6	8	12	13	17	20	23	28	3	2	21	0	3769	37000	41879	19118	0	13	12	13	0	
2	4	5	7	10	24	31	34	35	37	3	6	14	16	25	28	32	33	36	38	1	3	35	0	2638	198816	2816	2615	963	7	1	1	0	
2	4	9	10	12	17	19	21	23	26	5	8	13	28	30	33	34	36	38	39	2	3	63	2781	34657	9926	3620	25	71	15	12	0	0	
8	13	14	16	17	18	19	29	36	39	2	3	4	6	9	10	20	21	31	35	2	0	59	7918	33077	2310	0	807	713	8	6	1	0	
3	6	16	18	21	22	26	29	33	35	4	5	8	9	14	15	23	24	25	37	2	0	103	1421	0	27784	0	262	32	0	2	1	0	
2	6	7	8	10	14	15	30	34	36	9	13	18	23	24	25	27	31	37	38	0	1	64	482	1028	1178	654	1270	55	89	0	98	0	
7	11	13	14	16	20	21	24	29	31	1	5	9	17	22	23	30	35	36	39	2	2	99	0	2110	2158	1388	548	11	22	0	0	0	
4	5	8	9	13	19	24	27	28	39	1	3	7	11	15	16	29	32	33	34	0	1	115	74	0	35704	39823	194	41	7	3	4	0	
1	4	15	17	20	21	28	29	30	38	2	7	14	16	18	23	26	32	34	35	0	3	61	592	0	36843	0	346	0	24	28	8	0	
3	12	16	18	21	24	25	26	29	38	1	2	7	10	15	17	20	30	33	37	2	2	89	833	35873	1039	38118	0	748	79	14	0	0	
1	5	9	16	17	20	23	25	27	35	3	7	14	15	22	29	30	33	36	37	3	3	33	1480	5106	0	1850	262	26	0	0	55	0	
4	6	7	16	17	23	26	30	32	38	1	2	3	11	12	14	18	28	31	37	1	0	38	1060	161	0	2895	1153	118	0	7	6	0	
3	7	10	12	19	21	30	31	33	36	1	5	9	11	13	14	23	26	27	37	3	1	39	288	0	1046	608	274	0	2	2	0	0	
0	13	14	19	20	31	32	33	35	39	5	8	9	10	11	15	26	27	28	37	3	2	93	327	0	0	0	475	16	4	3	1	0	
0	1	3	5	12	15	17	19	20	28	2	7	9	21	23	24	29	34	35	38	3	0	45	2799	1375	1335	4276	8	507	0	0	6	0	
5	6	10	11	12	22	26	32	33	36	0	7	8	23	27	28	31	35	37	39	2	1	64	292	0	652	0	0	541	11	0	6	0	
7	11	14	22	23	24	26	33	36	39	2	3	12	13	17	19	27	29	31	37	3	2	42	738	12178	0	13059	17	30	9	0	0	0	
0	6	9	28	30	31	33	35	36	38	3	4	5	10	11	12	16	18	20	29	3	3	75	2047	3238	4497	49486	16	212	16	5	6	0	
10	12	14	15	17	18	19	20	23	31	2	3	7	11	16	26	29	32	33	36	0	0	30	6049	22242	857	1691	904	19	0	0	1	0	
1	4	7	9	13	24	28	35	37	39	0	2	3	6	10	16	20	25	27	38	0	3	90	575	0	1581	41741	274	4	0	2	1	0	
3	8	15	17	18	20	28	29	35	38	4	7	13	14	21	23	24	27	32	37	3	0	85	1316	0	223	148	589	62	2	1	1	0	
2	9	14	16	17	20	26	29	30	35	4	7	19	21	22	24	28	31	36	39	0	1	64	154	0	594	403	253	0	10	0	1	0	
0	1	5	10	12	14	30	32	33	36	4	8	13	17	18	20	21	23	25	34	3	2	16	369	721	0	2659	679	1571	1	1	1	0	
2	3	8	10	18	22	23	24	28	30	0	1	5	6	11	14	19	25	32	34	2	3	36	206	1013	0	506	757	817	1046	1	0	0	
1	2	7	11	12	16	26	27	32	37	3	4	6	13	17	18	21	22	28	31	0	0	23	623	0	244	252	0	2	0	1	0	0	
8	9	10	13	14	16	24	29	34	35	4	5	6	12	18	19	21	23	37	39	2	1	67	78	0	10647	0	114	44	12	1	0	0	
0	6	7	9	12	14	18	26	32	37	8	13	16	20	22	23	33	34	36	38	1	2	55	0	39270	410	0	1360	1101	9	2	1	0	
2	7	9	10	11	14	15	17	34	39	4	12	13	22	24	25	26	27	30	36	3	1	62	529	29328	3528	221159	943	511	27	9	9	0	
7	10	12	15	18	20	26	30	35	37	5	11	13	14	16	17	21	24	28	34	0	2	23	0	72511	0	1437	2091	0	976	526	8	0	
0	12	17	19	20	21	26	28	34	38	1	6	9	13	14	18	25	29	32	33	1	3	98	170	19297	0	852	25	0	14	4	8	0	
2	17	18	21	24	26	28	29	30	31	9	12	14	19	20	25	32	33	38	39	0	3	70	0	0	5405	140675	934	38	0	978	6	0	
3	4	8	12	14	16	21	24	26	38	1	7	11	19	20	23	27	30	31	39	1	0	73	1049	190	488	0	0	0	6	0	4	0	
2	15	16	19	22	25	28	32	33	36	3	5	9	10	11	12	17	18	20	29	2	1	63	292	282	1263	2941	0	0	552	6	2	0	
1	3	8	9	20	21	27	29	30	35	0	13	16	22	25	26	31	32	36	38	2	2	109	353	255	265	0	11	0	11	2	1	0	
6	11	13	20	21	23	26	28	32	39	0	2	9	17	18	22	24	29	30	33	2	3	99	208	0	1850	1427	1233	0	31	5	5	0	
13	14	18	24	26	29	30	32	35	37	5	7	8	11	15	16	17	27	28	38	2	0	70	1966	0	1983	975	1894	35	7	3	2	0	
2	3	4	12	15	18	27	29	36	37	0	10	17	20	23	24	25	30	35	39	3	1	62	40	0	19304	0	15	835	4	0	0	0	
6	11	12	13	16	17	18	21	22	23	0	2	8	9	14	25	26	27	29	32	0	2	30	0	2838	409	331	0	50	17	6	5	0	
2	11	12	16	17	22	23	27	34	38	7	8	9	13	14	18	19	24	28	39	1	3	98	195	205	0	1033	716	24	7	6	0	0	
0	3	4	8	10	12	17	27	36	39	2	5	7	15	19	21	25	26	28	32	2	0	66	2421	206	0	25658	4872	17	11	3	0	0	
2	3	18	21	23	25	31	33	34	36	0	4	9	11	13	20	22	24	29	30	2	0	81	889	515511	376	2219	12	15	0	0	0	0	
2	6	7	13	17	22	26	28	32	36	0	1	4	10	11	23	24	27	33	38	3	1	16	259	186	651	0	323	0	12	1838	2	0	
1	8	9	19	21	22	28	30	36	38	2	3	5	11	16	17	18	25	32	39	3	1	64	1979	27167	794	1806	0	642	46	0	15	0	
0	3	11	12	13	18	22	23	26	33	2	8	14	15	21	25	27	29	32	37	2	2	36	186	265	483	994	2363	0	16	0	4	0	
0	9	11	12	16	17	22	23	27	38	10	13	19	24	30	32	33	34	35	36	1	2	93	0	47330	45	311	0	346	2	4	5	0	
5	8	10	13	15	16	28	32	33	35	6	9	12	17	19	22	24	34	37	38	3	3	43	350	153	997	0	518	10	0	1	0	0	
0	11	13	15	17	19	21	28	35	36	1	2	10	14	22	24	26	30	32	38	1	0	70	3917	0	131	0	1223	35	50	2	1	0	
1	10	11	13	20	24	25	30	32	35	4	7	8	12	14	15	17	26	29	33	3	3	25	413	300	0	0	2383	616	12	4	2	0	
6	7	10	18	20	21	24	25	29	35	1	3	4	8	9	14	15	33	38	39	1	1	58	0	2470	659	11887	0	42	7	2	1	0	
5	6	9	16	22	24	27	28	36	37	3	7	8	10	12	25	31	33	35	38	0	0	103	1842	5017	3532	12707	1246	0	526	0	2	0	
0	1	5	7	8	12	14	21	27	34	9	17	18	20	23	24	28	30	33	39	2	2	102	0	1364	20206	0	3808	358	64	6	23	0	
2	3	17	18	19	24	27	31	34	37	0	4	15	21	22	29	32	35	36	39	2	3	68	729	6952	334	0	4907	46	0	573	0	0	
8	10	13	20	21	23	24	33	34	36	1	2	4	5	7	9	14	17	28	37	2	0	29	877	0	240	331	414	20	0	1	2	0	
0	7	9	12	19	23	26	31	37	39	2	8	10	18	21	22	24	33	34	38	3	1	88	75	0	267	376	246	0	2	2	1	0	
18	20	23	25	26	29	30	31	35	36	2	5	7	10	13	14	21	33	37	38	0	2	29	1123	1340	23807	3215	2465	47	6	1	1	0	
4	5	7	10	20	23	24	35	37	38	2	6	8	14	15	16	25	26	27	39	0	3	69	201	0	525	15494	1414	62	6	2	0	0	
3	5	8	11	13	22	24	26	27	37	0	2	6	10	19	30	31	33	34	39	3	1	97	243	0	907	10585	6174	408	0	19	9	0	
1	6	7	10	16	17	24	27	35	38	2	3	9	11	14	18	20	25	36	37	3	2	19	367	0	33237	0	1505	18	12	1870	1	0	
5	7	8	15	16	19	25	26	28	37	0	2	4	6	12	14	24	27	30	34	0	0	51	3201	11377	0	31323	237	133	0	15	12	0	
5	17	18	20	25	27	31	32	37	39	7	9	11	14	21	23	26	28	29	30	3	3	74	328	866	0	772	19	9	0	0	1	0	
7	8	13	15	17	21	26	27	35	38	3	10	12	16	18	19	22	30	33	37	2	1	89	295	2144	0	182	0	1288	0	2122	22	0	
5	11	12	19	20	24	25	27	30	36	0	2	4	6	13	16	17	21	26	39	2	0	64	1380	1037	1433	408	1477	0	27	0	6	0	
1	7	12	20	22	27	28	30	38	39	2	3	9	16	18	19	21	24	32	35	3	1	90	568	9457	0	42223	1225	0	12413	13	10	0	
6	10	17	18	22	25	27	29	32	38	2	7	9	11	16	21	24	33	35	39	0	2	96	959	15163	0	1223	0	23	13	15	9	0	
0	2	7	9	16	22	24	26	35	38	1	5	8	12	23	25	29	30	32	37	1	3	17	215	0	155	118	0	33	1562	9	12	0	
0	6	9	16	19	21	31	36	38	39	1	3	5	10	22	25	26	33	34	35	2	1	73	502	0	140670	2711	322	53	5	1	0	0	
6	9	20	22	25	27	28	36	38	39	0	2	8	10	16	18	21	31	33	35	3	2	62	1295	350	1073	2212	1591	16	0	1	0	0	
2	3	4	5	11	16	26	27	28	33	1	6	10	17	19	21	23	31	37	39	2	3	62	0	595	511	92	2	0	1	0	0	0	
4	7	11	13	20	22	29	35	37	39	2	5	12	17	18	19	21	25	27	33	0	0	50	3146	0	557	676	9	0	8	0	757	0	
0	5	6	15	17	18	26	27	30	38	4	7	8	9	13	22	28	32	33	37	2	0	68	853	1443	147	0	7	20	0	2	1	0	
4	6	8	12	13	19	24	26	35	37	2	3	5	9	16	17	18	21	25	27	2	1	37	74	83	101	87	0	312	21	2	4	0	
0	5	6	11	14	15	20	25	27	33	2	7	8	9	17	22	23	30	31	39	0	2	105	0	770	45899	604	137	17	0	1	1	0	
3	4	8	16	20	24	27	29	36	39	5	6	7	9	11	13	14	23	25	37	1	3	41	0	791	83	0	149	0	17	1	4	0	
1	3	4	6	15	20	22	28	32	35	5	7	8	12	21	26	27	29	34	38	1	0	36	1117	140	0	556	433	1	0	1	0	0	
3	6	14	16	21	27	28	31	32	38	2	9	10	11	15	23	24	25	34	36	0	1	34	56	0	7016	0	102	64	0	1	0	0	
0	5	6	15	17	18	26	27	30	38	4	7	8	9	13	22	28	32	33	37	3	2	58	588	2050	0	995	6	19	1	0	0	0	
11	15	17	19	20	21	22	24	26	34	2	5	7	8	12	18	27	28	30	38	2	2	100	1246	1120	3377	788	243	60	8	4	3	0	
3	5	8	17	18	19	27	33	34	36	0	1	4	6	22	24	29	30	32	37	0	3	65	197	6398	747	1284	0	0	3	1	3	0	
3	8	19	20	22	25	26	30	31	35	9	12	13	23	29	32	34	36	37	39	0	3	53	281	2045	442	0	13	119	17	1	2	0	
1	2	3	9	12	22	23	27	30	33	0	13	18	20	21	24	32	34	37	39	1	0	52	1409	0	3475	0	623	23	0	11	3	0	
7	13	16	19	20	22	23	26	28	29	1	8	9	18	24	25	30	33	34	36	2	0	116	2322	54702	490	1424	1092	30	9	18	4	0	
8	9	10	11	12	17	19	20	33	34	0	5	6	7	13	16	18	23	29	38	0	1	115	0	81	0	13533	2760	9	742	0	1	0	
3	4	5	13	14	23	25	26	30	31	6	7	12	16	21	22	24	34	37	38	3	2	22	0	6	70	0	627	13	1	0	0	0	
1	4	8	11	13	18	19	20	23	25	0	5	16	17	26	30	32	34	35	37	2	3	41	853	256	8555	0	389	11	2	0	0	0	
0	2	6	7	15	18	21	24	34	36	1	8	16	22	29	30	33	35	37	39	0	0	81	1251	8289	72	0	2314	34	0	1	2	0	
0	1	4	9	15	17	30	32	36	38	5	6	14	20	23	24	34	35	37	39	0	1	93	662	339	204	0	128	0	2	2	1	0	
4	12	19	20	21	26	29	30	36	39	0	5	9	10	13	23	24	25	28	32	0	2	64	0	577	1549	335	290	17	0	1	1	0	
3	5	6	16	17	18	19	32	34	38	0	4	9	11	12	14	20	27	28	30	0	3	69	1193	311	1055	257	0	830	59	34	0	0	
0	11	16	26	28	30	31	34	35	37	3	6	9	10	12	13	17	19	33	38	2	1	44	0	1990	150722	460	5515	4	10	1	0	0	
3	6	10	13	16	17	18	25	35	36	5	8	9	11	12	23	27	28	37	39	3	0	75	2385	622	0	2105	4163	83	33	810	2	0	
10	14	18	19	20	23	29	35	36	37	2	3	9	13	25	26	28	34	38	39	2	1	99	672	13059	0	1126	841	0	21	11	9	0	
0	1	6	7	11	16	27	31	35	39	2	3	18	21	22	24	28	34	36	38	1	2	76	133	0	821	19752	1	72	6	1	1	0	
0	1	8	20	24	27	35	36	38	39	3	9	12	14	19	23	28	29	34	37	0	2	90	621	75	0	110040	778	13	12	2	1	0	
0	1	7	8	15	20	21	24	25	27	2	3	4	10	14	22	32	33	35	37	3	3	37	868	781	286	274	388	0	2770	46	2	0	
1	2	11	14	19	21	25	26	29	35	8	9	15	16	20	32	33	36	38	39	2	3	64	0	26426	0	276	182	2046	0	213	1	0	
0	10	11	14	20	21	28	29	30	39	3	5	12	13	15	22	23	25	31	35	3	0	26	868	0	594	0	233	51	4	0	0	0	
2	3	14	16	18	21	22	25	36	39	0	7	11	15	19	24	26	28	31	38	1	0	87	1013	319	0	0	141	0	8	0	0	0	
0	1	3	7	19	21	24	27	31	39	5	12	16	17	23	26	28	34	36	37	3	1	56	172	0	68089	0	7	22	2	0	1	0	
2	4	10	13	14	20	21	26	29	30	0	1	3	5	6	18	23	25	35	38	1	2	43	154	0	104	0	0	0	1	1	1	0	
2	3	6	9	19	21	25	28	31	34	15	18	20	22	26	27	30	36	37	39	1	1	76	0	48951	0	1147	1545	152	1	1	0	0	
1	4	14	16	18	19	20	31	36	39	0	2	7	10	12	15	24	27	28	32	1	3	69	0	1583	2194	353	0	114	8	0	4	0	
2	5	6	10	12	19	24	25	29	34	3	4	7	18	22	27	28	30	31	35	2	0	46	1482	631	595	748	8	0	0	10	0	0	
1	2	3	10	16	17	32	34	35	39	5	8	11	18	24	25	26	28	30	31	1	1	62	731	24956	14081	1291	232	0	7	3	3	0	
9	16	17	25	30	31	33	34	36	39	0	1	2	4	5	7	8	18	22	37	2	2	40	0	55355	629	2842	0	23	16	3	0	0	
0	5	7	12	18	22	23	31	33	34	4	15	16	17	19	20	28	30	35	39	2	3	33	135	0	362	0	0	4	0	1	0	0	
0	4	5	17	22	26	32	33	36	39	1	7	10	12	13	14	15	20	23	30	3	2	41	1372	0	1084	8252	7	0	3626	3	0	0	
1	2	3	9	14	16	20	23	30	32	0	5	7	17	21	25	28	31	34	39	3	0	50	1171	0	225	78	636	21	0	1	0	0	
2	7	13	14	18	22	24	25	31	37	0	3	6	8	12	15	19	28	29	39	3	1	70	97	0	74	88	60	0	0	0	0	0	
3	9	13	17	26	28	29	30	31	34	8	10	12	14	20	24	25	33	36	37	1	3	65	160	221	12525	0	7	0	1	0	1	0	
6	8	9	12	15	18	21	27	31	32	2	3	7	11	14	19	23	26	33	37	2	2	28	499	4101	0	2162	0	0	0	13	2	0	
1	2	4	5	12	20	24	28	29	34	6	7	9	15	19	21	32	33	35	39	3	0	77	3229	1409	312	1090	1459	170	0	8	3	0	
5	9	11	16	22	25	27	28	30	39	0	4	6	15	17	23	31	32	33	35	2	1	79	99	0	611	263	126	0	11	1	0	0	
0	2	5	6	10	11	13	18	23	33	1	4	9	12	16	17	30	31	35	36	0	3	72	713	16376	548	491	277	0	4	4	0	0	
1	7	8	9	13	18	20	24	32	36	2	3	5	12	14	17	22	23	30	39	0	0	82	627	0	503	492	350	0	16	3	2	0	
2	5	6	14	16	22	23	32	35	37	0	1	4	10	11	15	25	27	28	38	3	2	42	163	0	0	1513	2176	350	0	14	3	0	
0	8	9	11	18	19	25	31	34	36	5	6	7	10	14	20	27	30	35	38	0	1	104	136	665	0	10238	620	92	16	0	41	0	
1	3	4	5	6	17	19	29	34	37	2	13	15	16	21	25	30	32	36	38	2	3	48	387	0	0	12565	0	461	2571	3989	997	0	
0	2	7	9	16	21	27	34	36	39	3	5	6	11	13	14	19	24	28	37	1	0	105	1244	12075	477	0	8	27	0	5	1	0	
0	4	9	17	19	24	35	36	37	38	1	3	10	11	14	16	20	23	26	39	0	2	69	840	254	0	1076	5	0	11	2	1	0	
3	9	12	13	15	17	18	29	34	39	0	6	7	19	20	24	25	30	32	35	2	3	88	554	360	0	24692	6	0	10	1599	3	0	
0	9	11	14	16	19	22	31	32	33	1	3	5	7	8	15	18	21	27	29	0	1	77	547	142	10233	0	0	32	0	0	127	0	
0	1	8	9	11	16	21	22	31	38	3	5	13	14	23	26	32	34	35	37	3	0	48	848	0	716	29814	0	90	0	1	1	0	
1	3	4	7	13	15	17	21	29	37	5	6	19	22	23	30	31	33	35	36	2	2	33	3500	0	52396	0	2076	0	6	4	3	0	
2	7	8	15	16	18	21	31	32	35	4	6	11	19	23	25	36	37	38	39	1	3	83	269	409	0	420	262	27	0	1	0	0	
4	6	7	16	20	24	25	27	29	35	0	1	8	9	10	13	18	22	23	34	2	1	63	269	135	0	57660	722	18	9	1	0	0	
2	5	8	13	15	22	34	35	37	38	0	6	10	20	28	30	32	33	36	39	3	0	95	2524	972	334	1982	0	113	5	5	3	0	
7	9	10	12	15	16	22	25	32	35	1	3	11	18	21	26	33	34	38	39	3	2	86	68	0	276	122	3434	33	19	19	0	0	
4	6	7	8	9	18	20	21	34	36	0	11	13	14	23	25	29	32	33	35	1	1	29	444	13198	18725	0	2240	0	25	0	2	0	
1	3	5	6	8	12	14	24	32	35	0	7	9	16	19	23	29	30	36	38	1	2	66	1027	0	0	27936	0	253	4210	13037	52	0	
8	12	13	15	18	19	21	30	31	35	1	3	5	6	7	20	22	25	28	34	2	3	79	656	7063	0	2205	516	0	3	1	0	0	
3	7	8	14	20	21	25	33	36	37	4	15	16	18	19	24	30	31	32	35	3	0	87	844	267	0	3937	679	8	2	1	0	0	
7	11	19	21	28	30	33	36	37	38	3	4	5	9	12	17	22	23	29	34	3	3	94	1360	114	0	82159	8	97	24	0	1	0	
2	7	8	14	15	23	24	25	35	38	0	6	10	11	22	26	28	30	34	37	2	0	74	688	258	246	0	330	0	10	2	1	0	
3	5	6	8	13	15	19	20	34	35	12	22	23	24	25	26	27	30	31	33	3	1	34	367	11893	2619	309	7	0	41	0	0	0	
10	11	12	13	18	20	21	24	34	38	2	3	15	17	23	25	30	31	32	33	3	2	44	462	562	1098	1535	413	0	9	2	2	0	
3	5	6	12	14	17	19	24	26	36	0	4	7	16	20	21	32	33	34	38	2	3	6	611	1165	0	271	0	0	4	2	2	0	
6	8	12	14	15	18	22	23	28	39	4	5	10	11	17	20	25	31	32	34	3	0	31	3075	0	0	424	493	6	0	2	0	0	
1	8	13	24	25	30	32	34	36	38	3	4	11	12	17	20	22	26	28	35	3	1	77	1125	38301	15184	0	1598	115	14	9	0	0	
5	6	13	14	17	21	24	33	36	39	1	16	19	20	23	26	29	30	32	37	3	2	57	252	3621	65	65	0	143	0	14	18	0	
3	6	15	16	22	23	26	33	37	39	1	2	10	18	24	25	28	30	32	38	0	3	28	173	0	46	330	0	14	12	5	40	0	
0	3	4	5	14	15	22	27	34	35	6	7	8	9	10	12	16	18	20	24	2	0	69	1714	0	756	12713	80	0	16	0	0	0	
6	7	8	21	27	30	33	34	36	37	0	3	5	9	12	22	26	35	38	39	1	1	30	822	2875	1144	514	10	2	1	1	0	0	
4	6	7	9	12	27	35	36	37	39	2	5	8	10	11	15	17	28	32	38	1	1	35	250	56271	0	0	1601	11	7	1	0	0	
2	6	8	9	23	27	28	31	33	39	3	13	14	16	21	22	25	30	36	38	1	2	46	330	13101	1044	14927	1713	14	0	1686	526	0	
0	4	7	12	16	17	23	25	30	38	1	8	9	11	13	15	27	32	33	37	1	3	4	125	85	339	0	41	0	7	6	3	0	
4	5	9	10	20	24	30	32	34	38	1	8	11	13	15	21	25	27	36	39	1	0	88	2337	768	1224	635	616	80	0	15	0	0	
3	4	6	17	18	24	25	29	30	37	0	2	7	9	12	16	19	20	21	31	3	1	65	201	77	0	123	0	48	9	14	0	0	
5	18	21	25	27	29	32	33	34	36	0	1	12	14	17	20	22	28	35	37	1	2	55	0	76664	0	0	9	87	12482	5	0	0	
11	12	13	14	19	20	24	25	29	30	0	2	4	6	7	9	23	34	35	36	2	3	38	253	4539	231	0	13	13	768	3	3	0	
0	3	8	10	15	17	28	30	35	38	6	11	13	16	18	19	22	24	26	27	1	0	94	2710	7015	0	28687	415	5	0	0	0	0	
1	2	4	18	20	28	29	30	31	38	0	7	9	10	12	16	21	22	26	32	1	1	30	146	0	132	0	196	67	0	2	0	0	
5	10	17	25	26	28	31	32	34	35	0	1	3	9	13	14	22	24	36	39	2	2	56	0	279	690	443	879	23	19	4	2	0	
1	3	7	9	10	12	24	35	36	37	5	13	16	18	23	25	30	32	33	39	2	2	38	1717	0	267352	7462	1185	22	4	3	3	0	
6	7	8	9	17	19	29	31	33	34	0	1	2	4	11	12	20	25	27	36	2	3	78	225	0	904	1177	49	204	0	0	0	0	
7	8	10	13	21	22	27	30	31	39	3	6	12	16	23	24	25	26	35	37	1	0	39	531	0	367	202	0	0	21	44	0	0	
10	13	17	20	21	23	27	30	37	38	0	4	5	7	11	24	25	32	34	35	0	1	38	633	5474	277	229	2930	43	13	3	3	0	
1	2	7	9	13	15	17	26	33	35	5	10	12	14	21	24	32	36	37	39	0	2	38	0	378	30895	609	0	155	9	4	0	0	
3	7	9	11	13	16	19	22	23	26	1	2	4	8	17	18	20	27	30	31	3	3	23	448	24601	215	697	324	24	1	1	0	0	
0	2	4	6	9	10	15	17	22	35	1	5	12	13	14	18	19	23	26	34	2	0	53	2309	9948	0	0	1989	19	0	2	0	0	
3	5	8	12	15	17	18	26	29	36	1	6	7	16	20	21	25	32	34	39	3	3	64	400	0	38104	83860	4	39	7	1	0	0	
8	9	11	12	22	23	24	32	33	39	0	3	5	13	17	18	26	28	30	37	0	0	53	353	0	0	46	0	81	0	2	0	0	
0	4	9	14	17	22	23	31	33	36	1	2	3	5	6	10	21	26	27	28	2	1	34	0	0	803	1275	912	0	5	1	1	0	
1	8	15	19	23	31	32	35	37	39	4	9	10	18	20	25	27	30	33	38	0	1	81	279	24548	4662	4105	0	10525	1295	0	0	0	
0	2	3	5	7	13	20	23	28	37	6	9	11	12	15	16	18	26	27	34	3	2	39	0	738	283	0	0	111	2	1	0	0	
9	15	20	21	23	27	28	29	32	34	0	1	5	8	13	17	19	24	25	37	3	3	61	0	52807	1304	0	5541	1339	10	924	0	0	
1	10	11	15	19	21	30	31	32	36	5	8	12	20	22	25	26	27	33	34	0	0	48	1180	777	278	116	0	1085	92	1	0	0	
0	2	3	4	5	8	14	26	31	33	9	12	15	18	19	22	24	29	35	38	1	2	97	337	0	49318	1002	0	13	5	4	1	0	
2	3	9	15	18	21	23	27	35	36	0	10	13	14	20	22	24	28	33	37	2	1	85	110	0	16426	276	178	0	6	3	3	0	
0	3	7	9	18	20	26	27	32	34	4	6	11	16	22	23	25	30	35	36	2	3	77	0	23423	197	1368	511	815	0	1	0	0	
0	2	3	5	11	18	20	25	28	29	8	9	10	14	22	30	31	33	34	36	3	0	62	4035	2978	2995	30439	844	783	6	6	4	0	
0	6	14	19	21	22	23	34	38	39	1	4	13	15	16	17	28	32	33	36	2	1	19	143	0	0	0	152	0	14	6	0	0	
1	3	13	18	21	29	33	34	38	39	0	2	6	10	11	14	15	17	20	31	1	2	66	227	0	527	0	2411	0	47	6	3	0	
1	3	9	20	21	25	27	31	33	37	2	8	10	11	15	16	22	23	26	36	0	3	63	461	861	1672	1033	5	0	9	1	0	0	
2	7	11	12	13	30	33	34	38	39	1	3	9	19	20	21	24	25	36	37	2	0	55	1155	825	0	0	662	14	4	1	0	0	
0	2	3	5	11	18	20	25	28	29	8	9	10	14	22	30	31	33	34	36	0	2	67	1034	777	149443	32510	0	3	2	1	1	0	
2	7	8	12	30	33	35	36	37	39	10	13	15	17	22	25	26	27	29	32	2	1	73	1780	2180	1833	3263	2059	22	3	2	1	0	
1	2	10	11	12	23	25	33	37	38	3	5	6	8	9	17	18	22	30	34	1	2	20	0	0	0	0	3507	116	23	4	3	0	
10	19	21	24	27	28	35	36	38	39	4	6	7	12	13	15	20	23	29	34	0	3	29	314	13276	515	683	0	14	7	1	0	0	
4	5	15	16	20	24	25	27	29	35	2	6	9	10	11	12	18	21	26	34	2	3	88	242	0	1475	19712	970	0	80	1	1	0	
5	15	17	18	26	30	31	32	35	39	2	4	7	8	9	16	21	23	27	38	1	0	64	1112	702	1265	607	10	0	6	3	5	0	
4	5	16	22	25	28	30	32	35	38	2	3	12	13	18	21	24	36	37	39	3	0	79	2209	13869	0	410	0	0	6	1	0	0	
0	2	9	13	17	20	21	25	27	28	3	5	10	22	23	26	31	32	35	36	3	1	22	115	0	2086	409	3488	1234	8	1	0	0	
3	4	9	12	13	20	22	26	27	29	5	7	14	15	17	19	23	24	25	36	3	1	67	1724	881	2388	4067	1039	38	12	6	10	0	
2	9	13	18	21	25	27	33	34	38	10	15	17	19	22	24	26	32	37	39	1	2	98	82	0	40388	316	0	426	9	1	3	0	
12	13	15	16	17	20	21	34	35	36	2	4	6	8	27	28	31	32	37	38	3	2	62	0	0	562	2699	712	84	16	3	0	0	
4	6	8	10	16	19	26	27	35	38	1	17	18	22	24	25	31	33	34	37	1	3	56	185	322	0	10014	0	87	0	2	3	0	
10	11	17	19	25	26	27	29	32	33	6	12	13	14	15	16	20	24	31	38	3	0	27	1409	10369	0	0	1439	19	3	0	0	0	
0	4	9	12	13	18	26	29	31	37	1	8	10	19	22	24	27	32	38	39	1	3	91	75	299	23241	0	15	0	27	7	30	0	
0	2	5	15	19	20	29	31	34	36	6	9	14	16	17	24	26	28	35	37	0	0	95	1369	115	66	111	77	0	9	1	0	0	
4	6	11	23	24	26	28	30	31	34	1	7	8	10	12	20	21	27	38	39	2	1	105	157	0	399	516	211	4	1	0	2	0	
2	11	13	14	16	20	28	29	31	33	3	5	6	7	8	21	24	25	32	37	2	2	49	252	289	0	12130	125	0	6	1	1	0	
12	14	15	19	21	22	26	31	35	37	0	3	4	5	16	23	24	27	29	30	0	1	71	484	1168	744	638	0	2847	1902	2	4	0	
1	4	6	7	10	15	16	29	36	39	0	12	18	21	22	23	24	31	35	38	3	2	77	0	109640	7022	6723	7115	4331	0	1030	8	0	
5	7	15	18	21	28	33	34	36	39	2	8	9	14	17	25	26	27	30	38	3	3	120	67	0	12534	0	12	69	1	0	567	0	
9	11	12	16	17	19	22	24	30	39	6	13	20	23	25	32	34	35	36	38	0	0	31	1318	379	0	2833	292	0	22	0	8	0	
3	4	6	13	14	16	22	29	31	38	9	18	21	23	26	28	32	34	36	39	3	1	80	100	0	13222	66	62	0	0	0	0	0	
3	6	11	13	14	18	25	27	29	32	0	5	7	9	16	17	20	22	30	34	3	3	24	129	1751	7660	1347	1287	6	0	0	0	0	
1	2	13	14	16	22	27	30	31	37	6	7	10	12	19	20	29	33	35	38	1	0	64	126	96	179	0	0	0	4	3	0	0	
1	2	3	6	9	13	29	30	36	38	11	15	19	20	25	26	27	28	34	37	0	1	116	474	11735	634	222	0	113	0	18	6	0	
0	2	4	11	13	26	29	31	32	33	1	8	12	17	19	25	30	37	38	39	1	2	88	190	0	404	317	0	0	2	0	0	0	
6	8	9	10	11	12	19	20	24	35	4	5	14	17	25	27	28	29	31	36	0	3	66	270	1489	0	6326	0	14	3	0	0	0	
4	11	13	14	22	25	26	27	29	39	0	1	2	5	6	30	31	32	33	38	1	2	55	0	1068	54271	59864	11	60	0	4	5	0	
0	2	4	13	17	22	28	29	34	38	1	7	9	14	18	20	25	33	35	36	1	3	56	173	0	13020	97	0	82	5	0	4	0	
0	2	8	10	25	29	30	31	32	34	4	5	9	11	12	14	15	17	20	24	3	0	41	778	58	0	0	1296	9	1	1	0	0	
3	9	10	11	13	18	21	25	28	39	0	5	7	8	15	17	19	23	26	27	2	0	104	2429	126	52	4383	255	0	17	0	3	0	
0	8	9	10	11	12	13	14	20	21	1	3	17	19	25	27	28	33	35	38	2	1	66	418	1748	0	0	0	0	0	0	0	0	
4	15	16	18	20	24	28	36	37	38	1	3	6	10	14	17	25	27	31	39	1	2	65	276	11775	0	354	34	0	13	13	0	0	
2	6	7	15	17	18	24	28	31	36	1	3	5	10	16	19	25	26	27	38	2	3	80	464	393	595	0	13	1440	28	0	2	0	
2	3	8	18	22	24	25	27	32	35	1	11	13	17	19	30	33	34	36	38	0	1	42	594	3216	0	220	301	24	9	0	0	0	
7	12	13	17	23	25	27	29	36	37	1	4	8	14	16	24	26	30	35	39	2	0	80	904	21494	0	2199	220	0	17	22	2	0	
0	8	9	18	19	20	28	33	38	39	2	3	6	10	11	13	17	23	25	32	0	1	107	35	115	121	0	49	0	16	0	5	0	
4	11	16	17	19	20	23	33	34	39	0	5	6	15	21	24	26	30	31	35	0	2	67	0	20431	5312	567	238	0	0	3	1	0	
1	8	9	14	15	17	27	29	33	36	3	11	18	21	23	24	25	31	37	39	3	2	67	409	160	0	22633	358	15	0	2	0	0	
4	9	12	13	15	30	31	33	36	39	0	7	8	11	16	17	23	25	32	35	2	3	28	520	20941	450	1155	1417	42	7	12	3051	0	
3	8	9	12	19	27	28	30	31	33	0	4	5	15	16	23	24	26	38	39	3	0	72	381	0	20	63	0	66	34	0	21	0	
2	10	14	16	20	32	33	34	38	39	1	3	6	7	11	13	19	21	28	36	2	1	24	267	6443	580	0	459	33	4	0	3	0	
4	6	10	14	16	20	22	26	34	39	0	5	17	18	21	23	27	33	35	38	1	2	72	552	342	0	219	155	9	0	3	0	0	
4	7	8	18	19	24	25	28	29	31	9	10	14	15	23	32	33	34	35	39	1	3	86	220	0	796	49713	0	4	6	1	3	0	
0	5	7	10	13	14	15	20	21	27	1	2	8	9	16	22	25	26	30	36	0	3	104	618	455	250	827	140	0	7	0	2	0	
2	6	14	17	20	25	27	37	38	39	4	7	8	15	18	21	23	24	31	34	1	0	49	1287	0	362	1888	0	69	0	2	1	0	
4	6	7	12	17	18	27	30	33	34	3	8	11	14	16	21	24	26	35	39	3	0	45	867	2719	0	17453	218	24	0	3	0	0	
4	6	9	14	19	29	30	33	35	38	2	10	11	12	13	17	20	23	25	39	0	1	80	387	0	20603	0	21	15	0	9	18	0	
4	6	9	10	11	16	19	24	30	36	3	5	7	8	20	22	27	29	37	39	2	1	70	304	6322	354	918	0	0	60	114	45	0	
5	10	11	18	19	20	21	29	30	35	0	1	2	3	13	15	17	24	37	39	0	2	87	831	0	4604	461	133	0	0	15	56	0	
6	15	16	21	23	26	27	28	33	36	0	2	3	7	8	10	17	25	31	32	0	3	44	490	0	820	1119	295	17	0	9	5	0	
4	7	10	12	14	20	24	30	33	34	0	8	9	13	17	21	22	23	29	35	0	0	65	371	0	1934	314	539	39	0	7	18	0	
4	7	15	16	18	23	25	26	34	37	0	5	10	12	17	19	20	32	35	38	2	1	34	326	6649	0	763	0	14	0	7	4	0	
1	9	11	16	17	19	20	26	28	34	7	8	13	18	23	27	30	31	36	37	1	2	94	136	0	207	189	0	2216	4	1	1	0	
1	4	5	13	22	28	29	30	31	32	11	14	17	18	19	20	24	34	36	37	3	2	68	0	228	452	15881	0	15	9	0	0	0	
2	6	11	16	21	24	25	26	34	38	0	7	9	14	23	28	29	31	33	37	0	3	61	73	0	751	231	54	9	0	1	0	0	
9	12	13	14	20	26	27	32	36	39	1	5	8	16	17	24	29	30	31	34	3	0	71	345	69	0	0	0	22	0	546	0	0	
1	2	5	12	20	22	26	28	29	31	7	8	9	11	13	16	32	33	36	37	3	3	62	852	0	6618	360	7	0	7	3	1	0	
2	5	19	20	23	30	31	34	35	39	3	13	15	17	24	28	29	36	37	38	3	1	99	0	32257	0	1867	0	23	10	610	1	0	
3	7	15	18	20	22	24	25	28	31	0	2	10	13	19	21	26	32	33	39	3	0	66	1923	0	1107	20459	719	0	8	11	5	0	
5	6	17	19	23	29	31	32	36	37	3	4	7	14	15	22	33	34	38	39	2	2	51	87	81	0	8061	0	51	102	6	86	0	
2	3	5	15	16	17	18	25	28	36	0	1	8	22	23	24	26	29	32	33	3	3	17	0	37770	182	0	88	6	1	0	1	0	
0	2	6	9	13	17	18	28	30	33	1	4	10	11	15	16	20	23	25	37	2	0	47	1216	14491	0	1860	0	38	1	1	0	0	
4	10	14	16	25	26	28	31	36	38	3	6	7	12	13	18	19	23	24	33	1	1	93	0	733	139	349	270	0	46	2	1	0	
3	7	14	15	17	20	27	32	35	36	0	4	8	12	16	19	21	26	30	38	0	2	50	121	1902	100	0	764	100	545	2	0	0	
4	5	6	15	21	24	28	30	37	39	1	3	11	20	22	23	25	26	29	38	2	1	86	229	1327	1927	0	727	29	0	1	0	0	
16	18	19	20	26	30	31	32	34	37	6	10	13	15	21	23	27	28	33	36	2	2	85	342	262	99	0	7	0	0	2	0	0	
0	5	7	9	21	22	24	33	35	36	2	6	11	12	13	16	17	23	26	27	0	3	71	587	2617	2655	1775	872	15	6	2	0	0	
3	4	14	18	22	25	26	35	37	39	0	1	8	10	11	17	30	33	34	38	3	0	76	724	0	2022	731	10	0	7	6	0	0	
5	10	14	15	16	17	18	26	37	39	0	3	4	7	8	13	23	25	27	38	1	3	109	0	136388	0	23832	1946	70	9	21	8	0	
1	18	19	21	22	29	34	36	37	38	3	4	6	7	8	14	15	25	30	31	1	1	79	169	4615	10756	331	0	0	2	2	0	0	
1	3	9	20	24	29	32	34	37	38	2	12	17	21	22	25	26	28	31	39	3	2	104	2281	1219	1247	1150	1128	0	14	4	3	0	
7	9	10	14	17	20	24	36	37	39	0	1	4	5	12	16	21	26	33	38	3	3	62	106	0	2554	333	7	33	9	3	0	0	
4	8	10	16	19	27	30	34	35	36	3	5	9	11	18	23	24	28	29	38	3	0	77	1867	5132	786	0	1869	10	3	1	1	0	
0	1	5	8	13	16	18	20	29	33	2	4	10	17	19	22	28	30	37	39	2	1	87	262	3061	0	328	204	63	0	1	0	0	
0	5	9	17	20	22	25	29	32	38	6	7	15	19	21	23	24	28	34	37	1	2	64	381	0	574	4422	1200	0	0	0	0	0	
6	16	18	19	20	21	27	29	34	38	1	2	8	10	13	23	24	28	32	39	1	3	62	218	2519	0	17445	0	10	5	0	0	0	
0	10	12	13	17	19	21	26	32	37	1	2	3	8	11	15	20	23	30	39	0	0	61	897	243	0	0	977	4	0	1	1	0	
4	7	10	13	21	24	27	28	38	39	3	8	9	11	16	17	18	26	33	35	3	1	86	50	0	1285	11832	7	42	1	1	0	0	
3	4	10	15	22	23	27	29	30	33	2	14	16	17	18	20	24	25	31	38	0	2	0	0	470	0	258	301	39	1	0	0	0	
9	16	18	19	20	23	25	29	30	38	3	10	11	22	26	28	31	33	37	39	0	3	83	139	6641	0	19755	7	1	1	0	0	0	
9	12	18	20	24	25	27	29	31	37	1	6	7	10	19	23	28	32	35	39	2	0	112	2524	0	0	168646	22	2	3	0	3	0	
1	2	10	14	19	21	28	29	34	37	3	9	13	15	16	18	23	26	27	30	2	1	66	236	107	0	2376	0	12	2	0	0	0	
7	10	13	15	17	20	21	22	23	26	3	4	6	9	16	25	28	32	34	36	2	0	93	1444	405	1479	1097	926	251	5	1	0	0	
1	6	7	14	17	23	26	28	30	35	10	15	18	21	22	24	27	31	32	38	3	2	72	517	1815	186	1151	0	26	0	14	0	0	
1	2	4	5	9	13	14	23	26	39	6	11	12	15	20	25	29	30	31	34	1	3	83	472	0	13149	0	821	0	18	1	1	0	
5	7	8	9	12	16	27	29	33	39	1	2	13	22	26	28	30	32	36	37	1	1	88	323	0	55209	0	1875	101	8	4	0	0	
1	2	3	7	8	24	26	29	32	36	0	4	5	10	15	21	22	23	31	38	0	2	86	437	400	10700	1702	657	62	0	1	0	0	
8	9	11	12	15	16	20	22	25	28	1	2	4	7	23	26	29	30	34	35	0	0	99	1870	393	4521	1068	176	43	18	5	8	0	
1	4	6	7	12	18	27	33	37	38	3	5	9	14	19	20	24	25	30	31	0	1	93	138	639	300	247	0	90	14	4	0	0	
1	6	8	18	19	21	23	24	27	38	0	2	9	11	15	17	26	28	32	36	2	3	88	178	0	0	31730	409	0	7	1	1	0	
0	2	19	22	26	30	31	34	36	37	6	7	9	11	15	20	23	27	32	35	1	3	35	367	307	0	881	0	56	6	2	0	0	
4	5	20	22	24	25	30	33	37	39	7	8	10	11	15	16	17	19	28	35	2	2	33	534	298	598	27236	156	65	18	7	4	0	
0	9	10	18	19	20	22	27	28	33	4	5	8	12	14	16	21	26	32	36	3	0	39	853	4677	0	23308	0	469	5	1	0	0	
0	5	11	15	16	19	23	25	32	34	2	6	22	27	30	33	36	37	38	39	2	1	70	327	0	222	15691	289	0	0	1	0	0	
0	1	5	6	13	15	23	31	35	39	2	7	12	18	20	21	24	25	30	38	3	0	23	1675	13781	0	1465	2217	0	11	17	0	0	
0	1	5	6	13	15	23	31	35	39	2	7	12	18	20	21	24	25	30	38	1	2	14	7313	22602	321	148	49	0	0	28	18	0	
0	6	9	12	16	19	21	22	28	30	1	11	14	20	23	24	25	29	31	35	2	1	100	236	259	0	14008	495	88	30	0	16	0	
4	8	11	16	19	21	30	34	36	37	1	3	5	13	15	17	18	25	32	38	1	3	90	0	373	48647	0	10	28	14	3	0	0	
0	6	16	18	22	25	29	30	32	35	1	3	4	10	11	13	23	31	33	37	0	2	53	221	335	0	154365	1568	52	0	2	1	0	
6	9	10	14	15	22	23	24	31	33	1	3	4	11	13	20	25	28	29	38	0	0	33	1395	0	419	0	413	0	93	133	0	0	
2	3	6	10	11	12	17	21	30	36	1	7	8	9	16	24	26	32	34	39	3	1	56	732	513	0	5333	0	0	5	819	3	0	
0	9	11	13	14	15	19	22	23	37	1	5	7	12	16	26	27	32	35	38	2	2	67	2080	0	40954	0	2095	56	7	2	1	0	
2	10	14	19	20	28	31	34	35	38	1	11	13	18	21	22	25	29	32	37	2	3	98	0	975	176872	0	8299	21	0	2	0	0	
1	6	13	16	22	29	30	35	36	38	2	3	9	10	18	19	25	31	34	37	1	0	92	1788	0	15137	2471	2198	61	55	0	9	0	
11	21	22	23	26	28	32	33	37	39	0	1	2	3	6	7	12	16	24	30	0	1	72	390	6402	0	1485	967	36	8	4	0	0	
3	4	5	7	8	10	28	30	33	39	0	2	11	27	29	31	34	35	37	38	2	3	57	0	544	252	9588	1823	178	183	0	83	0	
9	12	14	21	27	28	29	32	35	36	1	3	5	7	10	15	16	30	33	38	2	0	63	3192	0	1039	32058	8	702	25	0	2	0	
5	6	13	22	24	31	32	33	34	37	1	3	4	10	12	16	17	21	23	29	2	2	65	127	0	141	0	1043	292	6	3	4	0	
1	5	10	11	21	25	26	27	31	32	3	4	7	16	23	24	33	35	36	37	1	1	10	171	0	244	8833	445	46	37	0	181	0	
10	11	13	21	22	23	26	27	34	39	6	8	12	14	16	28	29	33	36	38	0	2	56	2452	2419	786	327	70	0	9	7	0	0	
0	2	6	11	17	19	22	28	30	35	5	7	8	9	10	15	23	24	29	34	0	3	117	268	0	57956	0	2530	111	0	1	0	0	
4	7	8	9	15	17	19	20	22	24	1	2	5	13	21	26	30	32	33	36	0	3	79	2813	1049	24259	0	83	5	0	1	0	0	
7	8	9	12	15	21	26	27	28	31	2	3	14	22	23	32	33	35	37	38	3	0	72	1992	4704	0	214	303	62	0	4	18	0	
3	5	13	16	23	27	32	35	36	37	0	4	6	14	15	19	21	24	30	39	1	0	97	627	5652	249	0	427	0	13	0	13	0	
6	9	16	17	21	24	25	26	29	30	1	2	4	10	18	22	23	28	34	39	2	1	88	554	0	1889	12656	0	10	10	5	4	0	
2	3	6	10	15	24	25	30	32	39	0	5	7	13	14	16	18	20	27	38	0	2	67	277	103	0	0	0	20	0	9	8	0	
1	9	14	15	19	21	23	24	29	30	0	5	16	17	20	27	28	31	34	36	2	3	80	428	0	33102	1836	490	0	5	3	3	0	
1	2	9	13	25	33	34	36	38	39	0	3	6	12	14	18	26	31	32	35	2	1	30	0	2781	5695	131609	1571	54	0	3	0	0	
3	11	18	21	25	27	28	31	34	36	7	13	14	16	19	24	26	29	32	35	3	2	87	302	241	0	0	227	11	11	0	1	0	
0	6	7	11	12	14	18	19	21	31	9	10	15	23	24	28	33	34	35	39	2	3	69	0	1238	979	0	742	154	9	4	1	0	
1	5	6	12	13	14	21	24	25	35	8	15	18	23	27	29	30	31	32	33	2	0	71	1193	131	81	0	0	0	2	1	1	0	
0	3	7	16	20	21	24	31	32	34	2	5	10	11	15	23	26	33	37	39	3	1	57	154	0	253	553	5	0	0	0	1	0	
7	15	17	18	19	30	36	37	38	39	4	5	6	12	20	21	22	29	32	33	3	0	120	1789	45084	28294	644	7	0	25	5	6	0	
1	6	7	8	13	17	22	28	31	32	5	12	16	20	27	29	30	35	38	39	3	1	102	246	0	465	900	133	578	0	0	200	0	
1	2	13	18	20	28	29	30	34	39	3	8	11	14	15	16	21	24	27	37	0	2	40	460	10468	0	8816	1555	0	17	2	0	0	
1	11	13	15	18	21	23	28	34	39	3	5	6	7	9	10	22	26	32	35	1	2	74	464	156	2192	1046	1064	104	0	5	12	0	
0	5	8	15	17	22	25	28	33	38	1	3	4	7	9	16	20	24	37	39	3	3	89	145	148	6542	0	200	20	0	0	0	0	
4	11	19	20	26	27	31	33	35	37	5	12	16	21	23	28	30	32	38	39	0	3	55	0	1209	8884	9435	189	17	0	0	1	0	
2	3	5	6	11	14	17	19	21	36	7	8	9	15	18	25	29	30	31	34	1	0	95	2125	49292	827	388	1199	52	17	5	3	0	
4	8	16	23	25	26	31	34	36	37	6	9	13	14	19	20	28	32	33	35	3	1	75	256	258	0	413	537	0	6	2	0	0	
0	3	7	21	23	28	30	31	32	37	5	8	9	11	14	15	18	29	35	36	2	0	68	980	182	0	66	160	34	4	2	1	0	
0	1	7	11	12	13	18	23	25	33	4	5	9	10	16	21	24	28	32	36	1	1	55	0	660	514	15213	137	37	0	15	0	0	
1	5	6	9	12	13	14	34	36	39	3	8	10	15	18	19	29	31	33	35	3	2	94	0	0	3023	55095	0	8937	4	4	3	0	
3	8	10	11	12	25	27	31	34	37	0	4	5	9	18	20	24	26	28	36	0	2	68	165	2412	40	0	230	0	26	1	0	0	
3	10	17	18	19	22	24	25	28	34	0	2	8	12	14	15	20	23	30	35	3	3	26	0	1687	45687	67741	4122	109	37	3856	3	0	
3	6	10	12	14	17	28	29	33	39	0	1	7	8	11	16	19	27	32	35	1	0	87	886	0	452	0	24	33	29	6	0	0	
11	12	14	15	16	22	27	31	34	36	1	2	6	8	20	23	28	29	35	38	2	1	81	250	404	3541	2626	1005	528	13	5	3	0	
4	5	6	7	14	15	24	30	33	37	0	1	11	18	23	25	28	29	34	35	3	2	19	0	1043	0	46274	4003	1516	738	0	1	0	
0	3	5	8	12	17	18	19	25	33	1	2	9	15	16	29	30	35	37	38	2	3	70	0	789	12304	8977	12297	290	17	8	4	0	
0	3	4	6	11	14	15	16	23	28	1	7	18	20	21	22	25	27	31	32	0	3	49	1343	50929	474	686	1030	39	16	2	0	0	
6	11	13	16	21	25	27	32	36	39	0	3	4	7	22	24	28	35	37	38	0	0	56	2193	19754	40595	0	2409	46	8	1	1	0	
0	4	7	11	14	17	19	26	29	37	8	13	15	20	21	25	30	34	35	39	1	0	88	996	559	0	12103	0	28	0	2	0	0	
6	8	9	16	24	25	26	27	36	37	3	5	13	17	22	30	31	32	34	39	0	1	87	191	2894	319	363	0	0	3	1	0	0	
0	8	21	24	25	31	34	35	37	39	3	7	9	12	19	22	26	28	29	32	0	1	94	609	1587	51121	1470	0	23	1	1	1	0	
0	3	9	11	16	22	26	28	31	32	2	5	10	14	19	24	25	33	34	37	3	2	73	330	0	561	279	231	0	0	1	0	0	
11	14	19	22	25	27	28	31	36	37	2	4	13	15	18	24	29	30	38	39	3	2	84	3193	1986	1490	226	0	296	19	19	8	0	
6	10	11	24	27	30	31	32	33	39	8	9	13	18	20	26	29	34	36	37	1	3	79	0	0	0	433	0	745	11	7	9	0	
2	9	15	22	25	27	30	32	33	37	3	12	13	18	19	21	26	28	38	39	1	0	69	1348	191	330	204	0	78	5	3	2	0	
4	5	22	27	28	31	33	34	35	36	2	3	8	9	14	15	19	21	38	39	0	3	66	382	837	475	2862	0	1445	9	1	1	0	
3	5	6	7	16	17	20	21	28	31	1	4	13	14	18	25	30	33	34	37	2	0	25	1484	0	249	625	0	104	7	1	0	0	
4	5	8	9	17	20	24	32	37	38	6	11	15	23	28	29	30	31	33	35	1	1	65	164	0	1982	765	0	29	0	3	1	0	
0	4	9	14	18	19	22	27	34	38	1	2	5	6	16	23	26	29	30	39	2	1	103	109	0	208	0	1535	15	13	0	6	0	
5	6	7	9	13	19	27	28	30	34	3	11	14	17	18	21	26	35	36	39	3	2	85	208	0	18872	0	605	15	8	0	8	0	
1	9	14	16	18	19	21	25	32	39	4	5	6	10	12	13	15	17	22	33	3	2	42	248	194	0	52947	5	13	0	0	1	0	
9	10	11	13	15	24	26	34	36	37	1	6	8	12	18	19	20	25	31	39	1	3	108	81	0	1937	20453	15	17	0	1	1	0	
2	3	10	16	18	21	30	31	34	38	11	12	14	15	24	27	29	35	37	39	2	3	29	0	2581	37279	0	2011	35	8	3	4	0	
0	4	6	11	13	15	19	24	30	31	7	14	16	26	27	34	35	36	37	39	2	0	15	2607	0	3422	408	0	1298	7	3	0	0	
10	11	14	15	16	17	20	22	28	36	0	4	8	9	13	18	21	24	30	39	3	0	53	1194	283	60125	2128	828	0	5	0	50	0	
0	1	2	15	17	23	25	31	32	33	6	7	10	11	14	21	24	27	28	37	0	1	18	80	124	0	8472	208	73	0	0	0	0	
2	3	5	8	9	10	16	20	24	37	1	13	15	18	19	28	31	32	34	35	0	1	82	993	0	1792	53623	9	48	0	1341	0	0	
3	7	8	10	16	17	23	29	31	37	9	11	12	22	24	26	33	36	38	39	3	2	96	249	0	43416	0	17	133	8	28	0	0	
5	9	10	11	16	21	22	26	29	36	6	13	14	17	23	24	25	30	35	38	0	3	33	153	6977	435	0	0	0	8	4	0	0	
4	12	14	17	19	20	22	28	30	31	0	2	3	7	10	11	24	27	35	37	3	0	47	2565	327	0	432	340	0	0	3	0	0	
1	2	4	5	9	14	18	19	24	37	8	11	15	16	22	25	26	32	35	36	3	2	62	485	0	1737	86760	998	31	4	1	0	0	
0	4	7	20	23	28	30	31	34	36	1	3	8	10	12	16	17	21	27	39	3	3	87	301	194	774	422	0	0	2	1	0	0	
0	8	9	21	26	30	31	34	36	37	2	4	13	17	20	22	24	27	28	38	3	1	82	763	381	0	1435	7	3	0	1	1	0	
0	2	12	16	17	19	30	32	36	39	1	5	9	14	18	24	31	34	37	38	1	0	57	1670	2048	185	740	0	11	58	2	1	0	
0	2	3	7	8	13	20	29	34	38	1	9	10	16	18	23	24	25	37	39	2	1	67	0	2550	607	0	433	11	1	0	1	0	
1	2	6	12	15	25	26	27	33	34	4	5	7	10	11	22	24	28	32	38	1	2	20	150	0	0	149	344	12	5	0	0	0	
4	10	14	16	17	18	22	24	35	38	0	1	5	6	9	28	29	30	32	37	1	2	34	0	1286	361	17867	1890	0	5	2	1	0	
6	9	10	14	19	21	23	29	36	38	0	3	11	13	16	24	25	31	32	34	2	3	71	130	0	19006	0	1147	11	4	2	4	0	
4	5	13	16	19	24	26	32	34	39	0	2	8	14	17	22	23	25	31	37	1	0	70	1257	8109	0	3963	0	14	0	3	1	0	
0	9	10	16	19	25	30	32	37	39	4	7	8	14	15	17	22	24	26	27	0	1	53	89	0	15008	1444	0	73	1	0	1	0	
10	14	17	19	23	24	27	30	31	38	2	4	11	13	16	18	21	25	37	39	0	3	47	356	0	0	395	0	40	5	2	1	0	
0	3	4	6	14	15	17	20	30	38	7	10	11	18	22	23	24	28	29	35	1	2	56	0	1734	690	0	314	89	18	0	1	0	
0	1	5	7	12	17	18	26	28	29	2	4	8	10	11	15	21	30	33	37	2	3	63	259	7702	1571	359	275	27	1480	2	0	0	
4	7	13	18	21	23	28	30	37	38	1	6	10	12	15	16	19	20	22	33	1	0	89	908	0	5838	382	1313	7	2	1	0	0	
3	9	10	17	22	25	27	29	34	36	2	6	11	14	20	30	31	32	33	37	2	0	53	716	0	18572	0	935	127	28	26	0	0	
1	2	6	11	20	21	31	34	36	38	0	3	5	9	14	16	19	24	25	32	0	1	58	247	116	3612	0	9	0	0	2	0	0	
7	8	9	20	26	27	29	30	35	36	1	5	13	14	18	23	28	33	34	37	1	1	64	325	286	18810	527	590	13	0	5	4	0	
2	7	8	20	23	24	28	29	37	38	3	4	15	18	19	27	31	33	34	39	0	2	66	923	2745	207	10540	225	0	13	1	0	0	
6	9	10	13	20	25	31	33	34	36	3	8	14	16	18	21	23	27	28	29	2	3	81	103	0	547	186	75	0	1	0	1	0	
2	7	8	10	15	16	17	21	23	29	3	4	12	14	20	22	25	28	31	35	3	2	44	1319	12026	571	17649	0	10	3	1	1	0	
0	1	5	8	27	28	33	36	38	39	7	10	13	17	19	20	23	25	29	34	0	0	99	935	0	105764	32327	1166	12002	7484	84	0	0	
0	1	5	8	13	27	29	31	32	36	2	6	9	15	16	18	22	24	25	28	3	1	63	134	0	44979	461	0	0	50	16910	3864	0	
4	6	8	12	17	26	31	35	38	39	7	9	10	11	14	21	27	32	34	36	2	1	62	0	1529	258	10761	0	85	3	1	530	0	
0	2	4	8	12	13	18	20	21	34	5	6	10	11	17	22	30	31	33	35	1	2	49	0	879	90100	0	1880	425	6	2	0	0	
2	7	8	11	13	19	22	24	28	29	12	18	23	27	32	35	36	37	38	39	1	3	98	757	178	685	18789	263	10	0	3	0	0	
1	2	3	6	9	10	17	19	21	33	4	5	11	12	20	23	24	28	29	38	3	0	14	1099	0	577	2169	373	0	4	1	0	0	
6	15	19	23	24	28	30	36	37	39	3	4	9	11	13	18	26	31	34	38	3	1	98	0	623	675	6557	0	34	2	1	0	0	
0	7	8	18	27	28	29	30	33	35	3	4	5	12	13	15	20	24	37	39	1	2	62	0	12709	10451	0	8	1	1	1	1	0	
5	6	9	15	17	18	28	30	34	36	2	10	14	22	26	27	31	35	38	39	2	3	39	296	1178	0	1104	3	6	0	0	1213	0	
0	3	7	11	15	17	19	21	22	28	4	5	8	23	26	31	32	34	35	37	0	0	78	2041	0	1054	11303	9	37	12	3	1	0	
2	6	14	16	23	26	27	29	33	35	0	4	5	12	18	25	32	34	37	39	2	3	70	213	0	58	0	859	21	0	0	1	0	
4	10	12	18	22	24	30	32	37	38	7	8	9	11	21	23	25	28	35	36	1	0	67	1845	0	1466	571	0	0	6	2	0	0	
4	10	12	18	22	24	30	32	37	38	7	8	9	11	21	23	25	28	35	36	0	2	64	273	4053	0	49318	1413	0	8	4	1	0	
4	6	15	18	22	26	35	37	38	39	0	5	7	10	11	16	30	31	34	36	0	3	41	158	3182	5103	0	292	0	2	0	0	0	
9	13	14	16	17	18	28	31	33	36	0	7	10	11	24	25	27	29	38	39	1	1	102	549	84	0	26408	223	48	1	1	0	0	
1	8	9	19	23	25	27	28	32	38	0	3	4	10	11	15	17	22	26	30	0	2	117	212	6181	0	2713	0	19	11	5	3	0	
1	7	10	14	17	23	26	27	28	39	2	5	6	9	19	20	24	25	32	38	2	0	97	1350	0	1904	12119	40	45	19	38	21	0	
1	2	12	18	21	24	27	30	34	37	3	7	8	9	13	14	25	28	33	35	1	1	77	150	0	678	0	0	9	7	1	0	0	
6	9	13	15	21	26	27	34	35	37	0	1	16	17	20	23	25	28	29	32	0	3	40	134	837	999	3668	247	0	19	120	0	0	
1	2	9	10	13	19	23	28	37	39	3	5	8	15	18	20	25	27	29	31	0	2	114	191	85	0	111	177	0	193	0	173	0	
8	10	12	20	21	22	31	32	36	39	1	2	9	16	24	25	29	30	35	37	0	0	71	454	944	419	1261	0	65	762	2150	0	0	
1	12	26	29	31	34	35	36	37	38	5	6	8	10	11	14	18	19	20	32	3	3	101	3333	0	2167	6154	0	1149	2170	244	3	0	
4	11	22	23	24	26	28	30	35	39	1	13	15	17	18	19	25	27	31	32	2	1	86	0	642	594	3860	1375	375	29	12	6	0	
0	3	5	12	14	18	22	23	27	37	7	8	16	19	25	28	30	31	32	35	0	2	56	0	619	16201	0	626	52	46	4359	26	0	
4	9	11	26	27	28	30	34	35	36	3	6	7	8	13	16	19	24	31	37	3	3	72	423	9425	0	1092	1691	54	0	0	27	0	
0	10	12	13	14	15	16	19	22	27	3	9	11	20	29	32	33	34	38	39	2	0	83	2520	4458	1578	99746	2045	1795	3	1	11	0	
3	21	23	24	25	26	29	30	33	34	2	4	5	12	19	22	31	32	37	38	1	0	37	3594	45343	450	2250	320	12	3	0	2	0	
0	5	14	22	25	28	30	35	38	39	3	6	7	10	18	19	20	31	34	36	3	1	78	107	9016	0	23798	0	0	82	158	33	0	
7	9	12	13	19	29	32	33	34	37	2	6	8	10	15	22	26	27	28	39	3	2	90	186	0	0	5756	0	0	0	37	4	0	
0	9	20	23	27	28	29	32	33	34	5	6	16	18	19	21	24	30	31	35	3	1	92	1407	1219	41959	0	4634	29	4	1	1	0	
3	4	11	18	20	23	27	29	33	39	0	1	6	9	12	14	26	31	34	35	2	3	86	100	0	755	767	0	127	24	23	14	0	
6	12	16	18	24	29	30	34	37	38	4	7	8	10	14	21	25	27	28	33	3	2	51	0	588	510	945	960	0	23	0	0	0	
3	11	13	14	26	27	32	33	34	36	0	4	5	10	12	20	21	25	28	39	1	3	49	0	2143	24048	0	69	2	1	1	0	0	
7	9	17	24	25	29	31	32	35	36	6	8	12	13	20	23	26	30	37	38	2	0	90	2159	2360	0	221	229	4	1	0	1997	0	
0	2	15	19	20	24	34	36	38	39	8	9	10	18	23	26	28	29	33	37	0	1	80	114	0	16763	0	755	25	1	1	0	0	
0	3	6	9	14	19	22	27	34	39	5	7	10	15	24	26	28	29	33	35	3	2	84	154	0	20029	0	7	29	1	0	1	0	
8	13	20	21	23	25	31	35	37	38	0	6	9	16	17	18	19	24	26	33	3	3	73	147	8039	6140	0	650	0	4	0	0	0	
1	6	10	13	21	23	24	28	30	32	4	5	7	9	12	15	17	26	35	37	2	0	65	3018	0	325	28065	0	11	0	1	0	0	
4	9	17	18	19	25	30	31	38	39	5	10	11	12	14	26	27	33	35	37	0	0	75	2789	11406	0	170623	0	18	11	2	0	0	
0	2	4	15	18	19	21	26	34	39	3	5	9	12	23	27	30	33	35	38	2	1	76	228	0	54002	0	512	24	0	6094	6497	0	
0	1	3	8	10	15	27	32	36	38	2	12	14	17	18	26	29	31	33	37	1	2	107	8264	15435	347	0	2487	60	0	4	8	0	
1	3	16	17	18	20	24	25	30	33	8	9	11	12	14	19	26	27	28	35	2	3	70	602	311	101	0	2114	1029	0	8	0	0	
7	8	12	16	18	22	33	36	37	39	2	5	6	9	10	14	19	21	29	35	3	0	85	1537	124	0	0	1196	100	0	8	4	0	
2	3	8	11	20	22	23	29	32	39	4	12	13	14	24	26	27	28	31	38	2	1	80	379	207	89	0	20	18	0	8	0	0	
0	1	2	5	11	21	23	25	26	32	6	7	8	12	15	16	22	27	29	39	3	2	41	348	0	0	380	6250	76	12	3510	3	0	
3	5	6	8	11	20	22	24	29	33	0	10	13	19	23	26	32	35	37	39	3	1	69	0	150740	61370	1348	896	35	6	1	0	0	
7	10	15	16	17	19	26	27	30	32	3	8	9	14	33	34	35	36	38	39	1	3	71	0	46607	1335	13251	7	17	0	5	0	0	
4	5	7	9	13	18	20	23	25	37	0	1	8	26	29	30	31	32	36	39	0	2	86	0	1081	26405	0	177	1	1	0	1	0	
4	6	7	12	14	16	19	28	29	36	1	8	13	15	17	18	22	24	30	35	3	0	45	942	4031	143	0	16	396	20	16	13	0	
0	1	7	11	17	26	33	34	36	38	5	12	13	20	23	24	25	28	30	39	0	3	36	142	0	5034	0	328	0	7	6	2	0	
2	5	8	12	15	28	29	31	35	39	10	13	14	16	18	19	24	25	30	38	0	1	77	203	3275	139	46	14	0	28	0	28	0	
8	11	17	18	23	24	29	33	37	38	0	1	7	13	19	20	30	32	36	39	3	0	83	1304	380	4414	273	0	88	12	1	3	0	
1	8	10	19	22	24	29	32	35	37	2	6	7	9	11	14	17	20	25	26	2	2	68	229	0	1483	5270	1090	0	19	1	1	0	
2	10	17	18	22	26	30	32	33	34	0	1	4	6	8	9	19	20	21	25	3	1	54	84	313	0	17	0	0	10	18	18	0	
6	11	14	15	16	20	24	26	32	33	1	4	12	13	17	23	29	31	36	37	0	3	19	0	33835	89	1301	0	113	8	1073	0	0	
0	1	5	8	9	12	13	15	19	36	2	3	16	22	23	25	27	33	37	39	1	2	82	2250	85836	2930	839	408	23	12	1	1	0	
1	4	5	8	9	17	24	29	37	39	3	7	13	16	19	20	27	32	33	36	1	0	104	878	21277	8437	2385	0	2	0	1	0	0	
0	8	15	18	21	25	31	32	33	35	3	5	9	12	19	20	26	28	30	34	2	1	71	185	0	4759	1455	830	20	0	0	0	0	
1	5	6	12	13	23	27	32	35	37	4	10	11	14	15	16	19	34	36	38	1	3	91	255	81	2739	0	0	36	0	2	2	0	
3	5	7	13	16	20	21	25	28	35	0	1	6	10	17	19	29	31	33	36	2	2	71	323	0	514	276	266	0	4	0	0	0	
0	3	13	15	17	19	21	22	28	31	1	4	5	6	12	24	25	33	34	36	2	0	41	872	31142	0	1514	1303	26	3	4	0	0	
3	9	10	11	13	17	20	25	34	36	1	15	19	21	22	27	28	30	37	39	0	1	48	101	0	390	0	219	8	0	3	3	0	
2	4	5	6	13	27	30	33	34	37	1	10	12	20	23	24	25	29	31	36	2	3	65	644	885	2280	6156	0	10	0	0	1	0	
3	5	9	10	11	16	18	26	28	34	1	7	17	21	22	23	25	29	32	38	2	0	100	833	22306	0	4662	7	17	0	4	3	0	
2	5	6	9	11	12	20	22	28	36	3	13	15	16	21	23	30	31	33	39	0	2	61	568	0	50461	0	1340	124	27	8	14	0	
0	1	5	6	7	8	21	29	37	38	2	3	9	12	18	19	22	23	24	34	3	3	100	439	0	2927	84469	15389	132	635	14	0	0	
2	6	8	15	17	23	25	35	37	39	0	7	9	12	13	16	22	28	29	30	3	0	84	663	86	0	2178	129	24	0	8	0	0	
0	3	12	17	25	29	30	36	37	38	5	6	13	21	22	24	27	31	33	39	2	1	80	200	260	0	0	1324	28	4	2	3	0	
0	1	11	18	20	22	27	28	29	38	2	3	4	6	10	23	26	34	35	36	0	1	79	0	17116	0	179058	1437	243	0	1	1	0	
6	16	19	24	25	28	30	32	34	39	3	7	9	13	15	18	20	21	29	33	1	2	76	144	0	55019	1831	635	26	8	0	1	0	
2	6	7	11	14	20	26	30	36	39	0	4	9	13	22	23	27	32	33	34	3	2	98	225	412	3152	0	6	11	0	10	0	0	
1	2	8	17	24	26	27	29	32	34	0	3	4	5	9	14	16	25	31	37	0	3	96	0	26152	0	1223	484	25	42	6	3	0	
2	4	8	14	16	18	23	24	26	36	1	3	5	7	17	20	25	29	35	38	1	0	43	1958	213	383	0	12	1472	44	0	941	0	
2	3	7	10	13	17	22	23	33	38	1	9	14	19	20	30	34	35	36	39	2	3	69	203	4383	276	0	0	208	15	17	0	0	
3	4	6	8	17	20	23	25	27	35	7	10	12	24	29	31	34	36	37	39	3	1	73	0	79073	74379	1222	1060	70	1505	1	0	0	
5	10	13	21	22	29	32	33	36	37	0	9	11	12	16	20	25	28	34	35	0	2	16	0	9761	0	870	85	40	4	0	0	0	
7	9	11	14	18	19	20	21	34	39	2	4	5	10	12	16	27	28	32	33	0	3	90	292	3605	92	0	5	6	1	0	0	0	
1	2	7	8	13	16	19	27	30	32	3	6	11	12	18	20	22	29	34	37	3	0	4	791	0	311	395	617	25	3	0	0	0	
1	7	9	10	11	19	20	22	34	38	0	5	16	17	23	25	27	28	30	39	0	1	64	153	726	0	104	0	11	1	0	1	0	
0	2	4	6	13	14	18	25	26	30	1	5	15	20	24	28	31	32	33	39	1	2	32	177	732	149	0	550	0	3	2	0	0	
1	3	7	17	23	25	27	30	33	38	4	6	8	14	15	16	21	29	31	34	0	3	87	95	149	0	10857	341	31	4	0	1	0	
0	4	10	16	22	24	26	32	36	37	1	2	6	8	21	23	27	28	31	34	2	0	56	1431	0	1456	221	0	19	4	1	0	0	
0	9	11	18	22	24	25	28	30	31	1	5	8	10	14	16	26	29	36	38	1	1	54	145	4257	68	0	437	16	0	1	0	0	
5	7	11	24	25	30	32	33	35	37	2	12	17	22	23	27	29	34	36	39	2	2	72	119	0	0	207	487	35	0	1	0	0	
8	10	16	18	19	29	30	37	38	39	0	1	2	7	12	13	15	22	28	34	2	3	70	513	15578	0	81864	8	102	3	1	0	0	
7	8	10	16	22	31	35	37	38	39	0	2	12	17	20	24	28	30	33	34	0	0	36	1486	0	676	0	3706	769	12	0	1	0	
9	10	11	14	24	26	29	35	36	39	1	3	4	5	16	17	18	19	31	37	0	0	51	2090	6670	0	0	7	13	3	0	0	0	
3	5	9	12	19	21	22	28	32	35	1	7	11	13	15	30	31	33	36	37	0	1	88	126	192	0	160	395	0	41	22	27	0	
0	3	7	14	17	20	21	26	36	38	4	10	11	13	15	18	19	22	25	32	2	2	86	135	265	0	39200	0	45	7	0	31	0	
4	5	11	15	18	19	26	31	36	38	2	7	9	10	13	17	22	32	33	34	3	3	101	0	21881	7877	89	220	25	7	1	1	0	
2	5	14	20	21	22	30	33	35	38	7	8	10	15	16	23	31	32	34	36	2	0	8	616	0	257	0	0	15	6	1	0	0	
1	15	16	22	23	26	29	31	37	39	3	4	5	7	8	12	13	20	24	27	1	1	37	0	391	48791	48596	0	50	36	6	5	0	
5	6	9	10	15	21	27	29	32	33	2	3	8	11	12	17	20	28	37	38	3	2	62	329	6851	0	0	194	1	0	1	0	0	
2	8	10	18	19	25	27	28	37	39	0	3	4	9	14	16	23	24	31	32	2	3	94	58	651	96	0	5	0	3	0	0	0	
12	16	18	19	21	28	30	31	34	39	1	2	3	7	8	17	22	24	29	37	0	3	90	142	0	2534	2460	2421	49	56	43	20	0	
1	4	5	6	7	14	24	29	32	37	0	3	13	17	26	31	34	36	38	39	1	0	36	1776	16111	375	307	0	11	0	1	1	0	
7	12	18	23	27	33	35	36	38	39	0	4	6	11	13	15	24	25	31	37	1	1	79	219	41018	571	0	213	0	0	12	8	0	
1	4	10	13	14	21	25	27	38	39	5	6	11	16	19	20	22	24	26	28	2	2	107	217	216	0	243	228	0	18	1	0	0	
4	10	21	23	24	25	31	32	35	38	0	1	6	7	8	13	19	20	22	36	2	1	81	288	0	38166	743	338	13	0	2	1	0	
6	11	12	15	23	24	25	28	32	39	4	5	9	10	18	19	26	27	35	37	0	3	75	179	0	14476	0	0	8	0	2	1	0	
7	11	15	19	24	25	26	33	36	37	0	3	16	17	21	22	28	30	35	38	2	0	65	889	72	125	11012	0	36	5	1	0	0	
0	7	11	12	19	21	23	26	30	33	2	3	4	5	10	22	25	35	37	38	2	1	65	58	170	99	0	137	0	5	1	0	0	
3	10	14	19	24	28	29	31	34	37	0	5	8	16	21	23	26	30	35	39	2	2	60	78	3144	539	2726	0	115	1	0	0	0	
0	3	11	16	19	20	21	31	36	38	4	5	7	12	18	23	33	34	37	39	0	3	46	156	130	159	0	524	0	0	1	1	0	
2	6	12	21	22	23	30	31	35	39	7	11	13	14	15	18	19	29	33	36	0	0	15	774	0	94	510	0	31	4	0	1	0	
2	3	9	10	15	20	25	28	33	35	4	7	13	18	19	21	22	24	29	30	0	1	72	101	0	441	8367	0	2	1	0	1	0	
4	12	18	22	23	27	31	33	35	37	2	5	7	8	13	16	17	19	21	32	3	2	57	0	22323	111	368	0	4	1	1	0	0	
0	8	9	10	13	16	17	25	38	39	14	15	20	23	27	28	29	32	34	36	2	3	118	175	22900	68	612	0	657	0	1	0	0	
1	5	6	11	13	26	28	30	33	39	0	3	7	8	10	18	20	21	32	37	1	0	56	812	158	99	79	0	14	0	1	0	0	
1	3	4	5	6	15	18	19	30	37	11	14	16	17	20	24	27	32	36	39	3	1	44	426	13572	333	0	1027	30	4	1	0	0	
2	5	8	13	17	20	21	28	35	38	9	11	12	16	19	22	24	26	34	36	2	2	66	69	184	0	3010	0	0	2	0	0	0	
5	6	8	11	12	15	26	35	37	38	7	9	14	21	23	27	29	31	33	36	1	2	40	0	909	7620	579	0	294	0	55	13	0	
6	10	11	12	15	19	24	30	32	36	0	4	20	21	22	23	28	34	35	37	0	3	18	1120	138	0	20883	1570	7272	49	12	43	0	
6	8	12	17	19	20	21	33	34	37	2	3	4	13	16	18	25	29	35	38	3	0	88	1861	23219	0	156	142	19	0	0	0	0	
4	6	12	13	15	23	25	30	34	38	0	3	5	9	17	19	21	28	32	33	1	1	69	87	0	397	44	0	18	10	0	6	0	
3	7	13	18	21	22	28	31	35	37	0	1	5	10	20	24	25	30	32	39	3	2	44	91	0	987	0	18	9	0	10	4	0	
1	2	3	9	12	22	23	27	30	33	0	13	18	20	21	24	32	34	37	39	0	3	37	0	827	0	0	238	0	0	0	1	0	
0	3	4	10	11	14	17	32	34	37	2	7	16	20	23	27	28	29	30	38	2	0	78	2238	1835	718	779	489	0	12	0	3	0	
5	6	8	11	12	15	26	35	37	38	7	9	14	21	23	27	29	31	33	36	3	0	88	1244	2220	338	64	0	34	13	6	9	0	
5	13	15	18	22	26	28	29	30	38	3	4	6	7	10	19	20	25	34	39	1	1	99	449	195	0	576	1168	328	0	20	21	0	
8	16	17	18	21	27	31	33	35	37	1	2	5	6	7	11	12	20	26	32	2	1	56	0	66067	3492	0	876	13	3	1	0	0	
2	5	6	11	12	13	14	31	37	38	4	7	8	15	16	18	21	27	29	30	0	2	70	0	349	439	0	192	33	0	0	0	0	
3	6	10	14	15	16	23	26	31	36	0	4	5	9	12	13	21	33	37	39	1	2	74	150	0	737	0	965	0	16	15	9	0	
2	12	21	22	23	26	31	33	35	36	0	4	6	13	16	27	32	34	37	38	3	3	57	763	748	447	0	355	24	7	6	6	0	
5	6	9	10	14	20	22	25	33	35	3	11	13	17	21	23	27	28	29	34	1	3	52	191	785	0	2097	29	286	0	120	0	0	
0	4	19	25	26	28	33	36	37	38	2	11	14	16	20	24	27	30	32	39	3	0	114	4622	62	0	20177	8	29	13	0	1	0	
4	11	15	18	24	28	29	31	36	39	1	9	10	12	25	27	30	33	35	37	3	1	111	0	1036	10931	0	13	8	4	1	0	0	
4	5	8	10	19	21	23	30	31	33	3	6	11	14	17	20	25	29	32	35	0	2	58	229	198	135	780	0	129	0	0	0	0	
2	4	8	10	17	18	22	31	34	35	9	15	20	23	26	27	28	32	33	38	2	0	87	1274	248	0	3626	429	17	0	11	6	0	
4	5	7	8	12	13	16	17	31	39	2	3	6	14	15	22	26	34	36	38	1	1	61	1034	3102	719	18259	7	70	2	1	0	0	
0	7	9	13	15	27	30	32	34	38	2	4	5	6	11	16	18	31	35	36	3	3	69	494	0	878	591	0	204	21	4	4	0	
1	9	11	14	15	26	27	29	34	39	0	3	4	8	12	16	20	22	23	24	0	0	98	2240	0	88	0	2369	28	11	0	7	0	
4	8	13	16	18	22	23	28	31	32	1	2	5	10	14	21	25	30	36	39	1	1	40	307	0	484	8727	0	11	0	2	3	0	
1	9	14	15	17	26	28	33	36	39	0	2	18	19	23	27	30	32	35	37	2	2	89	249	121	0	8110	0	21	18	3	0	0	
2	3	4	9	13	23	26	29	30	33	1	11	12	16	17	18	22	32	34	38	1	2	69	471	0	0	1929	1822	146	7	1	0	0	
2	3	8	10	11	13	20	26	33	35	1	4	5	14	19	28	30	31	32	39	2	3	15	238	121	124	193	117	0	0	1	1	0	
1	3	4	9	14	16	17	28	29	33	0	2	10	12	15	22	23	27	30	38	2	3	65	405	0	36808	0	812	17	2	1	0	0	
1	3	4	12	17	22	24	29	31	38	0	5	11	13	18	23	27	35	36	37	1	0	36	1600	275	125	0	1014	20	5	2	3	0	
0	1	6	8	11	12	16	19	29	35	4	14	17	18	22	23	30	32	33	37	1	1	85	257	12591	0	18779	0	0	2	1	1	0	
7	16	17	21	23	27	29	31	37	39	0	2	5	10	13	22	25	26	28	36	2	2	92	47	0	26592	52211	496	0	2279	1	0	0	
0	8	10	12	16	17	28	29	33	35	2	4	7	9	18	22	23	24	27	39	3	0	64	964	0	134796	442	284	0	3	0	1	0	
14	15	20	21	24	25	27	33	38	39	0	1	4	7	9	12	17	18	23	31	0	1	79	161	0	1749	567	839	166	12	3	3	0	
0	9	11	12	16	18	23	27	30	39	3	4	5	7	17	19	25	28	31	38	2	3	70	211	150	0	0	11	11	985	0	7	0	
1	6	7	10	13	18	22	26	33	38	5	11	12	14	21	25	27	28	34	36	2	0	40	1196	98	421	0	606	4	0	9	0	0	
8	10	14	21	26	27	29	34	37	39	5	7	11	13	17	22	24	25	33	38	1	2	55	223	0	42618	26407	181	124	38	8	9	0	
1	5	11	17	19	21	22	24	25	35	0	4	9	10	20	23	30	31	32	34	0	3	52	0	898	19802	0	141	10	5	0	0	0	
4	6	11	20	22	23	33	34	37	38	0	14	15	16	21	24	25	26	27	28	0	1	37	345	14597	2742	0	2614	369	16	2	0	0	
8	9	10	13	18	22	24	26	33	38	0	2	3	11	15	16	27	28	30	36	3	0	51	444	239	164	135	0	0	4	0	1	0	
8	9	10	16	19	20	24	30	31	33	7	13	15	17	23	26	29	32	35	36	3	1	77	86	0	584	10814	0	143	6	2	1	0	
2	4	9	14	18	22	25	27	35	38	0	1	3	5	6	12	20	30	31	39	2	2	52	432	2253	93	0	1047	0	38	5	3	0	
1	2	8	12	20	21	22	28	29	35	3	5	6	17	18	30	34	37	38	39	1	3	82	0	608	504	932	39	0	0	47	0	0	
3	7	8	12	22	23	25	34	36	39	1	9	11	13	14	16	26	30	31	33	3	2	62	0	912	36350	157	0	826	0	308	0	0	
9	11	16	18	19	24	26	28	29	39	5	6	7	21	25	27	32	34	35	37	2	0	116	834	61777	764	8419	452	0	27	6	5	0	
2	7	10	13	14	15	19	23	27	29	0	1	3	4	6	12	34	35	36	39	2	1	11	1059	17182	235	1589	401	0	3	1	0	0	
5	6	10	11	13	15	18	32	36	38	4	9	17	19	21	24	25	26	30	31	3	3	69	1930	408	5639	2552	2333	693	24	8	15	0	
2	10	11	13	18	23	29	35	38	39	4	6	7	15	16	21	27	31	36	37	0	2	50	457	3762	0	11045	772	127	106	0	46	0	
5	11	12	14	17	18	20	22	32	33	1	2	8	9	16	21	25	36	37	39	0	3	58	681	0	752	770	162	0	0	0	0	0	
2	3	5	15	18	21	25	26	29	35	0	4	6	7	17	20	23	24	34	38	0	0	67	835	3207	0	408	0	80	11	1	0	0	
7	14	19	20	22	27	29	32	35	39	0	1	8	13	21	23	24	28	36	37	0	0	46	1002	33096	5093	1122	299	0	14	1	4	0	
1	5	9	11	16	18	23	24	33	35	4	6	7	14	20	26	27	37	38	39	3	1	52	125	3189	427	0	372	80	0	0	0	0	
5	6	12	14	16	20	22	24	27	33	3	7	11	13	19	21	23	25	28	31	2	1	63	0	1170	0	2565	817	5503	18	6	0	0	
1	4	6	12	18	21	25	37	38	39	0	5	8	17	19	27	29	32	34	35	0	2	109	246	0	25	0	5	0	1	0	1	0	
4	7	10	13	16	23	27	28	36	37	1	8	9	12	17	19	29	33	34	39	0	3	84	255	0	22025	0	553	2	2	1	0	0	
4	13	14	21	22	25	28	32	36	37	1	5	6	10	11	15	16	20	27	39	2	2	84	0	1041	11420	0	0	28	2	217	0	0	
8	10	21	30	31	33	34	35	38	39	4	6	9	11	16	18	23	24	32	36	0	0	62	1622	18798	0	443	822	160	3	3	3	0	
2	4	12	16	18	21	27	30	32	34	3	6	8	9	11	15	17	31	35	38	2	1	27	303	405	0	223	0	161	0	1	0	0	
0	2	14	19	20	26	28	34	38	39	1	7	8	10	11	18	21	23	30	36	2	2	91	61	0	277	282	0	1886	3	1	0	0	
5	6	8	12	14	16	24	27	28	33	2	7	10	13	17	20	23	32	36	38	0	3	36	132	222	0	232	153	9	0	1	1	0	
1	2	7	12	13	16	22	25	32	36	0	4	6	10	11	20	21	26	27	29	0	3	54	51	0	0	163	0	50	26	2361	0	0	
1	3	9	10	16	18	21	30	31	35	4	6	8	19	20	23	25	33	38	39	0	0	94	1725	417	343	0	1135	147	0	0	0	0	
4	7	8	9	10	13	15	18	34	36	2	12	20	21	22	23	24	29	32	33	1	0	69	1498	8113	9286	0	254	52	7	34	17	0	
1	2	9	10	16	20	27	28	29	33	3	5	6	13	17	19	21	22	35	36	1	1	75	0	1577	11795	512	2279	60	1	6	3	0	
2	3	6	9	10	19	21	22	23	33	1	12	13	14	16	20	27	30	37	39	0	2	81	1082	7933	132	0	5	0	13	0	0	0	
0	2	4	10	22	24	28	33	34	37	3	9	11	13	14	16	27	30	35	36	1	3	41	147	126	272	0	1037	6	3	1	0	0	
1	6	7	10	14	17	27	32	33	39	0	2	3	8	12	18	19	21	31	38	1	1	56	0	369	61361	160	0	24	3	1	2	0	
0	13	14	16	17	21	24	26	31	35	1	4	7	9	19	23	25	29	32	38	3	2	70	258	0	752	270	0	9	8	2	4	0	
1	3	5	6	10	12	19	20	34	38	2	4	8	9	11	17	21	22	31	35	2	3	46	679	0	54900	894	2524	74	4	3	0	0	
3	4	6	15	17	25	27	28	31	39	7	9	10	16	18	19	26	32	33	37	1	0	87	363	2021	194	2100	261	0	7	4	0	0	
3	6	8	11	13	17	21	27	32	34	0	2	4	24	26	28	30	33	36	39	0	1	50	600	9908	2627	705	0	1439	0	0	0	0	
1	6	10	11	17	28	31	33	35	38	4	13	15	16	24	26	29	30	32	37	1	2	79	197	759	296	520	0	133	7	2	0	0	
0	6	7	8	16	23	29	30	31	36	1	9	14	15	18	22	27	33	38	39	2	0	61	1230	9136	0	1234	99	0	15	984	0	0	
1	4	10	12	14	19	20	21	33	36	3	7	11	18	24	27	28	30	34	39	3	1	82	0	0	343	10290	0	56	3	1	0	0	
6	10	11	17	21	24	25	36	37	39	3	5	7	12	13	19	20	23	31	34	0	3	56	0	27945	54310	436	1607	16	0	2	1	0	
6	11	14	19	23	29	35	36	38	39	5	7	10	13	16	17	20	21	27	28	0	2	39	260	169	0	14701	899	37	0	34	12	0	
6	9	17	19	21	22	28	31	35	37	3	8	10	12	13	14	15	20	27	33	3	3	42	159	1265	502	0	1317	119	7	1	0	0	
2	5	6	13	20	24	28	29	35	37	1	8	9	15	17	27	31	32	36	38	0	0	96	1105	0	0	4330	367	70	14	4	0	0	
0	6	7	13	15	17	19	25	29	31	1	8	12	21	22	23	24	27	30	38	0	1	67	0	1505	15595	282	0	0	18	5	5	0	
0	11	13	15	21	22	31	33	34	35	4	14	16	17	18	26	27	29	36	38	1	0	71	287	607	452	0	475	48	0	7	9	0	
1	4	14	20	21	22	23	26	29	35	5	9	12	17	19	27	28	30	32	34	3	1	88	0	349	385	0	125	5	12	4	1	0	
2	5	8	9	11	13	24	25	28	35	1	10	14	15	18	23	26	32	36	37	2	2	49	345	0	1760	14274	34	28	0	17	8	0	
7	10	14	18	25	26	29	30	31	39	3	5	15	16	20	21	22	27	32	33	0	2	78	0	14609	207	0	389	8	0	1	1	0	
5	6	11	19	20	24	30	32	34	39	0	8	9	10	15	23	26	27	28	36	0	3	71	673	13734	176	393	0	33	0	4	0	0	
0	3	8	10	17	19	20	34	35	37	2	4	5	13	14	24	26	29	30	32	3	0	10	1006	197	548	116	0	36	51	0	8	0	
5	13	18	22	23	25	26	28	32	36	2	3	4	6	11	19	29	34	35	39	2	3	81	276	0	0	1507	905	25	7	4	3	0	
2	3	7	8	22	25	30	31	33	34	5	9	11	17	18	26	35	36	37	39	1	0	43	842	127	333	611	339	0	9	4	4	0	
10	12	14	23	25	28	29	33	34	39	3	5	6	13	15	17	20	21	26	27	1	1	82	1313	418	9573	22975	1502	174	0	0	0	0	
2	6	11	15	19	23	26	27	33	34	5	9	21	22	25	29	31	32	35	38	0	1	82	0	0	1802	0	337	43	21	4	0	0	
0	2	4	5	15	16	18	22	35	36	3	10	21	23	24	25	29	37	38	39	3	2	34	0	572	36	192	0	45	0	15	13	0	
0	4	5	10	12	15	17	19	31	32	3	6	8	13	18	20	24	29	38	39	2	2	62	1590	1903	2579	0	1860	0	32	3	15	0	
5	7	11	13	17	19	23	27	35	37	2	3	10	12	16	18	25	31	32	34	0	3	26	538	3111	178	0	18	0	8	0	3	0	
2	11	12	13	19	24	27	28	34	35	8	9	14	15	16	20	21	23	31	32	0	3	46	274	142	289	157	0	5	0	0	1	0	
3	12	13	14	22	28	29	33	34	36	1	2	4	6	11	19	25	30	35	38	2	3	73	240	0	339	730	226	23	8	0	3	0	
12	15	19	24	27	29	31	33	36	38	1	6	9	10	16	25	28	30	35	37	1	0	79	1757	10300	1191	41229	1833	123	8	4	0	0	
3	4	8	12	22	31	32	33	34	37	9	15	17	18	19	20	23	25	27	28	3	1	79	65	60	139	173	0	25	29	2	0	0	
4	11	14	15	18	19	23	28	29	37	9	13	16	20	21	22	27	31	33	39	0	0	52	1675	771	31996	0	1743	464	10	1	1	0	
0	2	3	7	8	16	23	27	31	37	1	4	9	10	12	13	26	28	32	34	1	1	24	101	0	343	10900	0	52	51	21	8	0	
2	5	8	20	25	26	31	33	38	39	0	6	10	13	18	21	28	30	34	37	1	2	42	576	27696	907	14947	0	10	1	1	0	0	
1	3	4	7	16	19	28	31	35	39	0	9	10	11	12	14	17	20	22	37	0	3	110	134	68	0	9609	44	0	12	0	0	0	
0	1	2	11	23	24	25	30	31	32	3	5	10	19	20	22	26	29	34	38	0	0	45	256	97	219	0	0	4	0	0	0	0	
3	6	8	14	22	26	29	31	32	34	2	5	7	11	17	20	21	24	33	38	1	1	39	0	491	227	103	192	5	2	0	0	0	
2	5	7	11	12	20	22	30	34	36	8	9	13	18	21	24	28	29	31	33	2	2	87	117	252	94	0	218	11	1	0	1	0	
1	2	5	9	11	13	18	31	33	38	8	10	12	19	21	23	25	26	34	39	0	0	72	3616	381	0	4739	131	44	6	183	1	0	
4	6	11	14	21	22	23	25	26	30	0	3	5	15	16	19	27	28	31	36	2	1	72	209	119	137	235	0	23	17	1	1	0	
1	2	5	9	11	13	18	31	33	38	8	10	12	19	21	23	25	26	34	39	2	2	90	708	15539	1686	939	969	53	15	0	4	0	
0	1	9	18	19	23	26	27	37	39	5	14	21	24	25	28	29	31	33	38	2	2	120	54	0	12245	0	27	101	0	4	11	0	
0	2	12	14	18	22	24	26	31	32	3	4	6	10	19	21	25	30	36	38	3	3	54	0	0	1124	745	123	0	5	2	0	0	
3	9	11	12	13	20	21	28	31	33	5	8	16	18	24	25	30	34	35	39	3	0	75	622	0	0	0	179	20	0	5	0	0	
0	3	5	11	13	15	24	28	29	36	1	7	12	14	16	21	22	33	35	38	0	3	37	79	162	579	473	708	0	18	27	10	0	
11	14	15	17	22	23	25	28	37	39	0	1	2	8	9	19	31	33	34	35	3	0	99	3704	50165	137	493	44	0	7	1	0	0	
2	9	17	18	20	24	26	30	32	38	0	3	6	7	8	12	21	25	28	34	0	1	100	91	0	2879	944	266	5	2	0	0	0	
12	16	20	22	27	30	35	36	38	39	2	5	7	13	18	26	29	31	33	37	3	2	69	481	745	89	256	4	1198	0	2	0	0	
4	12	15	17	18	19	22	37	38	39	8	10	14	16	23	26	27	30	31	35	3	3	107	646	34597	7922	0	0	53	33	0	32	0	
1	6	8	12	19	22	24	27	29	37	2	4	13	14	17	18	25	32	35	36	2	0	54	1275	483	146	0	0	0	14	11	3	0	
1	4	6	9	22	25	27	28	30	34	0	10	13	15	16	19	20	23	31	36	2	1	74	898	150120	6613	582	843	93	4	1	1	0	
0	1	3	20	21	22	24	29	33	37	4	13	18	19	23	25	28	32	36	38	0	1	55	249	582	1649	573	719	7	0	1	0	0	
2	6	8	10	15	18	24	31	38	39	5	7	11	20	23	25	28	32	33	37	1	2	62	112	2875	0	113	674	0	8	1	0	0	
0	2	8	10	11	13	21	25	26	32	3	6	7	9	12	15	24	28	29	35	3	2	29	448	248	249	309	0	0	0	9	10	0	
2	8	12	13	16	19	24	30	37	38	0	1	7	15	17	18	27	29	31	35	0	3	62	751	249	0	964	0	20	0	2	0	0	
3	4	7	9	12	13	14	15	21	36	2	5	11	16	17	20	22	26	32	34	2	0	5	1198	27696	161	468	0	1287	2	1029	1	0	
0	6	19	20	23	25	34	35	37	39	3	13	14	15	16	18	26	30	32	38	0	1	35	556	2757	149	186	0	681	36	1	0	0	
1	3	4	8	17	21	25	28	30	36	5	6	12	13	15	16	18	22	33	39	3	3	61	0	24289	0	1153	2236	0	14	1	0	0	
10	12	16	19	25	28	29	31	37	39	1	6	8	13	18	20	22	24	33	36	0	0	53	937	12454	3113	710	387	3	0	3	1	0	
2	6	7	11	13	16	23	26	35	38	0	15	18	22	29	30	32	33	34	36	3	1	70	85	62	109	103	0	16	0	1	0	0	
9	18	21	25	26	28	32	33	35	39	0	2	4	6	7	8	14	17	20	37	1	2	46	0	97669	1015	1295	630	151	3	1	1	0	
2	6	7	9	16	22	25	26	33	39	4	12	18	24	27	32	34	35	37	38	3	2	117	247	332	0	35384	5	143	1	1	0	0	
1	4	5	7	14	15	22	32	36	39	0	3	10	23	24	26	28	30	37	38	3	3	88	0	1805	1489	185	0	64	6	2	1	0	
2	8	9	15	17	20	26	35	37	39	4	5	6	10	11	13	22	25	32	33	2	3	59	85	8233	0	161	0	23	23	0	51	0	
1	4	7	10	11	14	22	25	29	35	0	6	9	12	17	20	23	28	34	36	0	0	82	2393	440	299	0	0	0	7	4	0	0	
7	13	17	18	22	27	29	36	38	39	2	3	4	9	11	15	23	25	32	35	3	1	80	164	1941	0	173	261	0	14	2	4	0	
1	2	9	13	16	20	24	25	32	35	6	7	11	21	23	27	28	31	33	39	2	2	93	73	0	199	0	196	0	0	1	0	0	
3	4	8	10	17	18	20	22	30	35	0	2	5	7	12	13	16	33	36	38	3	3	53	138	0	2785	1717	278	0	525	1	1	0	
1	3	8	9	18	20	27	28	29	38	0	4	13	14	15	16	22	26	33	36	1	0	90	1359	19642	0	961	2088	0	10	2	1	0	
0	7	8	17	24	26	34	35	37	38	1	3	4	5	11	15	20	25	33	36	2	0	53	1511	13692	0	162783	2229	2299	30	1327	6008	0	
2	6	8	10	15	20	23	29	30	35	4	9	13	18	19	25	33	36	37	39	0	1	99	168	2032	0	1469	1559	0	40	162	0	0	
4	5	8	19	22	25	26	28	32	37	10	16	18	21	24	29	30	31	34	35	1	1	69	2488	41203	0	929	127	17	8	28	19	0	
0	5	7	8	10	14	16	19	25	34	1	4	11	12	23	29	31	32	33	39	1	2	66	714	26417	15893	1068	4	0	1216	2	1	0	
4	12	14	16	18	23	28	30	38	39	3	5	10	13	19	21	29	32	35	37	2	2	82	470	618	0	42203	0	11408	1282	2993	0	0	
2	5	7	20	22	23	25	33	35	36	1	12	14	24	26	29	31	34	38	39	3	3	66	405	464	1436	640	160	21	0	7	0	0	
3	4	5	8	11	12	13	15	27	38	6	7	9	10	14	16	19	22	28	34	0	0	117	2071	0	0	0	32	16	16	14	0	0	
4	6	8	9	12	14	17	24	30	38	2	7	16	20	21	29	31	36	37	39	1	1	86	559	1210	15245	9237	932	11	0	1007	3	0	
1	9	10	16	18	21	28	30	32	39	3	4	5	8	11	15	19	24	29	37	2	2	70	347	0	2199	13218	11	124	5	3	0	0	
2	3	6	10	19	23	24	25	26	31	1	4	8	11	12	16	18	21	28	32	2	3	90	267	589	0	599	0	0	6	0	1	0	
3	9	10	13	21	25	27	29	34	37	1	2	4	8	15	16	22	31	32	38	1	0	67	2574	0	33864	0	1116	57	10	0	0	0	
2	11	14	15	23	24	25	26	35	36	4	6	8	10	13	18	21	22	31	33	0	1	10	0	604	358	674	270	37	13	0	0	0	
1	3	9	13	16	22	24	25	26	32	12	15	18	27	29	31	33	35	36	38	2	3	63	297	279	0	3825	7457	72	14	16	6	0	
1	2	3	9	14	27	28	32	34	35	7	10	15	18	20	21	22	29	38	39	1	0	100	804	0	0	7715	2	5	1030	0	3	0	
5	8	9	17	18	20	23	27	31	33	0	1	6	10	14	16	19	37	38	39	2	1	61	114	0	160	4902	0	7	10	0	48	0	
1	2	8	17	20	24	28	31	34	36	9	13	14	16	18	19	21	22	27	37	1	2	82	381	138	0	14943	2699	15	1	1	0	0	
2	8	9	10	11	16	22	23	29	34	6	12	15	24	27	28	30	31	33	39	3	3	71	50	0	0	2236	440	0	4	3	1	0	
5	7	12	17	22	23	28	29	33	37	0	4	9	14	16	18	20	25	27	38	2	0	69	821	0	212	129	109	0	4	0	1	0	
7	14	19	20	26	33	34	35	37	39	2	13	18	24	25	29	30	31	36	38	1	2	65	258	0	69785	0	869	0	11	11	5	0	
4	6	7	11	22	24	25	26	28	39	5	8	9	10	13	17	19	29	31	35	0	1	72	243	1037	0	18851	16	1	3	4	1	0	
0	2	5	6	8	10	16	17	27	33	4	15	19	23	24	26	30	31	32	36	1	2	71	0	0	2873	541	193	17	9	1	0	0	
6	8	13	14	17	19	20	22	27	33	0	1	2	4	12	18	23	28	37	39	0	3	55	0	1240	193	11099	141	0	17	4	1	0	
0	2	9	12	18	19	24	27	29	32	1	5	6	17	20	22	23	36	37	38	0	3	84	0	712	12648	1848	65	0	14	1	0	0	
0	3	8	9	11	12	15	18	22	28	10	13	16	17	20	25	29	32	35	36	0	0	72	1638	0	965	1998	754	692	0	1	1	0	
0	1	2	7	9	15	26	28	31	35	4	8	11	14	19	23	25	30	34	38	1	0	72	1201	0	48975	0	718	32	6	1	3	0	
5	10	13	15	18	21	28	29	30	36	0	3	4	7	8	17	19	27	31	32	1	1	83	140	0	1894	215	0	49	5	1	1	0	
2	10	21	27	31	32	34	35	36	38	1	5	9	12	13	14	19	22	23	39	3	1	88	1038	1014	0	1847	1612	57	36	3	1	0	
0	5	7	15	16	21	22	24	33	39	1	3	4	6	8	10	11	19	29	35	3	2	57	766	195	0	88	137	0	6	2	1	0	
4	5	8	14	17	18	21	28	32	37	2	11	12	25	29	34	35	36	38	39	3	3	100	123	2301	755	0	3578	67	5	2	0	0	
5	13	19	20	27	28	32	33	34	37	0	3	6	7	9	11	14	25	36	38	1	2	41	0	897	210	4773	0	3083	6422	6	8	0	
1	3	6	10	16	21	25	27	33	35	2	7	8	12	15	17	18	20	26	37	2	3	51	603	76	0	1667	467	19	0	0	8	0	
1	3	7	9	15	19	24	31	33	35	2	5	8	11	14	17	20	25	29	39	0	0	109	1767	89	0	303	0	8	9	4	4	0	
8	11	15	22	23	27	32	36	38	39	1	9	12	14	16	17	26	29	30	34	2	1	49	528	11743	443	170	0	17	0	2	1	0	
2	4	10	12	21	29	30	33	34	36	5	7	9	11	13	14	16	25	28	31	2	2	37	182	0	31460	0	2025	31	721	0	0	0	
0	3	10	16	18	19	23	28	29	36	5	9	12	13	22	27	32	33	38	39	0	3	62	221	8442	313	0	612	6	0	3	1	0	
2	3	10	16	18	20	22	25	37	38	12	15	19	23	24	27	29	34	35	36	3	0	63	1316	1750	0	1645	0	7	0	2	1	0	
0	4	7	10	12	16	22	25	33	36	6	13	17	23	28	29	30	34	35	39	0	0	63	1887	2576	705	774	475	0	38	0	7	0	
0	1	2	5	7	12	26	29	31	32	3	4	9	10	16	20	22	23	24	37	1	1	51	0	659	0	663	1428	0	6	4	0	0	
3	4	18	21	22	26	29	33	37	39	1	6	11	15	17	19	20	30	35	38	0	2	69	0	0	808	2359	725	7	0	4	0	0	
4	8	12	14	22	24	26	34	38	39	9	10	17	18	23	25	27	28	29	32	2	1	93	271	2555	0	195	0	4	0	1	0	0	
3	7	10	12	16	23	25	32	33	34	15	17	18	24	27	28	31	37	38	39	0	2	9	136	1454	168	0	0	44	0	1	0	0	
0	1	2	5	10	25	29	30	31	34	11	13	15	18	19	20	26	28	33	39	1	3	90	48	0	758	8702	617	0	914	1	0	0	
2	10	13	20	21	22	25	27	29	37	3	8	14	15	16	19	23	28	32	35	1	0	52	2167	0	1885	338	740	58	1	1	1	0	
0	4	12	20	22	28	29	30	36	37	1	6	13	14	24	25	32	34	35	39	1	3	12	1103	20955	502	153	0	30	0	19	3	0	
2	3	15	17	18	24	30	36	37	38	6	9	10	11	12	14	19	23	27	28	3	0	62	1486	774	261	395	3	0	5	1	0	0	
0	5	9	12	17	20	23	29	30	32	3	7	10	11	15	16	28	34	35	36	3	1	65	178	199	153	2013	403	0	2	0	0	0	
1	7	9	11	18	19	21	23	30	38	0	3	15	16	25	33	34	36	37	39	0	1	97	197	0	579	1838	0	142	6	1	0	0	
2	9	11	12	13	18	20	22	37	39	0	5	7	10	17	21	25	31	32	36	0	2	68	139	0	131	0	298	4	0	0	0	0	
0	7	11	15	17	18	22	33	34	35	1	3	5	10	14	16	23	27	32	37	0	3	10	405	0	209	375	292	0	1	12	0	0	
0	3	11	15	17	19	21	30	32	33	1	5	6	8	10	13	14	25	26	28	0	2	84	0	564	1655	15984	275	8	2	0	0	0	
4	5	7	9	12	20	27	31	37	38	3	11	15	24	28	29	30	32	34	36	2	0	78	2040	4195	5368	139	0	6776	2	0	1	0	
2	9	17	24	26	29	30	32	34	37	0	3	5	15	18	20	22	25	27	38	2	3	105	0	1440	1021	1298	0	117	5477	0	9	0	
9	11	21	22	23	27	28	34	35	39	0	12	15	16	17	20	25	26	29	33	0	1	76	0	1560	83428	2047	857	39	4	0	1	0	
1	2	6	7	11	13	19	21	28	36	4	5	8	9	24	27	30	33	34	39	2	0	68	924	0	45110	789	731	57	6	2	1	0	
6	8	20	23	26	27	29	31	35	39	3	4	9	19	22	24	25	28	32	36	2	1	105	406	555	154	0	1005	46	4	2	0	0	
2	5	9	14	17	18	23	29	34	37	0	1	6	8	13	15	26	35	38	39	2	2	84	75	327	0	5660	9	8	0	0	0	0	
4	7	12	15	17	19	20	26	29	33	2	9	10	13	21	23	34	36	37	39	2	3	45	443	637	6188	0	7	16	0	2	0	0	
0	14	16	17	21	24	28	32	33	35	2	3	9	12	13	18	23	36	37	38	0	0	53	788	5778	15144	0	0	31	8	2	0	0	
1	4	9	10	14	15	24	26	33	38	0	12	13	22	23	27	29	32	34	36	0	1	40	126	3664	0	291	461	0	2	0	3	0	
5	10	12	17	18	21	25	27	32	34	3	4	9	13	14	19	23	29	30	38	3	2	66	175	0	176	1809	3057	24	3	1	0	0	
0	3	5	12	23	29	31	32	34	38	10	13	15	19	27	28	30	33	35	37	2	1	52	815	73068	1736	784	0	0	17	2	1	0	
0	4	7	8	16	18	26	29	30	38	1	2	5	6	13	19	24	33	35	36	2	2	62	145	0	2004	146	0	91	11	6	3	0	
9	13	17	27	29	30	33	34	36	38	1	3	8	10	15	20	21	26	28	35	0	3	53	505	0	737	14412	636	10	0	4	0	0	
1	5	7	8	11	22	24	29	30	31	3	4	10	13	17	19	20	32	36	39	1	3	83	0	1342	96	5306	49	33	0	29	0	0	
1	3	6	8	20	21	23	24	28	38	2	7	13	17	18	19	22	29	33	36	2	0	101	1860	64171	961	1414	1232	24	604	2	2	0	
2	4	8	9	21	22	24	35	38	39	3	6	11	15	18	19	23	25	36	37	0	1	81	217	102	4314	174	0	2	1	0	0	0	
7	12	13	18	25	29	31	33	35	36	1	4	5	6	9	27	28	30	32	38	2	2	70	0	2439	349	0	1402	20	0	1	1	0	
5	19	20	24	25	26	29	31	33	34	1	3	6	8	14	27	35	37	38	39	3	3	61	0	41291	419	2325	1519	44	603	3	1	0	
3	8	11	13	19	24	26	31	34	36	4	9	10	16	17	28	29	33	35	39	1	0	91	1924	0	278	118	67	0	0	0	1	0	
2	6	7	8	10	13	22	31	36	39	5	9	15	18	21	23	26	28	30	37	1	2	67	0	3576	1021	0	3873	45	2	0	0	0	
3	21	22	23	25	26	34	35	36	39	0	2	5	12	15	18	24	27	30	31	2	3	79	334	9624	95	0	0	2	19	6	0	0	
2	3	4	5	21	30	31	32	33	34	7	9	12	13	15	18	19	22	24	35	2	0	33	190	0	0	0	107	13	0	0	0	0	
0	2	17	18	20	22	24	29	35	36	5	6	9	11	13	19	23	26	32	34	0	1	54	145	0	732	63	0	0	8	2	0	0	
2	6	7	8	10	13	22	31	36	39	5	9	15	18	21	23	26	28	30	37	3	0	71	2558	0	1469	15861	0	64	908	2	4	0	
11	13	21	23	25	26	27	31	32	33	1	7	12	14	15	19	22	24	30	34	1	2	48	1053	19252	502	70556	0	166	10	5	4	0	
1	5	15	16	18	20	22	25	34	36	3	6	11	12	13	24	28	29	33	38	0	3	52	269	0	197	243	0	11	3	0	1	0	
2	3	5	12	19	22	24	28	31	37	4	6	8	9	10	11	18	30	35	39	0	0	97	1604	259	0	1319	633	17	0	2	0	0	
0	3	4	10	14	18	20	21	29	33	1	11	15	25	26	28	30	36	38	39	1	1	82	731	4519	0	1011	105	6	0	0	0	0	
2	3	5	13	15	16	25	32	36	38	4	18	19	20	21	29	30	33	34	39	0	2	4	98	0	0	65	334	3	1	0	0	0	
9	10	12	14	15	16	23	33	37	38	3	4	13	20	21	28	30	32	34	35	0	1	32	0	134469	2254	0	1203	87	2727	975	7	0	
7	11	14	17	22	24	25	34	35	39	0	4	8	9	10	12	21	26	37	38	1	3	56	0	1901	117415	14138	6786	173	64	0	6227	0	
4	9	12	14	15	16	17	21	27	28	2	5	6	8	19	25	26	34	36	38	1	0	87	5510	1250	10823	3164	3130	35	38	6	1	0	
18	20	21	24	26	27	28	30	32	38	0	2	6	8	12	13	17	19	25	29	3	2	71	0	378455	15892	2155	5984	90	13	12	13	0	
0	3	8	13	14	17	21	31	35	39	4	6	16	18	19	23	24	25	29	34	2	3	75	0	2657	960	723	81	7	1159	0	0	0	
1	3	4	6	8	13	19	31	32	33	0	2	7	12	15	21	25	26	36	39	0	0	94	2646	2341	0	0	1083	328	0	4	2	0	
3	6	10	13	15	16	19	20	23	36	0	8	11	12	14	22	31	32	33	37	0	1	40	255	0	59748	0	3679	1076	0	2	1	0	
0	5	10	11	14	27	29	32	33	38	9	15	18	20	21	23	25	26	34	36	2	2	85	114	75	81	0	1038	0	7	1	0	0	
8	9	10	13	18	22	24	26	33	38	0	2	3	11	15	16	27	28	30	36	3	3	69	83	0	260	41	516	23	0	2	0	0	
0	1	4	5	18	21	26	27	30	35	2	3	6	11	12	16	17	23	24	28	3	0	20	1667	0	15688	9508	254	0	4	1	1	0	
1	16	19	20	24	25	26	29	34	37	3	9	14	15	22	30	31	35	36	38	3	1	80	0	265	0	53183	892	0	12	3	0	0	
1	2	4	8	11	18	21	24	28	32	0	9	17	19	22	23	27	33	36	38	0	2	98	0	859	47135	342	113	0	0	0	0	0	
7	14	19	22	27	28	30	35	37	38	0	9	11	12	13	15	21	23	31	33	2	3	80	442	8901	9636	1453	307	0	0	2	1	0	
2	5	6	15	17	20	23	33	37	39	1	4	9	10	13	14	27	35	36	38	3	0	74	1936	85	0	143	287	0	0	2	1	0	
4	15	17	18	20	21	22	27	34	39	0	2	9	10	19	23	26	31	33	36	0	1	46	266	0	760	0	7	0	5	1	1	0	
12	15	17	18	22	26	30	32	38	39	0	3	5	7	9	23	24	27	28	35	2	2	84	1426	2018	95747	19504	0	114	5	2	3	0	
8	9	11	13	16	18	19	22	32	34	4	7	17	20	21	25	27	28	35	38	0	1	66	0	4701	697164	4476	0	1411	0	2	1	0	
0	3	9	14	17	18	24	33	37	38	2	5	6	13	15	21	22	27	29	31	1	2	65	897	308	438	0	9	0	2	1	0	0	
1	4	9	11	12	13	17	26	28	30	3	5	10	16	22	23	27	32	36	39	2	3	61	804	5548	229	158	129	0	0	0	16	0	
0	3	4	7	15	27	30	31	38	39	2	8	10	14	20	22	24	29	32	34	3	3	69	0	32324	163	1668	0	289	6	0	11	0	
8	12	16	20	21	24	35	36	37	39	7	10	11	14	19	23	26	29	32	34	1	0	75	825	3033	167	0	0	877	48	38	25	0	
5	7	9	12	13	26	29	31	32	34	3	8	11	15	21	22	23	25	27	39	3	0	59	1018	0	3408	2617	210	0	18	905	6	0	
5	7	10	11	18	24	27	28	33	38	1	2	6	13	15	17	29	30	32	34	0	1	42	263	70	0	24063	327	0	4	3	1	0	
1	8	15	16	19	21	23	26	31	35	2	4	7	11	17	22	24	30	32	36	2	2	29	196	209	0	162	0	14	9	4	0	0	
4	9	13	19	26	29	30	31	33	38	0	1	5	6	10	18	32	35	37	39	3	1	102	1939	0	57154	929	878	0	15	4	5	0	
0	1	2	10	12	27	29	34	36	38	3	9	19	21	22	23	24	28	30	32	3	2	109	261	280	0	3738	92	0	5	1	1	0	
2	5	8	9	15	26	29	30	37	38	6	10	12	13	18	19	24	25	31	39	2	3	85	310	9115	499	0	1761	103	42	0	0	0	
5	15	18	23	27	33	34	36	38	39	1	2	3	4	9	11	12	20	26	35	0	3	90	631	29994	411	0	2258	492	8	1	1	0	
2	5	7	10	11	16	24	29	38	39	6	9	12	14	17	19	20	21	28	30	3	0	82	1174	0	13212	0	109	3	0	1	0	0	
9	13	14	17	20	21	25	27	31	37	3	4	7	10	15	18	28	30	33	38	1	0	66	1936	0	0	10444	171	25	27	1	1	0	
8	12	16	17	20	21	24	25	32	34	0	2	6	7	10	13	19	27	29	39	3	1	63	294	156	686	450	1328	0	52	0	5	0	
1	3	5	21	27	29	32	35	37	39	4	7	8	10	11	19	20	22	24	36	1	2	36	4339	1970	278	0	1676	108	9	0	4	0	
2	3	7	9	16	22	30	31	34	37	0	4	6	10	12	18	24	33	38	39	1	1	59	606	6552	0	44420	1122	126	14	3	1	0	
4	5	16	18	20	23	24	25	36	39	0	3	12	14	19	27	29	34	37	38	3	3	53	132	0	931	337	629	203	0	1	1	0	
10	13	15	17	19	22	23	31	37	39	0	2	3	6	11	14	20	25	27	38	3	2	30	703	25264	0	21623	804	18	3	0	0	0	
0	1	6	9	14	18	25	29	35	36	2	5	7	16	24	26	28	31	37	38	3	3	85	80	0	536	19714	2041	18	0	0	1	0	
0	5	13	19	20	22	24	28	36	38	2	4	6	7	10	12	18	21	30	34	0	0	63	993	305	101	218	0	13	0	0	1	0	
1	2	6	7	8	11	16	21	23	26	3	9	12	18	19	20	29	34	37	39	1	0	101	3223	0	83480	13325	9388	38	8	14	12	0	
9	11	17	22	24	28	31	34	37	39	5	6	14	19	20	21	25	30	32	36	3	1	69	0	86990	11533	118	2062	510	0	2	1	0	
3	5	11	14	22	27	28	34	36	38	1	7	8	16	18	19	24	29	30	35	1	2	90	63	0	1253	0	578	10	0	2	1	0	
7	9	15	18	22	24	26	30	34	36	1	2	4	5	8	11	19	31	37	39	1	3	68	144	0	567	0	689	38	1447	0	0	0	
4	10	13	16	18	23	28	33	34	38	1	5	6	11	12	15	17	30	35	36	3	0	34	745	0	422	664	11	0	18	1	1	0	
1	5	7	9	11	21	25	30	37	39	3	4	6	15	20	22	29	31	36	38	2	1	93	501	7230	0	0	1799	9	19	0	1	0	
11	14	15	17	21	31	34	35	38	39	4	5	8	12	19	25	29	32	36	37	3	2	110	3100	1595	1216	0	223	53	5	2	1	0	
1	6	11	15	17	23	27	36	38	39	2	4	7	8	13	19	20	21	26	35	0	3	74	117	146	3187	0	11	0	8	1	1	0	
1	2	11	12	14	18	25	30	36	37	3	13	19	23	27	32	33	34	35	38	0	0	68	2061	1087	0	0	1142	14	3	0	0	0	
2	5	6	11	12	18	19	25	33	39	4	7	8	16	20	22	24	26	35	38	2	1	64	181	241	219	801	0	0	36	0	5	0	
5	6	14	17	19	21	25	35	36	38	4	8	12	15	16	18	20	24	32	39	2	2	38	280	263	0	472	0	25	0	18	7	0	
1	3	5	12	14	23	29	35	38	39	4	7	11	15	16	22	27	28	34	36	3	3	80	459	3938	0	15962	0	5	0	3	1	0	
1	12	13	18	22	27	29	30	33	37	0	7	8	11	14	16	24	31	32	36	1	0	46	1761	176	0	414	9	136	0	1	1	0	
1	6	8	10	13	22	31	32	33	36	0	4	12	15	21	23	25	27	29	30	1	1	12	178	11724	279	62	285	0	0	0	0	0	
9	15	20	23	24	25	27	30	34	39	4	10	16	19	29	31	32	33	35	37	0	1	77	0	306355	2997	2382	8343	515	63	29	0	0	
1	4	6	15	18	20	21	34	36	37	0	5	7	9	14	16	19	25	29	33	2	2	52	1085	5943	0	1377	0	78	10	0	0	0	
8	12	14	15	19	21	27	29	34	37	2	9	10	11	24	26	30	33	36	39	2	2	59	420	24375	2286	1904	452	0	19	4	598	0	
9	15	18	22	25	26	31	33	34	37	1	3	4	5	6	10	17	19	36	38	2	3	47	102	316	986	125	0	4	0	4	1	0	
1	8	13	15	24	26	27	29	33	38	6	7	10	11	14	20	22	32	36	39	3	3	102	363	0	342	18309	7	21	0	14	8	0	
0	2	3	8	18	24	28	31	36	39	7	10	12	13	14	16	17	21	25	33	1	0	72	4905	488	0	1536	36	33	17	12	14	0	
0	7	17	18	20	23	25	27	33	36	1	5	12	15	21	24	29	30	32	38	0	1	68	96	0	8492	0	10	0	1555	1	0	0	
7	12	14	15	23	28	29	34	37	38	5	6	8	10	13	17	18	30	32	36	0	0	86	1915	852	0	76082	0	72	12	2	0	0	
9	15	16	18	19	25	28	31	35	37	0	1	5	7	10	17	23	24	27	36	1	2	93	0	31298	169	0	20	101	8	1030	0	0	
2	5	13	21	23	25	28	34	36	37	7	10	11	14	16	17	18	27	30	32	2	1	52	399	0	0	4353	1890	1611	10	1	0	0	
5	11	12	15	18	27	28	31	32	35	1	8	14	22	24	26	34	37	38	39	3	3	84	0	30625	351	2852	374	0	0	4	1	0	
0	1	3	6	15	16	20	31	33	39	4	5	7	10	11	17	30	34	36	38	1	2	54	150	253	0	941	1548	469	5	1	0	0	
0	3	13	18	19	22	28	34	36	39	1	2	5	14	23	25	29	32	37	38	3	3	91	269	0	18845	1384	0	2691	0	5	3	0	
4	5	10	11	23	24	27	32	35	36	1	7	8	12	13	18	29	30	31	39	1	0	83	624	284	0	1127	0	17	8	1	1	0	
2	3	7	8	15	22	25	26	28	36	4	6	11	13	19	20	27	32	33	39	3	0	69	2987	1573	854	35560	5	0	39	4	4	0	
3	4	11	12	15	17	20	21	28	33	0	2	5	10	14	18	19	25	31	34	0	1	17	0	10997	2008	1122	0	694	0	21	0	0	
9	10	13	18	19	23	25	26	30	38	1	2	3	5	7	14	15	22	29	36	2	2	72	643	654	4720	0	344	0	54	27	21	0	
1	11	13	16	24	26	29	33	36	38	0	3	14	15	27	31	32	35	37	39	1	3	53	0	1033	970	20086	0	87	8	2	1	0	
1	8	11	17	19	21	25	29	32	38	2	3	5	6	9	16	22	24	30	34	3	1	63	346	5990	340	387	0	128	0	40	5	0	
0	1	13	14	27	29	31	32	33	34	3	4	15	16	18	22	25	28	37	38	0	2	23	0	0	0	0	0	7	0	3	0	0	
2	6	7	17	23	25	27	35	36	39	5	9	12	14	15	16	20	29	33	34	2	0	76	2115	2437	211	3519	0	66	0	2	3	0	
8	10	11	17	18	21	24	28	37	39	0	2	4	5	7	12	20	25	32	35	1	1	69	0	392275	0	6902	9	84	0	2	1	0	
7	10	19	20	24	26	27	32	34	38	2	9	12	13	15	17	23	29	35	39	3	2	81	612	573	0	16189	0	108	2	1	0	0	
1	5	6	9	10	14	23	29	37	39	7	12	21	22	26	30	34	35	36	38	0	3	66	152	0	11593	0	6099	1129	19	0	12	0	
1	5	11	14	18	21	22	25	27	38	9	10	15	17	24	26	31	33	36	39	1	0	51	4102	114	395	0	11	0	3	6	4	0	
0	1	7	11	14	19	28	34	35	37	4	8	12	13	23	24	26	27	29	31	3	1	77	112	2593	0	239	0	79	7	4	2	0	
0	8	10	16	19	20	30	31	32	36	1	9	11	13	17	21	23	24	28	38	3	2	63	156	402	58940	0	1483	12	7	1	1	0	
0	2	6	17	23	25	32	33	37	38	4	12	15	20	21	24	26	28	31	35	3	3	40	1140	373	103	0	0	266	4	0	1	0	
1	9	11	15	16	19	21	26	32	39	0	4	5	6	10	14	22	29	35	36	3	3	62	305	0	35927	0	315	75	4	0	1	0	
0	1	6	17	18	24	26	27	28	30	2	4	11	19	29	31	33	36	37	38	3	0	94	1215	0	1517	0	0	48	34	11	5	0	
3	6	7	28	30	31	34	37	38	39	0	2	10	12	16	23	26	27	32	35	2	3	17	0	200475	2834	4968	3096	0	4	2	1	0	
2	3	5	8	17	21	26	32	35	38	6	7	11	13	15	18	25	27	33	36	3	0	26	1339	23941	5979	0	349	34	9	1	0	0	
6	8	9	11	14	23	24	27	33	37	0	1	2	3	4	5	13	16	17	39	3	1	19	630	50499	0	13082	1687	64	0	15	85	0	
2	12	15	18	22	24	25	29	31	38	0	3	6	9	16	26	27	28	34	36	0	1	73	467	0	38493	320	401	46	6	0	0	0	
5	6	7	9	13	14	19	26	35	39	2	3	4	8	12	16	18	20	25	29	1	2	101	277	7691	92	0	114	14	0	1	0	0	
9	10	14	19	20	22	24	28	31	33	0	4	7	11	21	23	25	29	30	39	3	3	78	297	0	0	22784	181	0	1	0	1	0	
3	4	9	14	15	19	21	28	31	38	18	24	26	29	30	32	33	34	35	37	3	0	98	1552	0	0	227	28	0	7	0	0	0	
2	12	14	21	22	26	27	31	38	39	3	8	13	15	16	20	23	25	33	37	3	1	56	568	0	1451	0	663	33	2	0	1	0	
0	1	8	9	13	15	16	17	18	30	11	20	21	26	28	32	33	34	35	37	3	2	58	1790	1589	371	25228	2	37	1	1	0	0	
