Mode: 21 #Games: 1000
p0_0	p0_1	p0_2	p0_3	p0_4	p0_5	p0_6	p0_7	p0_8	p0_9	p2_0	p2_1	p2_2	p2_3	p2_4	p2_5	p2_6	p2_7	p2_8	p2_9	trump	first	fp	t_t0	t_t1	t_t2	t_t3	t_t4	t_t5	t_t6	t_t7	t_t8	t_t9
2	5	7	10	13	15	17	20	21	23	6	12	16	19	24	26	27	29	37	39	0	0	44	3345	516	244	3621	86	0	2	1	0	0	
9	11	13	17	19	22	27	31	34	35	0	2	7	8	23	24	25	28	37	39	0	1	76	446	20328	738	215	413	18	0	0	7	0	
6	7	11	13	16	22	23	27	28	34	1	8	9	10	17	20	21	31	36	37	3	2	29	286	126	134	6931	0	16	2	1	1	0	
6	10	18	20	21	23	25	32	33	35	1	7	9	13	17	19	27	30	34	37	2	3	58	121	147	0	5872	217	12	2	1	0	0	
2	6	18	20	22	24	30	32	33	34	5	11	12	15	16	17	19	23	31	38	0	0	42	781	212	0	18151	71	0	3	1	0	0	
0	1	3	4	14	21	24	26	27	38	2	6	8	15	25	29	31	32	34	36	3	1	42	410	363	419	283	0	101	5	0	1	0	
4	6	9	15	21	27	33	34	35	38	10	11	12	13	20	23	24	28	31	39	1	2	64	215	5735	0	342	3	106	4	1	1	0	
6	10	16	23	24	25	32	34	36	37	2	3	4	7	8	19	20	21	26	31	3	3	72	128	0	796	292	145	0	4	1	1	0	
1	4	10	12	13	28	29	31	36	38	2	3	5	7	18	19	20	24	32	37	3	0	64	466	0	22528	0	305	0	3	2	3	0	
0	3	4	16	20	22	25	29	32	37	2	9	10	12	15	19	23	31	33	38	1	1	88	66	0	123694	0	0	0	18	2	1	0	
0	1	2	7	8	10	22	27	37	39	4	12	13	18	26	28	32	35	36	38	0	2	89	214	241	0	3589	456	0	43	3	0	0	
6	11	16	17	18	23	27	28	29	37	2	3	5	7	12	13	15	26	30	39	0	3	80	635	15356	11208	0	983	46	0	1	1	0	
3	8	10	14	17	28	33	35	37	39	0	12	18	20	21	23	25	30	31	32	0	0	18	1106	118	3469	503	31	0	3	2	1	0	
2	12	16	18	20	25	30	33	37	39	5	6	7	11	23	24	26	27	31	34	2	1	68	0	1352	715	581	8	121	3	0	0	0	
1	7	8	11	13	15	18	29	30	33	4	10	14	16	17	20	24	26	31	39	1	2	76	745	511	583	391	0	59	5	2	1	0	
1	4	5	7	11	24	26	27	31	38	2	9	10	17	18	19	20	25	30	39	1	3	93	0	670	921	642	47	6	2	0	1	0	
0	2	15	16	18	20	25	31	32	39	6	13	22	30	33	34	35	36	37	38	1	0	73	472	0	594	0	1073	0	3	2	0	0	
7	13	20	24	27	28	29	33	35	38	14	16	22	23	25	30	34	36	37	39	0	1	0	1236	297	0	1489	6818	128	19	2	1	0	
0	2	7	9	16	18	21	29	37	38	3	6	14	20	22	23	24	27	32	34	2	2	107	173	0	10991	0	852	13	0	3	1	0	
0	7	10	11	14	28	29	33	35	36	13	16	17	19	20	22	24	27	38	39	3	3	78	78	0	59765	209	73	0	17	1	1	0	
5	6	10	12	18	19	23	29	31	37	0	1	2	11	14	15	20	27	30	35	1	0	97	680	162	0	742	463	63	14	0	2	0	
3	4	6	9	11	18	19	20	30	34	1	5	7	12	15	16	21	24	26	39	3	1	22	120	447	5168	269	196	0	4	0	1	0	
2	6	7	12	21	23	25	26	30	34	5	8	22	24	27	29	31	32	33	37	1	2	15	281	344	97	83	0	0	3	1	1	0	
11	17	18	22	23	31	35	36	37	38	4	5	9	10	19	21	25	26	29	32	1	3	40	646	17813	0	1104	1162	357	39	3	1	0	
2	7	12	15	16	21	22	23	25	34	10	14	17	20	24	27	30	32	38	39	1	0	40	1036	1448	0	1115	0	45	8	2	1	0	
3	4	7	14	20	21	23	25	28	30	0	2	11	26	29	32	34	35	36	38	3	1	72	0	2836	0	45246	313	0	10	2	1	0	
1	2	10	14	19	22	25	29	33	35	0	4	11	12	15	16	24	26	38	39	3	2	51	189	120	1760	0	0	0	5	2	0	0	
2	6	16	17	23	25	28	29	35	38	1	3	7	8	9	13	18	20	26	30	1	3	55	247	3590	265	0	1307	0	23	0	1	0	
9	13	16	19	22	23	24	29	33	34	0	6	11	14	20	25	28	36	37	39	3	0	61	792	0	341	68	595	65	2	1	2	0	
2	5	9	13	20	21	29	30	32	37	0	12	14	17	23	31	33	35	38	39	1	1	75	196	14559	0	469	4	15	0	2	1	0	
2	8	9	18	22	24	30	33	36	38	1	4	6	10	11	13	14	34	35	39	0	2	95	0	43228	99	113	0	6	3	0	1	0	
11	16	18	24	27	30	32	34	36	38	0	3	5	7	9	14	17	22	26	33	3	3	72	852	737	1175	1275	0	8	0	1	2	0	
11	16	19	20	21	25	28	29	32	33	4	9	10	14	15	23	24	34	35	38	0	0	36	1732	6902	0	0	697	18	5	2	0	0	
2	6	7	15	19	21	24	27	29	36	1	4	5	12	16	20	22	26	30	31	2	1	70	0	24145	149	667	400	17	3	2	1	0	
1	5	7	11	22	25	27	31	34	37	4	6	8	13	18	19	21	23	24	39	0	2	79	152	159	0	792	203	0	6	0	1	0	
7	11	16	18	21	25	28	33	35	39	1	3	4	8	14	19	20	23	26	32	1	3	42	225	183	0	11088	256	14	4	2	1	0	
0	11	12	13	20	24	26	28	37	39	5	7	9	15	19	23	25	27	36	38	1	0	67	732	4817	64	0	6	14	10	0	1	0	
8	12	19	23	25	27	32	35	36	38	1	3	4	5	7	11	17	24	30	31	2	1	61	214	5414	0	474	0	156	3	0	1	0	
3	5	14	15	18	19	26	28	33	37	1	2	6	7	10	21	24	25	35	39	1	2	72	202	0	188	0	757	27	4	2	1	0	
6	13	19	21	22	26	28	33	34	35	3	4	8	14	15	23	24	31	36	38	0	3	61	186	0	12460	0	279	31	15	0	1	0	
0	7	9	27	28	29	32	33	35	38	3	4	8	12	16	19	20	30	36	39	2	0	120	808	13566	0	31708	154	3	2	0	1	0	
1	6	12	16	17	20	21	22	28	36	0	2	15	19	27	29	31	34	37	38	3	1	72	143	0	0	682	428	29	2	1	0	0	
0	1	13	20	21	23	26	30	33	36	3	7	9	16	17	24	29	31	32	34	1	2	5	113	225	0	138	0	17	2	1	1	0	
5	14	16	19	25	26	28	29	33	39	4	7	10	12	15	18	22	27	31	35	1	3	106	151	0	36336	14114	602	20	9	2	1	0	
3	5	10	15	17	21	23	24	27	28	0	1	8	11	13	20	25	29	32	35	0	0	55	1674	14885	249	0	434	3	0	2	2	0	
0	1	7	9	17	20	22	23	32	35	4	8	12	13	18	21	24	27	29	30	0	1	67	0	12634	1453	51685	0	28	27	0	1	0	
4	12	13	18	19	21	26	33	35	37	1	8	10	14	15	17	24	30	32	39	1	2	84	498	7366	0	1479	532	55	5	2	0	0	
1	6	12	15	20	25	27	31	35	37	2	4	9	10	22	23	26	28	30	36	0	3	76	209	0	730	58571	314	33	6	0	0	0	
1	3	6	12	14	19	32	34	36	37	4	9	10	15	17	20	22	24	26	29	2	0	77	2521	779	364	593	770	50	8	2	1	0	
1	4	5	15	16	22	27	28	29	30	9	10	12	14	19	20	23	31	33	36	0	1	53	0	600	671	7897	6	31	3	2	2	0	
1	2	4	6	16	20	26	32	33	37	0	8	9	10	14	19	23	27	34	38	2	2	44	0	12718	160	238	533	6	0	0	0	0	
4	5	8	14	23	24	25	30	32	33	1	9	10	11	12	13	21	26	35	37	3	3	31	92	173	1048	0	295	47	3	2	1	0	
4	10	11	12	14	18	21	24	33	34	0	5	7	17	19	23	27	32	38	39	0	0	44	526	0	0	0	345	15	0	1	1	0	
4	6	7	10	12	18	20	26	35	39	1	2	5	8	9	14	15	17	29	33	2	1	81	148	0	35572	13797	0	25	3	1	0	0	
2	11	12	13	15	29	31	35	36	38	1	8	10	14	19	22	25	26	30	32	2	2	39	0	1111	24741	2115	3760	100	15	2	1	0	
0	3	7	10	14	17	23	25	30	32	4	9	11	13	18	20	22	26	31	38	3	3	47	129	1768	0	185	112	4	3	0	0	0	
3	5	6	9	10	14	24	29	35	36	0	2	7	11	12	22	25	32	34	37	2	0	55	832	0	411	387	0	69	2	1	0	0	
11	13	15	18	23	27	29	30	32	36	1	7	8	9	10	17	22	33	34	38	3	1	84	342	29812	1777	204	231	19	6	2	1	0	
2	4	8	14	17	18	22	27	28	37	9	10	19	23	25	26	29	34	38	39	0	2	62	327	288	254	10349	0	47	0	1	1	0	
0	4	6	10	16	17	22	28	35	36	2	5	7	8	11	23	24	27	30	31	1	3	9	85	7090	0	137	465	0	3	1	1	0	
0	2	9	16	19	26	30	31	33	34	5	6	12	13	20	21	22	27	28	39	1	0	59	790	2406	127	213	0	57	0	1	1	0	
3	7	9	10	12	16	22	25	32	35	6	8	17	18	20	21	23	24	26	28	0	1	88	638	0	89383	0	435	18	4	1	1	0	
5	7	8	13	14	15	17	18	26	32	0	1	12	16	21	22	25	30	35	38	1	2	85	713	4829	0	9131	397	37	0	1	1	0	
1	3	4	8	9	12	13	14	18	24	5	7	11	16	17	22	23	36	37	38	1	3	95	503	1645	333	0	2009	53	36	0	2	0	
1	3	12	14	19	20	27	29	31	39	2	4	9	15	16	17	18	30	32	34	0	0	56	950	116	298	0	4326	12	0	2	0	0	
0	9	10	12	20	23	24	26	34	36	4	5	8	11	14	22	27	31	35	38	0	1	65	118	0	18742	135	0	6	0	2	0	0	
1	3	9	10	17	21	28	30	31	34	8	11	12	13	25	27	29	33	35	39	0	2	70	158	0	0	132	0	127	6	1	0	0	
3	6	11	20	21	22	26	28	36	38	2	8	9	10	13	18	25	32	33	35	3	3	63	260	0	632	0	82	22	1	1	1	0	
0	5	19	21	22	23	27	29	32	33	1	2	7	9	10	13	15	16	24	28	1	0	40	839	14651	526	1456	453	45	0	1	2	0	
0	8	15	16	21	25	31	32	34	37	1	2	3	4	5	6	7	12	23	24	2	1	0	119	0	413	538	329	20	0	1	1	0	
1	4	6	7	9	10	22	23	31	34	5	15	17	19	21	24	26	33	36	38	3	2	68	0	0	0	1675	7	44	24	1	1	0	
8	9	22	23	27	30	33	35	36	37	0	2	3	5	6	16	24	25	32	34	3	3	59	322	0	0	602	0	122	15	1	1	0	
4	13	16	18	22	23	28	31	36	38	7	8	12	14	19	21	29	32	33	34	2	0	74	1239	4782	0	106	0	3	0	1	1	0	
0	1	4	12	13	17	18	21	30	35	6	7	8	11	20	24	28	32	34	38	3	1	50	111	8176	165	0	0	6	4	1	1	0	
1	3	8	10	13	20	22	23	25	39	5	6	11	14	15	16	18	19	29	35	3	2	41	188	374	85	0	439	216	7	2	1	0	
0	6	16	18	26	29	35	36	38	39	3	4	7	13	14	21	23	25	27	31	3	3	58	66	0	235	0	727	0	8	1	1	0	
0	4	7	11	13	14	19	30	37	38	1	6	8	9	10	20	26	28	32	36	2	0	73	896	9472	542	1276	595	30	2	0	1	0	
3	4	8	13	16	23	24	32	33	37	1	2	5	15	19	20	27	29	30	34	1	1	47	141	0	112	408	633	13	5	0	1	0	
0	8	9	12	15	19	30	31	33	38	1	2	6	11	13	16	17	26	27	32	0	2	83	337	7411	0	989	6	12	5	2	1	0	
0	1	4	5	6	9	16	17	34	39	7	10	11	20	21	23	31	32	36	37	3	3	78	2162	1522	0	45809	0	115	7	1	1	0	
9	11	17	19	21	23	27	36	38	39	0	3	10	14	15	22	24	25	29	34	1	0	70	448	127	0	2158	4	0	6	1	1	0	
6	10	11	12	16	17	31	32	36	37	3	5	7	13	20	24	26	35	38	39	3	1	53	528	13951	888	675	7	55	3	0	1	0	
7	10	14	17	18	20	25	26	33	39	0	3	4	9	15	19	22	23	28	30	3	2	73	0	29835	410	7686	1116	16	2	0	1	0	
0	5	9	10	13	17	20	21	22	30	4	8	16	18	24	25	31	33	36	38	0	3	33	150	111	219	83	0	0	0	2	0	0	
4	8	13	14	19	24	30	32	35	37	1	2	6	7	10	21	22	23	27	29	3	0	69	807	0	0	151	735	19	0	1	1	0	
1	3	6	22	23	24	27	28	32	38	0	2	5	9	14	16	17	25	29	39	2	1	68	352	162	0	0	0	78	3	1	1	0	
6	12	13	14	15	16	18	19	26	38	2	7	11	21	22	25	30	32	34	36	0	2	27	0	126976	65528	1036	6	0	4	1	1	0	
1	7	12	18	24	25	26	30	33	37	0	3	9	13	17	19	23	29	35	39	3	3	90	109	0	641	505	0	40	4	2	0	0	
2	4	5	6	8	12	22	32	34	35	1	3	13	17	19	21	23	29	33	37	3	0	49	2307	742	0	902	0	97	3	0	1	0	
6	11	12	16	20	25	26	28	31	32	1	5	10	18	19	21	22	23	24	37	1	1	30	136	157	0	133	253	0	4	0	1	0	
0	1	5	13	15	16	20	24	26	35	4	7	8	12	18	19	28	32	34	38	1	2	49	90	5089	0	116	0	0	20	2	0	0	
7	8	10	18	20	24	26	30	32	38	0	1	11	12	13	14	21	22	27	28	3	3	37	100	0	16821	1179	1445	0	15	2	1	0	
0	9	10	12	16	23	28	29	30	37	2	7	8	17	21	24	26	31	32	39	3	0	67	1083	0	487	652	192	0	8	1	1	0	
2	4	6	11	14	16	32	35	36	39	1	7	8	10	15	18	22	25	33	38	2	1	22	392	14361	668	10417	346	66	7	0	0	0	
1	4	5	21	22	24	27	32	38	39	6	13	16	18	19	20	29	31	33	37	1	2	110	1041	360	638	201	46	3	0	1	0	0	
1	3	14	17	20	23	30	33	37	38	4	10	11	16	19	21	26	29	31	34	0	3	40	296	0	59	199	101	0	3	1	0	0	
2	8	12	16	17	29	33	35	36	38	0	1	4	5	13	15	27	30	34	39	1	0	19	739	238	0	21556	4	0	5	1	1	0	
2	3	13	14	16	22	24	27	37	38	5	7	9	11	17	18	21	29	33	34	2	1	47	76	1122	64	0	5	8	4	1	0	0	
1	3	9	10	11	30	33	34	38	39	0	5	6	7	15	20	21	25	27	29	1	2	45	370	0	0	793	748	10	2	1	0	0	
0	2	3	6	12	20	21	23	31	39	1	7	11	18	24	25	28	30	32	37	0	3	62	0	601	0	6018	700	15	2	0	1	0	
3	9	11	12	15	19	23	24	33	39	1	4	13	14	16	22	25	26	29	38	2	0	83	781	0	28316	933	7	7	5	2	0	0	
0	2	6	16	20	21	27	29	34	35	1	3	9	11	14	17	26	30	33	37	2	1	86	171	109	0	31926	1612	51	0	2	1	0	
7	14	19	22	29	30	34	35	38	39	8	10	18	23	24	25	27	33	36	37	2	2	82	503	646	6036	165	0	23	7	3	1	0	
3	9	12	17	19	21	28	32	35	37	6	7	8	15	18	22	25	29	30	36	3	3	80	199	100	0	15148	52	0	2	0	1	0	
12	17	20	27	28	29	31	32	33	34	1	2	3	4	5	14	15	19	25	39	2	0	92	672	4654	118	0	68	26	1	0	0	0	
6	9	14	18	29	33	35	37	38	39	2	7	10	16	17	19	21	22	32	36	3	1	120	439	101	38	0	7	0	20	1	1	0	
0	4	7	11	24	25	29	34	35	36	1	2	6	8	9	12	15	18	30	38	2	2	40	0	1182	24629	0	8	36	6	2	1	0	
2	5	6	9	12	20	24	27	29	32	0	10	14	22	25	30	31	34	38	39	3	3	97	609	0	766	661	0	48	3	2	0	0	
0	11	19	21	23	27	30	31	32	34	4	7	10	14	20	22	26	28	29	39	3	0	34	763	295	0	1020	0	89	6	7	1	0	
3	6	14	20	21	24	27	37	38	39	7	9	10	18	22	25	29	33	34	36	0	1	61	220	0	260	74	0	7	4	0	0	0	
1	4	13	15	17	20	23	28	34	38	5	7	11	12	22	24	31	32	33	36	3	2	55	132	4412	180	79	0	8	0	1	0	0	
1	8	13	20	22	27	28	31	33	37	2	3	9	11	12	17	21	24	25	32	3	3	36	258	0	40765	35818	284	0	3	0	1	0	
3	4	5	8	22	23	24	27	38	39	0	2	6	9	14	18	26	28	31	35	0	0	116	855	425	554	91	174	0	4	0	1	0	
3	5	14	19	21	22	24	25	29	37	1	4	7	8	12	13	16	18	26	31	1	1	83	206	0	0	15792	1924	38	13	2	0	0	
6	9	12	14	15	17	18	21	23	35	0	2	5	7	11	13	16	26	28	39	0	2	105	343	148	0	0	271	0	20	3	1	0	
0	4	11	24	25	29	33	35	36	38	7	12	14	16	17	18	21	28	32	34	2	3	40	480	12856	205	3976	0	57	3	0	1	0	
0	4	18	19	21	28	31	33	37	39	2	5	10	12	13	15	20	27	30	38	2	0	65	1231	0	49625	1035	234	0	10	2	2	0	
0	2	3	4	7	8	14	18	23	26	1	10	15	17	20	24	25	28	33	37	3	1	38	313	0	25375	543	0	46	2	1	1	0	
1	2	5	19	28	30	31	34	35	36	9	12	15	16	18	20	21	23	32	39	2	2	84	0	34744	575	1121	1085	74	0	0	1	0	
6	7	9	13	18	23	25	34	36	37	2	5	8	10	16	19	21	28	33	39	2	3	77	90	0	185	0	7	46	1	2	0	0	
7	12	18	19	21	22	30	34	35	37	1	5	10	13	15	16	24	25	28	39	2	0	64	813	322	223	0	7	119	0	2	1	0	
0	1	5	8	22	23	25	29	30	32	2	4	9	10	12	14	31	35	37	39	3	1	70	580	334	10408	989	0	31	6	2	1	0	
3	4	11	14	19	21	23	25	30	37	7	8	10	12	24	27	28	32	34	39	0	2	53	199	4480	0	96	0	0	0	2	1	0	
2	5	9	14	20	25	27	28	30	37	0	7	10	12	15	17	18	29	35	39	0	3	58	243	0	561	3222	164	0	3	1	1	0	
3	4	5	9	13	14	23	24	25	27	0	1	16	20	21	22	30	31	33	35	3	0	55	984	1149	401	376	1	0	0	2	1	0	
0	8	12	20	23	25	26	29	31	32	5	11	13	14	15	17	18	21	27	35	0	1	23	309	0	2675	243208	0	74	13	2	1	0	
0	1	2	3	13	16	24	28	29	35	6	14	15	23	30	31	33	34	37	39	1	2	35	0	94623	0	2442	7	48	0	2	1	0	
0	5	18	21	23	24	25	26	30	33	3	4	6	8	15	22	29	31	32	38	1	3	28	0	16456	0	1155	0	45	5	2	1	0	
0	3	4	12	14	27	30	31	33	35	1	9	10	16	18	20	21	25	34	37	2	0	25	845	0	0	3121	229	15	0	0	1	0	
4	6	11	17	21	24	26	28	36	38	0	1	3	8	9	13	14	20	33	37	1	1	48	431	230	0	1167	796	20	0	0	1	0	
0	1	6	8	9	17	18	22	24	32	7	13	14	21	25	26	28	30	33	36	3	2	52	0	127	0	837	72	0	12	2	1	0	
1	4	11	15	24	25	27	34	36	37	7	8	12	22	23	29	31	32	35	38	2	3	76	231	7868	135	0	141	107	5	2	1	0	
0	2	5	7	8	12	14	20	34	36	4	10	15	24	25	27	28	29	31	32	0	0	71	1772	0	542	0	1360	32	21	2	0	0	
1	6	7	13	14	19	20	25	27	29	8	12	18	21	22	26	34	35	37	39	0	1	80	560	0	659	275	105	6	2	1	1	0	
1	2	5	6	10	20	21	27	28	31	7	8	12	13	14	18	19	34	38	39	1	2	83	0	0	1148	1039	2046	57	3	1	1	0	
4	16	20	27	28	32	34	35	36	39	2	3	8	13	17	21	25	29	31	37	1	3	43	754	26635	290	0	7	15	3	1	1	0	
9	14	15	16	22	24	25	27	30	39	7	8	10	11	17	19	21	28	34	37	0	0	70	1762	0	118462	373	3	31	0	1	0	0	
4	5	6	7	8	14	16	19	25	33	12	20	21	24	28	32	35	36	37	38	1	1	81	487	19427	0	27591	1088	316	13	0	1	0	
0	3	8	9	18	22	24	26	32	35	1	6	16	19	20	23	25	29	31	37	1	2	79	187	423	682	5296	0	14	0	1	1	0	
6	7	9	18	26	28	31	33	35	36	2	3	4	10	11	13	16	23	25	27	3	3	58	165	4181	163	178	0	113	1	1	0	0	
1	10	11	12	14	15	25	31	32	33	0	3	13	16	19	22	27	30	37	38	0	0	38	372	258	0	0	139	0	0	1	1	0	
2	3	5	10	21	26	27	28	32	38	4	8	9	12	15	20	23	33	36	37	3	1	63	325	150	299	358	0	0	7	2	1	0	
0	6	7	10	11	16	22	28	30	34	3	9	12	17	20	21	29	33	37	38	3	2	39	189	78	225	106	304	0	7	0	1	0	
1	5	10	14	17	23	28	29	31	38	2	3	4	9	13	19	26	27	32	34	2	3	81	181	5552	49	138	2	1	0	2	1	0	
2	5	8	17	19	20	23	29	34	38	0	4	9	12	15	21	24	25	30	31	0	0	101	563	978	0	139	86	0	8	0	1	0	
1	2	7	14	15	19	21	23	26	32	0	8	10	16	27	30	33	34	35	37	2	1	25	324	7967	0	101	217	0	1	1	0	0	
1	5	13	14	16	21	29	31	32	33	3	4	6	8	9	15	17	19	23	27	0	2	91	110	0	0	0	1005	43	0	2	0	0	
0	3	6	12	17	18	33	37	38	39	2	8	9	11	13	21	23	27	28	35	1	3	91	291	8677	0	949	836	17	4	1	1	0	
2	6	16	17	18	24	30	31	36	39	4	7	10	11	20	21	26	27	35	38	0	0	50	1326	0	189	7914	0	12	2	1	1	0	
2	11	15	16	17	24	30	31	33	35	1	3	5	9	10	18	25	29	34	38	0	1	66	599	531	286	0	589	0	4	0	1	0	
6	11	12	13	18	22	24	28	31	35	2	4	20	21	25	30	32	33	34	37	0	2	18	671	0	876	1161	248	2	0	2	0	0	
1	12	13	14	18	19	20	23	37	38	9	15	16	17	21	22	25	28	33	35	1	3	75	116	0	601	0	0	84	13	2	1	0	
1	3	12	13	15	19	23	25	29	31	0	5	10	16	20	22	28	35	37	39	3	0	80	1461	830	523	126	0	21	3	2	0	0	
1	4	12	13	18	33	34	35	37	38	2	10	11	15	19	21	25	30	31	39	0	1	50	330	1943	592	0	1052	83	5	1	0	0	
0	6	8	11	14	23	24	31	33	38	1	9	19	20	21	26	29	32	34	35	1	2	49	0	0	848	66591	0	27	5	2	1	0	
5	8	9	11	14	17	26	30	33	37	1	3	13	15	16	20	24	27	28	36	0	3	71	252	244	5037	0	698	6	0	2	1	0	
3	5	7	9	14	15	24	26	30	32	1	2	17	20	22	23	28	29	35	38	2	0	45	972	141	0	398	0	16	5	2	0	0	
1	3	4	11	20	28	30	34	35	36	8	13	15	21	23	24	26	27	31	38	3	1	58	210	0	612	762	7	3	0	1	0	0	
2	3	6	7	18	27	28	34	35	37	4	5	10	16	21	24	29	30	32	38	1	2	55	169	1878	0	259	0	41	0	3	1	0	
1	8	13	14	20	23	29	30	32	39	3	7	11	15	17	18	19	22	34	38	0	3	76	194	113	0	0	430	0	17	2	1	0	
0	5	9	11	14	16	19	27	28	35	3	10	12	15	18	23	34	36	38	39	1	0	102	829	6417	2232	0	0	69	2	1	1	0	
5	9	10	14	15	17	22	26	31	37	0	7	13	18	19	24	28	32	34	38	3	1	85	117	226	0	18864	234	0	25	1	1	0	
0	7	8	18	19	23	26	34	36	37	1	2	5	6	9	10	11	13	17	20	3	2	47	78	0	361	367	263	4	0	0	1	0	
1	3	5	8	9	11	20	22	27	28	4	13	14	23	25	26	32	33	36	39	1	3	10	1066	30871	629	639	0	8	1	2	1	0	
0	1	2	3	10	17	18	19	24	37	9	12	14	15	16	23	28	29	32	38	2	0	110	849	359	0	18503	0	9	2	1	0	0	
2	10	16	19	22	23	26	28	35	38	1	3	7	9	12	20	25	27	34	37	3	1	47	168	5146	266	0	670	6	5	1	0	0	
2	5	7	9	12	13	15	19	31	35	8	16	18	23	24	25	26	27	29	38	3	2	40	1172	162	1768	3482	1468	69	0	1	1	0	
0	12	16	17	19	22	24	32	33	39	5	9	18	20	21	25	34	35	36	37	0	3	32	419	0	1602	504	788	0	13	2	0	0	
2	8	11	14	20	22	24	34	36	37	6	7	10	12	23	25	27	30	33	35	3	0	49	1008	1313	0	122	0	93	3	0	1	0	
3	5	9	14	16	18	27	30	31	35	2	7	8	17	19	23	28	34	36	38	2	1	36	351	83	0	987	252	10	0	0	1	0	
6	7	15	18	19	22	24	25	31	36	4	5	9	11	12	17	27	33	34	37	3	2	50	235	1848	0	220	144	5	2	0	0	0	
2	4	9	16	18	21	26	30	33	35	3	11	14	20	22	24	28	31	34	36	0	3	30	264	2231	223	0	8	56	4	0	1	0	
0	4	6	7	8	17	23	24	25	26	5	9	14	18	27	28	29	34	35	37	1	0	45	1674	28281	1447	495	0	0	8	1	1	0	
1	7	9	11	18	19	24	30	31	35	0	3	4	10	13	20	27	32	36	39	3	1	72	176	4178	0	0	561	36	2	1	0	0	
11	14	17	23	27	30	32	34	36	39	0	4	6	9	12	13	16	19	21	31	2	2	41	2097	238	0	1608	303	379	7	1	1	0	
1	5	10	12	18	25	27	30	34	37	0	3	8	14	16	17	20	29	36	39	3	3	58	109	109	0	189	0	36	7	1	0	0	
5	7	8	12	13	14	16	20	24	28	1	2	4	6	10	15	19	26	31	33	2	0	18	1380	2360	334	330	0	30	3	1	0	0	
3	6	7	12	16	20	25	26	31	38	1	8	11	13	19	23	24	34	36	37	3	1	51	60	0	230	104	102	0	5	1	0	0	
1	2	11	18	20	22	25	32	34	37	0	5	7	8	9	13	14	16	19	38	0	2	96	245	0	0	747	845	0	7	1	1	0	
2	3	6	12	14	18	19	24	28	31	0	5	7	9	11	25	29	33	34	38	0	3	86	0	665	766	0	432	12	2	0	1	0	
0	6	11	15	20	24	28	30	33	38	1	4	5	10	16	19	21	22	29	39	0	0	69	855	0	514	12756	0	37	3	0	1	0	
0	7	15	16	23	24	27	30	32	37	2	8	9	10	11	13	20	31	33	34	1	1	37	57	178	0	245	98	0	1	1	1	0	
0	6	9	16	21	23	26	29	38	39	3	8	13	14	15	18	19	28	32	35	0	2	71	66	0	20056	432	0	297	3	1	1	0	
6	11	13	17	18	19	27	31	32	38	3	5	7	8	15	20	22	24	29	33	1	3	105	214	125	0	32474	8	0	3	2	1	0	
3	13	16	18	22	23	25	33	37	39	0	5	7	8	9	27	28	29	34	38	1	0	79	724	7747	0	164	143	22	6	0	1	0	
0	2	5	13	16	20	27	28	34	38	1	4	6	7	10	15	18	23	29	30	1	1	52	593	858	0	548	3	48	0	2	1	0	
3	4	14	16	18	20	27	36	37	38	1	2	10	11	12	13	22	25	34	39	1	2	88	161	0	291	68	0	12	0	1	1	0	
3	4	11	13	14	20	29	32	33	35	15	18	21	25	28	31	34	36	37	39	0	3	50	0	0	403	216	0	5	0	1	1	0	
9	12	13	22	28	29	32	34	35	36	1	5	6	8	17	23	31	33	37	39	1	0	58	706	289	0	0	0	0	10	2	2	0	
1	3	8	13	18	19	29	32	35	37	0	5	6	10	16	21	24	33	34	38	2	1	39	188	3478	272	360	3	0	23	0	1	0	
0	1	3	7	16	17	18	21	23	36	2	5	8	11	29	32	34	35	37	38	1	2	37	0	20052	1527	1216	0	443	2	1	0	0	
1	2	10	16	25	26	30	32	33	36	4	6	8	9	13	18	24	31	37	38	3	3	86	257	111	0	388	0	19	4	2	1	0	
1	7	12	13	20	21	22	35	37	38	10	17	18	26	28	30	31	32	33	36	2	0	7	321	95	0	69381	0	0	8	2	1	0	
3	6	14	15	16	18	19	33	34	38	0	1	4	5	10	17	20	24	25	31	1	1	81	855	871	889	1507	8	39	12	2	1	0	
1	2	4	5	6	8	18	22	23	36	7	12	13	20	24	25	27	29	35	38	3	2	11	0	332	1956	0	804	43	5	0	1	0	
3	9	10	14	15	18	20	23	32	38	0	5	7	11	19	21	26	33	37	39	0	3	85	161	0	22914	1390	0	78	4	2	1	0	
10	11	12	16	17	19	26	27	28	29	3	4	6	9	15	23	24	33	38	39	2	0	91	778	1836	602	198	276	12	4	2	1	0	
0	1	7	8	11	18	21	32	33	37	5	6	13	16	17	23	29	30	36	39	0	1	94	258	7526	0	1351	6	45	5	4	1	0	
4	14	16	17	19	21	23	33	35	38	0	2	5	11	12	13	20	26	27	34	1	2	44	739	9841	199	0	7	41	1	0	0	0	
6	9	10	20	24	25	27	28	37	38	1	3	4	8	13	18	30	32	36	39	1	3	67	462	956	0	22337	1474	24	3	2	1	0	
6	19	24	26	27	28	29	30	32	35	0	1	9	12	14	22	23	33	38	39	1	0	65	3340	45146	0	62249	9	18	0	1	1	0	
4	5	13	14	17	21	25	26	32	39	1	2	3	20	22	23	24	29	30	33	1	1	11	105	0	171	447	4	0	10	1	1	0	
2	3	5	8	11	16	28	29	33	39	0	1	6	9	13	18	20	26	31	37	0	2	90	88	0	160	0	6	42	0	2	1	0	
3	11	12	14	18	29	31	32	33	39	5	6	7	10	15	19	20	27	30	35	3	3	71	0	28386	205	5996	187	35	0	2	1	0	
0	1	3	9	12	21	27	31	33	36	2	4	5	7	8	15	16	19	23	25	2	0	13	1174	650	0	0	1650	95	6	0	1	0	
0	1	3	9	13	14	19	23	24	39	5	6	11	16	17	18	21	29	32	38	2	1	78	226	4874	0	0	272	0	15	0	0	0	
8	11	20	25	30	31	32	34	37	38	1	2	3	4	16	17	22	28	33	36	2	2	55	355	479	0	315	6	769	5	1	1	0	
0	2	10	12	13	21	25	26	31	32	6	17	18	20	24	27	29	34	37	38	2	3	83	59	294	148	0	406	0	5	0	0	0	
7	12	15	18	20	23	26	34	36	38	1	4	5	9	10	14	16	21	22	25	3	0	49	871	148	123	0	123	0	0	2	1	0	
3	4	5	11	12	16	24	28	31	34	0	7	10	15	17	23	25	26	30	35	0	1	0	94	61	50	0	208	9	0	1	1	0	
2	8	12	17	20	21	23	27	31	34	6	7	10	13	22	24	25	32	33	35	2	2	46	152	124	207	0	8	0	7	2	0	0	
7	8	10	18	20	21	25	28	29	35	3	11	13	15	16	24	26	31	32	36	1	3	48	351	0	17268	0	1603	32	10	3	1	0	
0	2	7	19	30	33	35	37	38	39	9	12	13	14	15	18	20	23	24	36	1	0	92	3169	86789	30195	755	0	152	0	1	1	0	
1	13	17	27	28	29	31	35	36	37	3	5	6	8	9	11	16	22	33	38	2	1	64	273	12353	0	18464	7284	39	2	1	0	0	
1	2	6	10	13	16	30	33	37	39	0	4	9	11	12	15	23	28	32	35	3	2	90	415	580	0	1340	7	11	0	1	1	0	
4	7	14	25	29	33	35	36	37	38	2	11	16	19	22	27	28	31	32	34	2	3	105	291	0	460	227	516	0	7	2	0	0	
0	1	2	11	13	16	21	26	34	39	3	9	18	19	23	28	33	35	36	38	3	0	116	469	121	0	0	28	0	0	0	1	0	
1	2	6	10	12	27	28	29	30	35	4	5	7	8	19	31	33	37	38	39	1	1	72	96	840	0	696	595	0	4	2	0	0	
4	8	9	12	14	18	19	30	34	39	5	6	10	13	15	16	22	23	32	36	0	2	116	250	7367	302	5863	396	13	0	2	0	0	
2	5	8	9	10	11	12	13	23	38	3	4	7	14	17	19	20	21	26	27	3	3	52	396	3117	0	27366	1412	8	0	0	0	0	
5	7	12	13	14	16	18	22	26	27	9	10	17	19	23	25	31	34	36	37	3	0	82	1150	634	442	148	3	16	2	2	8	0	
0	7	11	13	15	19	23	28	29	37	3	4	14	16	20	24	25	26	30	38	3	1	54	0	27422	6520	2178	483	1082	0	1	1	0	
2	4	7	13	17	20	24	25	28	30	8	9	10	14	21	22	23	26	29	39	1	2	78	300	0	147	295	391	0	10	2	0	0	
1	4	6	10	11	15	20	24	34	38	8	14	16	17	18	19	25	30	32	39	2	3	36	133	112	0	459	0	93	0	2	1	0	
0	7	8	14	16	26	27	32	38	39	1	10	13	17	22	23	28	30	31	35	2	0	41	786	0	51011	0	288	14	0	3	1	0	
6	7	8	18	19	23	25	28	32	34	3	5	10	11	12	17	20	22	24	30	2	1	66	223	1619	73	0	207	99	0	2	1	0	
14	15	16	19	23	29	32	34	38	39	0	6	8	13	18	22	25	28	31	33	2	2	79	1087	32577	1221	1567	6	61	4	3	1	0	
5	6	18	19	22	26	29	36	37	39	2	4	8	14	17	21	24	25	28	31	0	3	75	102	0	8397	0	74	62	5	2	0	0	
3	5	7	10	12	18	24	30	33	37	9	11	16	19	22	25	26	31	32	36	0	0	34	940	0	110161	2766	1212	200	27	2	0	0	
1	4	9	11	15	17	18	27	28	34	3	5	12	13	19	22	29	31	35	39	0	1	90	95	0	352	302	324	12	10	0	0	0	
6	7	8	12	16	20	21	23	30	34	1	10	13	17	18	24	28	31	36	39	3	2	29	93	0	374	0	757	11	3	1	0	0	
4	5	6	11	25	26	28	29	33	37	0	1	2	7	8	9	24	30	35	39	1	3	9	179	0	464	34173	2676	228	0	1	2	0	
5	8	12	14	15	17	18	28	33	34	0	1	4	6	11	19	23	31	36	38	1	0	93	1659	8422	0	858	1024	149	18	0	1	0	
1	2	10	15	31	33	34	36	37	39	0	5	13	14	17	18	19	21	24	28	0	1	88	0	0	585	838	6	144	8	3	0	0	
1	7	13	14	25	26	29	32	37	38	2	3	17	19	22	23	24	34	36	39	0	2	79	123	0	0	77	0	48	0	2	1	0	
3	4	7	26	27	30	32	33	36	37	1	6	8	9	10	19	20	23	29	34	2	3	86	290	0	30090	758	1162	21	0	2	1	0	
1	10	18	20	24	27	30	31	33	38	0	2	3	8	11	13	17	21	25	34	0	0	38	1359	1137	0	504656	47	2	2	1	1	0	
2	20	22	26	27	28	33	37	38	39	4	5	9	15	19	24	25	29	32	35	3	1	115	1415	1383	0	518	1070	16	3	1	1	0	
1	7	10	13	19	25	29	35	37	38	2	6	8	14	21	23	26	28	31	34	1	2	66	138	0	11530	0	1292	119	0	2	1	0	
6	9	12	20	23	27	29	30	31	37	2	7	13	16	18	22	34	35	38	39	1	3	78	0	156	7152	144	0	12	3	1	1	0	
2	7	9	11	22	23	27	31	33	37	0	3	8	10	15	19	25	26	29	30	2	0	61	1252	716	0	0	352	82	2	1	0	0	
1	6	9	13	17	18	20	23	37	39	0	7	10	21	22	29	31	33	35	36	1	1	44	183	88	0	262	0	19	7	0	1	0	
7	10	13	17	21	22	30	31	34	37	1	4	6	16	19	25	27	28	29	39	3	2	92	0	13707	295	359	5	0	0	2	1	0	
1	3	5	7	9	21	23	27	28	33	8	11	12	16	17	24	29	32	38	39	0	3	120	988	529	0	2557	6	13	3	0	1	0	
1	2	3	15	23	24	25	35	36	39	0	7	8	16	17	20	21	22	26	31	2	0	39	727	471	10206	0	323	111	2	1	0	0	
0	5	11	12	14	15	19	20	27	31	1	18	24	25	26	28	34	35	36	37	0	1	47	216	20573	190	0	87	27	4	2	1	0	
6	8	12	15	17	21	24	25	33	38	11	14	16	18	23	26	27	32	36	37	3	2	45	118	324	364	0	1280	0	14	2	1	0	
0	6	7	9	11	16	20	33	37	38	4	8	18	19	24	25	27	30	34	36	0	3	103	206	7879	272	0	0	6	6	0	1	0	
4	17	19	21	22	23	32	33	35	38	3	5	11	13	18	25	27	29	36	37	3	0	96	856	0	7808	0	262	0	9	1	1	0	
2	5	6	12	17	20	26	30	37	38	0	3	7	9	18	19	21	28	31	39	3	1	100	68	0	299	1181	1648	126	3	1	0	0	
7	8	9	13	19	20	22	26	27	32	0	2	4	10	17	23	28	29	30	33	1	2	72	147	0	22658	774	148	28	0	2	1	0	
1	2	3	15	23	25	26	30	33	38	4	6	8	10	11	14	28	32	35	36	3	3	37	176	66	102	0	106	0	0	2	0	0	
0	6	12	13	19	22	23	33	34	38	3	5	8	14	21	25	28	29	31	35	2	0	54	1073	84	0	295	0	0	3	1	1	0	
1	8	15	18	27	28	30	33	36	39	7	9	10	12	13	20	21	29	31	34	0	1	65	134	10245	71	368	0	3	2	0	1	0	
5	10	13	14	17	22	27	28	29	30	4	6	7	11	19	21	23	24	33	37	0	2	37	0	28070	0	259	994	53	6	1	1	0	
7	8	10	16	27	30	35	36	37	39	1	12	13	14	20	23	26	28	33	38	3	3	86	167	0	22891	0	1781	26	10	2	1	0	
0	6	17	21	23	28	29	33	36	37	1	5	14	18	19	22	24	34	38	39	2	0	102	1907	0	486	512	100	0	4	1	1	0	
14	17	23	25	26	29	32	36	37	39	1	13	15	16	20	21	33	34	35	38	3	1	92	275	0	2001	1062	2857	40	9	1	2	0	
0	7	10	17	20	21	23	25	26	33	2	3	9	14	19	24	28	29	35	39	0	2	80	132	0	849	924	0	1051	12	1	1	0	
7	8	9	10	13	15	25	26	29	33	0	1	3	14	18	20	22	27	28	35	0	3	77	70	220	0	323	4	0	8	1	1	0	
10	12	13	15	16	18	19	21	33	36	1	3	4	6	20	23	27	28	31	39	1	0	116	2158	981	0	4498	8	0	2	2	1	0	
2	10	13	23	24	26	27	29	30	38	0	7	11	15	17	18	21	25	28	36	0	1	13	708	0	1140	577	0	66	9	0	1	0	
0	8	16	22	26	27	33	36	37	38	1	2	7	12	13	17	30	31	32	39	2	2	37	454	8948	742	164	72	8	0	2	0	0	
5	11	12	14	16	20	27	29	35	37	0	3	21	23	24	25	30	32	36	38	1	3	16	217	0	292	184	107	0	3	2	0	0	
9	10	12	14	17	19	20	23	24	25	0	1	6	7	15	26	31	34	36	39	2	0	90	3468	2053	125569	0	1357	0	7	2	1	0	
1	2	7	17	18	21	27	29	38	39	0	8	11	14	15	22	30	33	35	36	1	1	66	124	67	46	341	0	55	0	1	0	0	
1	2	3	4	10	14	15	17	27	30	5	11	16	19	20	23	28	33	36	38	1	2	93	0	23462	0	0	0	14	2	0	1	0	
2	8	11	18	19	23	24	31	34	36	0	3	6	7	9	14	15	17	21	27	2	3	51	167	442	0	5345	0	14	0	1	1	0	
4	10	11	18	23	25	26	29	34	38	8	12	14	16	22	24	27	31	33	37	0	0	37	664	0	0	296	0	117	4	1	1	0	
5	6	8	21	25	26	29	37	38	39	10	12	15	17	20	27	31	33	34	36	3	1	79	239	252	3608	0	9	94	9	1	1	0	
6	11	12	21	26	28	30	32	35	37	8	14	16	22	25	29	31	33	34	39	0	2	0	242	0	62	0	3	1	1	1	1	0	
3	19	24	25	28	29	30	34	35	39	0	2	4	5	7	8	18	20	22	26	3	3	49	303	7403	19234	0	9	133	0	2	0	0	
4	6	9	13	22	24	27	32	35	39	10	12	15	17	23	28	33	34	37	38	0	0	41	970	597	1148	123	414	192	0	2	0	0	
1	5	11	21	22	27	31	33	36	37	0	8	13	14	17	19	28	30	32	39	3	1	113	0	511	23800	0	759	67	0	1	1	0	
3	9	21	25	29	30	33	35	36	37	1	5	6	14	15	16	17	19	26	39	2	2	78	1611	2289	2931	811	209	24	2	1	1	0	
3	7	11	12	17	20	22	25	27	28	8	18	21	23	31	33	35	36	37	39	3	3	85	193	1826	1219	0	639	93	7	2	1	0	
0	1	4	6	9	20	24	25	28	36	2	10	13	15	17	23	32	33	34	39	2	0	56	2208	99410	1542	47444	3625	47	4	2	1	0	
6	9	10	12	13	20	24	26	27	35	8	15	23	28	30	32	33	34	36	37	3	1	69	355	0	404	277	512	35	10	2	1	0	
1	7	12	17	18	19	22	25	28	30	2	4	6	8	20	24	31	33	35	36	3	2	22	194	94	0	229	0	25	6	0	1	0	
12	14	20	29	32	33	34	36	37	38	1	11	16	17	21	23	26	27	30	39	2	3	47	402	0	41143	18942	605	0	5	2	1	0	
2	7	8	12	16	17	18	26	32	35	6	9	11	27	29	30	31	37	38	39	3	0	117	1373	208	16592	0	1965	0	4	2	1	0	
0	12	13	19	26	27	31	35	37	38	2	7	8	9	14	15	17	25	33	39	3	1	120	148	0	44006	13405	0	8	2	1	1	0	
2	14	19	22	23	27	28	29	30	35	8	12	13	16	17	18	21	25	33	37	2	2	78	126	0	611	16217	135	21	4	1	1	0	
1	4	13	15	18	21	23	29	30	39	5	11	16	19	24	27	31	32	33	34	2	3	74	117	240	4933	0	322	0	3	2	1	0	
2	5	11	13	14	18	20	23	25	28	0	9	12	15	16	17	32	33	34	39	0	0	41	1477	351	833	1031	6	51	5	1	1	0	
7	9	15	17	18	21	22	30	35	37	8	12	13	16	20	23	28	33	34	36	0	1	32	346	4612	494	0	0	16	4	0	1	0	
1	5	6	13	17	27	28	32	34	39	3	4	8	10	11	12	30	33	35	37	3	2	43	103	104	0	665	158	4	0	1	1	0	
5	6	8	12	13	25	26	32	34	36	0	1	3	11	16	19	27	28	33	39	2	3	62	169	129	249	0	2195	199	0	2	0	0	
0	6	8	12	17	22	28	29	33	37	1	2	14	16	19	25	32	35	36	38	2	0	43	568	127	0	797	153	0	4	0	3	0	
0	16	21	22	23	24	25	30	33	37	4	6	13	14	15	18	19	29	32	34	0	1	15	0	1284	132	69	231	6	0	1	1	0	
2	10	11	17	21	28	31	34	36	37	0	4	6	15	16	19	20	23	24	33	0	2	33	586	258	994	0	108	3	0	1	0	0	
3	6	11	14	19	21	22	23	33	35	2	7	10	18	26	28	32	37	38	39	1	3	70	0	0	392	0	275	115	21	1	0	0	
9	11	15	17	18	22	27	34	35	38	0	1	3	7	10	12	16	19	28	32	0	0	89	1721	195	5866	0	410	0	3	2	1	0	
3	12	14	15	19	21	26	27	29	34	0	1	2	10	13	16	22	30	36	38	0	1	53	823	12454	564	0	0	25	4	0	1	0	
4	8	11	12	16	17	22	28	31	36	5	14	21	25	29	33	34	35	38	39	0	2	31	349	1193	95	69	0	182	1	0	1	0	
2	4	5	10	18	23	25	30	38	39	7	13	14	16	17	20	32	34	36	37	3	3	61	201	9290	0	7437	114	3	0	2	0	0	
0	1	8	11	16	19	20	21	22	33	2	3	5	7	14	15	18	23	31	39	1	0	66	430	0	220	1740	0	0	0	0	0	0	
7	10	12	15	21	22	25	27	29	32	1	2	14	17	23	24	26	30	33	36	0	1	0	233	0	339	796	0	2	2	1	1	0	
2	4	9	11	16	18	19	22	24	26	3	8	13	21	23	30	32	34	37	38	2	2	29	1011	693	1007	504	4	0	21	2	0	0	
3	7	14	17	24	25	26	35	37	39	0	2	5	9	12	13	19	34	36	38	1	3	57	224	3224	0	8005	0	7	0	2	1	0	
14	17	20	21	24	27	32	36	37	38	5	8	11	15	18	23	25	29	30	33	3	0	51	1679	658	382	1107	5	0	7	2	8	0	
7	8	14	18	21	23	26	28	29	31	0	4	16	20	22	24	27	30	35	38	3	1	81	239	140	0	32647	8	133	2	0	1	0	
11	14	16	20	24	26	35	36	37	38	2	5	6	12	15	17	18	21	25	27	0	2	10	1280	2092	2071	2233	306	29	3	1	1	0	
11	14	15	18	20	22	27	30	37	38	8	9	10	13	17	25	32	33	35	36	3	3	73	415	16671	0	835	150	0	9	2	1	0	
5	8	11	12	16	18	21	24	25	39	0	1	3	6	9	10	13	17	22	27	3	0	27	1559	19226	183	100	0	308	11	1	1	0	
1	12	14	15	17	22	24	26	37	38	3	6	10	13	16	23	30	31	33	35	3	1	50	0	211	302	537	0	3	1	2	0	0	
8	10	15	16	18	23	25	28	34	36	2	6	12	19	20	21	27	29	35	39	1	2	118	234	6027	0	27048	608	130	0	1	1	0	
0	1	4	10	12	23	32	34	35	39	7	8	14	16	21	22	25	26	31	38	2	3	69	149	0	530	458	303	19	0	1	1	0	
0	2	5	6	10	17	20	22	35	36	3	15	16	23	26	27	28	30	32	33	1	0	16	651	175	0	87	4	0	1	1	0	0	
6	8	9	11	14	22	25	29	30	38	1	2	3	20	24	28	33	34	35	36	0	1	52	111	1985	236	2294	0	86	0	1	0	0	
0	2	5	7	11	13	18	28	33	37	4	10	17	20	22	27	31	36	38	39	1	2	68	252	6528	0	17242	0	101	4	2	0	0	
3	8	12	18	19	25	28	29	32	33	0	4	10	13	14	17	20	23	26	27	2	3	90	106	1911	0	385	0	31	3	0	0	0	
2	7	12	16	22	29	30	31	32	39	1	3	6	10	15	24	25	27	34	35	3	0	81	592	0	364	138	0	46	2	2	1	0	
2	3	12	13	14	15	22	28	31	38	0	6	9	11	17	24	30	35	37	39	3	1	58	83	0	361	374	90	12	0	3	0	0	
1	6	12	13	20	21	23	25	26	36	4	8	14	15	18	24	27	29	33	38	2	2	70	268	121	0	237	293	0	0	0	1	0	
0	7	8	12	14	15	30	32	34	39	5	9	10	23	24	25	26	28	35	36	3	3	84	355	98	0	751	281	20	6	3	1	0	
0	14	18	19	23	25	26	33	37	38	2	4	5	6	9	20	28	29	35	36	2	0	62	771	14383	426	6333	0	14	2	0	0	0	
3	9	12	14	20	23	24	31	35	38	0	1	2	6	8	10	18	28	32	34	3	1	25	108	143	3766	0	140	0	3	2	0	0	
4	5	6	10	14	20	32	33	36	37	0	3	7	12	16	19	21	25	29	35	2	2	33	0	91	716	1998	526	26	2	0	1	0	
1	7	9	13	16	17	20	26	35	39	3	6	8	19	21	23	24	30	33	38	3	3	72	117	0	17016	186	0	15	0	2	1	0	
1	10	12	13	21	22	23	28	31	36	2	7	14	18	19	20	26	35	38	39	0	0	75	855	0	587	1027	177	0	3	1	1	0	
0	2	15	18	20	23	26	29	31	37	3	4	14	17	21	27	33	35	36	39	3	1	82	287	333	0	69179	5	0	3	0	1	0	
0	1	5	8	9	14	15	16	19	24	13	21	26	27	28	31	32	36	37	39	0	2	94	596	16288	1844	0	5612	144	16	2	0	0	
5	6	10	14	15	16	24	25	27	28	2	7	11	13	18	22	26	29	32	38	3	3	25	708	3435	172	0	450	39	2	1	1	0	
6	7	10	19	22	28	31	32	33	34	0	1	3	5	8	9	11	15	20	29	2	0	33	685	261	721	242	0	601	13	0	0	0	
1	2	3	4	7	11	19	20	24	38	6	8	9	14	22	26	28	29	34	36	1	1	75	92	0	10307	129	0	2	0	0	0	0	
0	6	7	9	19	22	23	27	30	32	2	3	10	12	14	15	17	18	29	37	0	2	83	370	39573	4445	212	78	0	12	0	1	0	
0	1	8	11	16	18	25	32	37	39	2	6	13	17	20	21	22	26	27	30	0	3	75	0	10432	205	399	2	22	15	2	1	0	
4	6	7	9	16	21	26	33	34	36	2	10	13	18	22	24	28	35	37	39	0	0	56	851	141	0	0	250	0	20	2	1	0	
0	2	5	9	12	16	20	30	35	39	6	11	13	17	18	23	24	31	34	37	1	1	19	240	151	0	1133	1917	26	4	1	1	0	
2	5	18	20	21	22	26	30	32	33	3	6	9	15	17	19	23	27	29	34	3	2	21	142	99	0	2705	74	0	1	0	0	0	
0	5	9	25	29	30	31	36	38	39	4	8	10	12	16	20	23	24	26	28	3	3	79	339	7067	4845	190	748	8	3	1	1	0	
0	7	8	14	16	26	27	32	38	39	1	10	13	17	22	23	28	30	31	35	3	0	76	680	0	320	146	0	9	3	2	0	0	
0	2	4	10	18	20	24	28	33	38	5	6	9	11	12	14	22	29	34	36	0	1	49	173	0	225	482	111	0	4	1	1	0	
1	4	5	9	10	11	20	26	27	36	2	3	8	14	17	18	21	23	34	38	2	2	32	166	0	380	12801	7	696	0	1	1	0	
5	9	10	13	14	22	29	31	35	37	2	3	6	7	21	25	28	30	33	34	3	3	78	214	73	0	0	412	14	0	2	1	0	
0	7	12	20	21	25	26	27	29	38	2	5	10	17	19	23	30	33	35	39	2	0	72	1478	101886	0	2907	3418	505	41	2	1	0	
0	7	9	11	16	29	32	36	37	38	1	2	3	10	12	18	22	25	30	34	0	1	80	328	408	0	31613	298	0	4	2	1	0	
2	9	15	20	25	26	28	34	36	37	0	8	16	17	18	27	30	32	33	39	3	2	91	364	0	63	0	7	14	8	1	1	0	
2	6	12	19	21	22	24	27	30	38	3	15	18	26	28	29	31	32	34	36	1	3	64	215	0	122	0	107	15	9	1	1	0	
7	8	9	11	12	13	20	26	27	35	0	6	10	14	18	22	28	30	32	36	0	0	54	743	2824	0	626	4	7	3	0	0	0	
4	7	12	14	16	17	19	21	22	28	1	11	18	20	23	24	27	31	34	39	0	1	64	232	0	600	489	479	92	2	0	1	0	
3	5	6	11	15	19	22	28	31	34	0	4	10	21	23	25	26	30	35	38	3	2	14	150	133	367	136	0	10	0	1	1	0	
3	5	7	12	14	21	24	25	32	38	6	8	9	10	11	16	29	33	37	39	3	3	61	129	0	996	230	0	36	1	0	1	0	
0	1	3	10	15	20	29	30	33	38	2	4	19	22	23	24	26	28	35	36	3	0	32	841	128	179	151	147	99	0	2	1	0	
2	4	9	13	17	21	28	30	37	39	7	8	10	12	20	27	29	31	34	38	0	1	78	113	0	631	10724	0	5	2	3	1	0	
0	5	11	12	16	20	29	30	31	32	1	4	7	8	10	21	22	33	35	37	1	2	35	120	108	0	0	23	0	0	0	0	0	
7	10	13	17	22	25	31	32	36	39	1	2	3	9	11	18	21	23	24	33	3	3	46	294	2934	119	0	7	11	0	2	1	0	
0	1	8	9	12	14	15	31	37	38	2	3	5	6	7	10	18	27	30	34	3	0	4	1015	5174	0	597	538	22	4	0	1	0	
0	5	9	10	15	19	21	23	31	34	1	7	8	13	17	20	22	24	28	33	3	1	53	171	286	0	317	0	26	4	1	0	0	
0	6	18	22	23	24	26	34	36	38	3	9	11	12	13	14	17	19	27	33	1	2	116	148	1067	364	0	6	0	4	2	1	0	
2	4	9	11	12	18	21	25	28	34	1	10	13	15	17	19	23	27	33	39	2	3	64	0	21346	1614	795	938	74	0	0	0	0	
0	2	3	4	12	22	23	27	28	35	14	16	17	20	21	24	30	32	37	38	0	0	5	983	0	0	16915	1188	0	0	1	2	0	
5	8	9	10	11	15	22	23	26	33	2	3	4	12	17	27	30	31	37	38	1	1	77	353	3387	0	77	0	0	0	1	1	0	
3	6	13	22	26	27	32	33	37	39	2	5	7	9	12	15	19	30	31	35	3	2	70	258	4997	1226	961	0	70	9	0	1	0	
15	16	18	20	24	26	30	31	33	38	9	17	19	21	22	23	25	27	32	37	2	3	81	902	214	0	1067	308	0	23	2	1	0	
1	12	13	22	26	30	31	33	35	37	0	3	4	15	17	21	28	29	34	39	0	0	71	902	0	344	45233	790	11	6	1	2	0	
0	3	7	10	11	16	17	29	38	39	2	12	15	18	20	24	25	30	34	37	3	1	57	113	0	25929	237	0	0	4	2	1	0	
1	12	15	17	18	22	25	30	33	35	2	3	4	6	21	24	28	31	36	38	0	2	29	183	0	555	278	0	49	2	1	2	0	
4	6	11	18	26	27	29	31	33	35	3	8	10	12	19	21	32	34	37	38	0	3	66	137	0	81	0	8	257	0	2	1	0	
1	3	10	17	21	23	24	31	33	38	8	11	12	13	14	18	25	29	30	34	2	0	50	1408	121	2365	0	2262	0	4	2	1	0	
5	6	8	10	14	20	31	37	38	39	1	11	17	22	23	25	28	29	32	35	2	1	110	583	3636	0	1239	2291	41	21	0	1	0	
0	1	11	12	14	20	25	26	28	35	3	5	6	10	13	18	27	29	34	38	1	2	82	0	11767	0	576	6	84	0	0	1	0	
3	8	13	15	16	18	22	23	26	31	2	5	10	11	21	24	33	35	36	39	3	3	59	256	9406	1428	121	170	0	0	1	0	0	
4	9	11	15	16	20	29	33	36	37	1	2	5	8	17	19	22	25	26	38	1	0	65	773	96	946	0	7	0	12	2	1	0	
2	5	9	13	16	28	29	31	35	37	6	7	10	22	23	24	26	27	30	33	2	1	81	86	0	409	240	0	20	0	4	1	0	
0	5	8	14	20	23	26	34	35	36	1	4	9	10	13	31	32	33	38	39	1	2	12	291	0	502	567	0	200	7	1	2	0	
4	7	8	12	25	29	30	31	33	39	2	5	11	13	19	20	23	26	28	32	1	3	86	324	0	65697	458	608	81	11	1	1	0	
0	3	4	7	12	26	27	31	38	39	1	2	5	6	13	14	23	24	25	32	3	0	53	1312	437	0	1380	1058	0	6	3	1	0	
3	4	8	10	11	12	15	16	28	31	6	9	19	20	23	25	29	32	34	35	1	1	99	269	0	275	99	0	0	10	1	1	0	
4	10	21	23	24	27	30	31	35	38	1	2	5	7	9	13	18	19	25	37	3	2	90	0	300	475	1925	0	0	4	1	1	0	
0	3	8	11	14	18	19	24	32	35	2	9	13	16	25	26	29	34	36	37	2	3	77	197	9844	8215	311	0	54	6	2	0	0	
2	6	10	12	18	21	25	27	29	32	0	8	13	22	23	30	34	36	37	39	0	0	44	1267	140	477	11084	483	0	64	4	1	0	
8	15	18	19	24	25	28	31	35	37	12	13	14	16	20	26	30	33	34	39	3	1	92	114	1947	0	13399	10	35	14	1	1	0	
4	13	15	20	21	22	23	24	25	26	1	3	5	6	8	16	18	31	34	35	2	2	89	1920	32264	11354	0	290	117	11	2	1	0	
0	5	7	10	18	24	26	35	37	38	6	9	11	12	14	19	23	25	32	36	3	3	71	162	68	82	0	6	0	8	1	0	0	
2	6	9	14	15	17	33	36	37	38	3	4	8	10	22	25	27	28	34	39	2	0	62	1188	8290	841	387	1069	46	4	2	1	0	
2	5	9	12	17	19	25	29	36	37	8	18	22	23	27	28	32	34	35	38	2	1	92	72	88	0	40557	0	129	6	2	2	0	
4	16	17	19	22	30	31	32	38	39	3	9	10	14	18	24	25	27	35	37	1	2	105	0	1516	966	14033	4	18	20	0	2	0	
7	8	15	17	22	23	24	29	32	35	3	5	6	10	14	19	21	27	30	37	0	3	85	163	0	141	0	4	0	2	0	0	0	
4	7	8	17	23	25	27	28	30	32	1	6	9	13	16	21	22	24	37	38	2	0	69	926	4411	0	577	4	5	0	2	1	0	
1	4	11	12	22	23	24	29	30	31	5	9	10	14	15	17	18	20	21	35	0	1	48	0	96	0	0	0	156	8	2	0	0	
0	5	7	12	14	16	21	27	28	35	2	9	18	22	23	24	26	34	37	38	3	2	57	163	6201	205	3277	0	228	14	2	1	0	
4	6	11	18	22	25	26	28	33	38	0	1	2	5	10	15	27	34	37	39	3	3	50	375	166	0	454	138	0	10	1	1	0	
1	4	9	17	23	29	30	31	37	39	0	2	3	7	8	10	12	14	18	35	2	0	74	1023	29527	171	0	9	340	0	1	1	0	
4	5	8	17	18	31	32	35	36	39	0	2	6	14	15	16	21	26	30	38	2	1	5	984	320	152	1304	177	101	0	1	1	0	
0	5	6	7	14	23	25	29	32	33	4	9	17	20	22	28	31	34	35	36	1	2	16	275	3919	0	0	2811	112	0	1	1	0	
0	6	7	17	21	22	23	25	29	37	2	3	5	8	9	11	14	18	28	33	3	3	34	0	26689	479	58	472	356	3	2	1	0	
0	1	5	11	13	14	16	32	34	39	3	17	18	19	23	24	25	27	28	31	2	0	86	1396	318	240	553	336	15	3	0	1	0	
2	3	7	8	14	17	18	31	35	37	11	13	21	23	24	29	34	36	38	39	3	1	105	1479	28876	0	333	439	6	0	2	1	0	
0	2	11	15	19	22	24	26	32	36	4	5	8	9	13	18	23	27	34	35	0	2	60	226	0	2062	659	214	0	1	1	0	0	
4	7	12	16	20	22	23	28	32	33	3	5	11	14	17	27	35	36	38	39	3	3	52	171	100	0	746	7	0	1	1	1	0	
6	9	17	25	27	29	30	31	34	38	0	1	13	14	22	23	24	26	32	35	3	0	37	835	971	598	312	0	125	2	1	1	0	
0	2	17	20	23	25	27	28	29	31	1	7	10	13	19	21	24	30	33	34	2	1	77	0	947	50345	0	2192	0	12	5	1	0	
0	6	8	11	15	21	24	33	36	38	5	9	14	17	18	19	26	29	35	39	3	2	109	183	149	324	679	0	0	3	1	1	0	
1	2	6	7	11	17	20	21	24	36	0	4	12	14	16	19	25	30	31	33	1	3	41	299	0	509	11654	984	62	0	1	1	0	
1	19	20	25	29	31	34	35	37	38	0	8	9	10	17	18	22	24	26	30	0	0	91	1644	8926	0	426	0	159	3	1	1	0	
0	5	18	19	24	29	30	33	37	38	1	2	3	9	11	15	16	22	23	36	1	1	78	138	170	0	44788	1801	81	3	2	0	0	
0	7	20	23	24	26	27	28	31	38	3	4	11	15	18	21	25	29	32	33	2	2	109	1173	472	0	35309	0	145	3	1	1	0	
2	6	11	13	17	19	29	32	36	38	0	10	14	16	20	22	25	26	28	37	2	3	99	348	115	0	1899	5	3	3	1	0	0	
1	3	5	6	7	17	24	29	31	35	0	11	12	15	16	19	26	28	30	34	0	0	72	1276	1693	373	0	1205	187	23	0	6	0	
12	13	20	22	23	28	30	31	35	39	0	1	3	10	16	17	21	24	25	27	2	1	92	630	989	1202	19506	981	73	6	2	1	0	
1	3	4	12	18	22	23	35	36	38	2	7	17	19	21	26	30	31	33	34	2	2	27	153	0	0	0	107	0	1	0	1	0	
10	12	14	18	19	26	27	30	34	39	0	2	3	6	11	13	17	22	23	28	0	3	63	533	48988	0	1762	1607	117	4	2	1	0	
2	13	14	16	20	21	29	30	32	38	0	1	5	6	10	12	24	26	28	39	2	0	83	765	240	476	0	440	0	8	2	1	0	
2	6	12	14	18	22	26	33	37	38	3	4	11	17	20	25	27	32	34	39	3	1	76	120	0	263	699	5480	27	0	2	1	0	
5	6	9	13	20	23	30	31	37	38	3	17	18	19	25	26	27	29	35	39	1	2	67	200	5880	0	6362	1526	0	1	1	1	0	
3	7	10	11	12	16	18	28	29	38	0	2	5	8	9	17	21	22	34	35	2	3	86	256	230	0	44512	6	85	24	0	1	0	
0	1	6	8	10	22	31	32	37	38	2	3	9	11	16	17	25	26	34	35	1	0	41	1063	6084	0	201	0	47	4	2	1	0	
12	20	22	24	25	28	29	31	35	39	2	3	9	15	16	18	23	26	34	38	1	1	82	682	879	0	0	4050	89	16	2	1	0	
1	2	16	18	19	20	24	28	33	35	3	4	6	8	9	26	34	36	37	39	0	2	84	140	0	0	1704	879	51	5	1	0	0	
7	9	11	17	19	20	22	25	26	39	0	6	14	18	24	27	30	34	37	38	2	3	88	214	265	0	21961	3	0	4	0	1	0	
2	5	8	10	12	19	25	31	32	33	3	6	7	11	15	16	20	26	34	39	2	0	14	1138	140	85	0	0	0	0	1	0	0	
2	6	13	18	20	24	25	26	28	39	3	7	8	15	16	17	22	31	34	38	0	1	57	227	0	1641	1831	0	25	0	2	1	0	
4	6	12	17	20	21	32	33	36	39	0	1	5	13	14	25	26	28	31	35	3	2	72	136	0	0	0	632	15	3	3	0	0	
4	8	10	14	15	16	19	24	31	32	0	1	11	17	22	23	25	28	33	39	0	3	47	0	460	0	29350	0	0	5	1	1	0	
3	16	18	19	22	27	29	32	35	36	0	1	4	10	20	23	25	28	33	38	2	0	84	526	2329	470	11432	0	0	4	2	1	0	
2	3	5	11	19	21	25	30	33	35	4	9	13	18	20	23	24	28	32	38	2	1	89	197	164	454	324	0	0	8	2	1	0	
3	6	7	9	12	14	19	21	23	25	1	5	11	13	16	17	20	30	31	39	2	2	51	718	14962	0	537	523	36	13	2	0	0	
2	3	9	14	22	28	30	31	33	38	10	12	13	15	17	23	24	26	27	34	2	3	69	155	128	185	0	706	439	19	0	1	0	
0	10	13	17	21	28	29	33	34	35	5	7	11	15	16	25	26	32	37	39	1	0	64	864	141	176	0	171	31	3	0	1	0	
2	3	6	8	9	25	26	36	38	39	10	12	16	21	22	27	30	31	34	37	0	1	83	514	12175	0	577	6	35	16	0	1	0	
4	7	11	14	20	21	25	31	36	37	1	3	8	13	17	18	22	23	28	39	3	2	37	232	296	0	116	335	0	6	1	1	0	
0	3	4	11	18	23	25	26	38	39	5	9	12	13	14	20	27	31	34	36	0	3	70	84	92	81	0	103	0	10	1	1	0	
2	7	8	10	11	30	31	33	34	37	3	4	6	19	20	25	27	28	29	35	2	0	92	440	654	763	650	377	18	2	1	0	0	
0	3	6	10	13	23	24	31	38	39	7	9	11	12	16	21	22	26	30	35	3	1	42	185	3108	0	0	813	17	0	2	0	0	
5	7	9	17	21	24	25	29	31	34	2	8	18	19	23	26	27	33	36	37	1	2	89	274	8240	133	157	0	20	14	1	1	0	
0	3	4	5	8	9	12	19	28	39	6	7	10	11	13	14	16	23	32	38	0	3	77	0	40330	25659	12041	108	61	2	0	1	0	
2	3	14	15	17	24	30	32	33	39	4	5	8	10	11	12	20	21	23	25	1	0	82	664	0	666	684	7	160	2	1	0	0	
2	3	7	9	14	17	23	30	32	35	8	11	12	13	15	19	20	25	31	37	1	1	88	308	5472	204	0	124	0	3	1	1	0	
1	3	8	16	21	26	33	34	36	37	0	2	5	6	9	10	25	28	30	31	1	2	17	171	0	356	260	200	0	2	1	0	0	
0	1	3	4	5	10	14	23	28	34	12	15	16	18	20	25	30	31	35	36	1	3	70	0	526	235	312	647	96	7	1	0	0	
0	1	3	19	21	24	25	26	30	38	2	6	8	10	11	17	20	22	23	39	3	0	80	1162	0	15432	920	6	68	6	2	1	0	
1	7	9	13	17	19	28	29	38	39	0	4	8	18	20	21	22	23	34	36	1	1	95	49	0	9883	0	6	0	2	1	1	0	
1	2	5	17	18	19	31	32	33	36	4	6	9	14	21	24	25	29	35	37	3	2	85	554	190	95	209	0	105	5	1	0	0	
1	4	8	11	14	17	23	27	28	39	3	7	15	16	20	25	26	30	31	36	3	3	28	199	24868	341	87	738	19	0	4	1	0	
2	4	14	15	17	18	20	22	24	31	1	5	8	12	16	27	29	35	38	39	1	0	55	1076	214	264	0	0	18	7	0	0	0	
6	9	10	12	15	21	26	31	35	37	4	13	18	20	24	27	29	32	33	38	0	1	59	292	2600	131	0	7	12	2	0	1	0	
1	9	11	16	20	23	29	31	34	38	0	3	6	12	15	17	19	26	30	39	3	2	107	104	0	1639	101	3	12	0	1	0	0	
0	2	5	9	10	11	18	29	34	39	1	6	12	13	21	23	26	28	33	36	2	3	56	0	29312	518	0	694	47	9	2	0	0	
9	16	19	24	27	28	29	31	34	38	0	10	12	15	18	20	22	25	26	33	1	0	75	1502	8136	495	662	0	7	0	1	1	0	
5	9	12	15	16	17	19	21	25	39	6	7	11	13	20	24	27	34	36	37	3	1	54	0	54089	12485	498	0	20	5	2	1	0	
2	3	10	13	16	19	23	30	37	39	1	8	14	15	17	18	26	28	31	38	2	2	71	316	6108	292	8773	0	20	2	0	2	0	
0	3	13	18	20	21	25	28	33	36	2	4	8	11	19	26	31	32	34	35	0	3	39	323	371	0	1686	1093	12	4	0	1	0	
3	4	6	7	9	12	23	24	30	37	5	8	20	21	27	28	31	32	34	36	0	0	100	802	1409	1285	21054	1064	210	2	0	0	0	
1	14	19	21	24	30	34	35	37	39	6	7	9	10	13	16	22	27	28	31	2	1	50	262	0	33361	0	1238	236	7	2	1	0	
0	1	5	7	10	16	21	23	27	36	2	3	9	11	17	18	22	25	30	37	2	2	9	192	0	0	416	1107	7	2	1	1	0	
1	3	11	26	27	31	33	35	37	39	6	7	8	10	14	15	17	22	25	28	3	3	96	238	0	394	0	6	101	9	3	1	0	
2	4	9	11	12	18	21	25	28	34	1	10	13	15	17	19	23	27	33	39	3	0	63	807	540	21064	0	0	0	0	3	1	0	
2	4	5	16	18	24	25	28	32	33	0	7	8	9	11	12	15	19	31	37	3	1	35	377	5099	0	0	0	22	5	7	5	0	
1	2	8	10	14	15	17	18	32	38	6	7	11	13	21	23	24	25	31	37	0	2	51	901	209	504	500	0	166	11	4	1	0	
1	6	7	8	14	20	21	24	27	31	5	12	17	19	34	35	36	37	38	39	1	3	71	0	17914	357	1118	4	108	0	0	1	0	
0	2	4	6	8	18	19	21	25	28	3	5	9	14	16	20	27	29	31	37	0	0	116	1773	283	0	102038	257	18	8	2	0	0	
7	12	14	21	22	24	25	29	30	34	4	10	11	15	17	19	20	32	35	37	1	1	62	252	0	11683	0	44	0	10	1	1	0	
0	1	5	14	17	19	30	32	35	37	6	11	12	23	27	28	29	31	33	36	3	2	61	892	19697	2894	0	324	21	7	1	1	0	
5	9	10	14	16	28	30	34	35	37	0	4	6	7	11	12	15	17	19	24	2	3	35	241	0	41632	588	0	447	5	1	1	0	
1	2	3	7	8	22	23	25	27	32	10	14	20	21	28	29	31	34	35	38	1	0	39	796	4255	0	1921	0	38	3	2	1	0	
0	6	15	16	18	20	22	28	29	38	7	9	12	17	19	23	25	30	36	37	3	1	66	107	0	490	6402	488	30	0	3	1	0	
0	2	18	19	23	25	26	28	36	39	7	12	13	15	16	21	22	30	31	34	2	2	81	81	73	244	0	9	29	4	2	1	0	
14	17	18	21	27	28	32	35	37	38	1	3	9	13	19	25	29	30	34	39	3	3	113	255	6411	310	2031	116	0	6	1	2	0	
0	8	14	17	22	32	33	34	38	39	1	2	7	10	15	18	21	27	28	29	0	0	63	919	4574	181	0	0	19	0	1	1	0	
3	5	9	10	11	17	28	31	33	35	4	8	12	18	19	20	22	26	27	38	1	1	67	232	1117	160	0	0	0	4	2	0	0	
0	1	4	13	20	22	24	28	35	36	6	15	21	23	25	27	29	32	34	37	1	2	34	205	0	0	166	164	1	1	1	2	0	
3	5	6	8	11	17	22	31	37	39	1	2	4	9	12	14	16	19	27	28	1	3	76	0	1763	961	18210	828	70	0	1	0	0	
0	4	5	6	7	22	24	27	37	38	3	8	9	11	13	14	15	16	21	23	0	0	95	3042	0	193011	3258	782	7	1	0	2	0	
0	5	6	7	9	10	25	26	30	32	2	11	18	22	23	31	34	37	38	39	0	1	82	348	0	64808	1309	8	0	4	3	1	0	
9	12	15	18	21	24	25	26	30	38	3	4	5	6	11	16	22	28	34	35	3	2	57	239	124	0	30171	621	0	5	3	0	0	
1	5	8	11	19	26	31	34	35	38	4	10	12	18	20	24	28	29	30	36	3	3	69	0	26208	0	15985	550	28	0	2	1	0	
1	3	19	20	21	23	27	29	36	39	8	10	11	16	17	22	25	30	32	34	2	0	66	890	244	0	1090	0	136	4	2	1	0	
6	7	8	12	14	22	28	34	35	36	1	2	9	16	21	24	26	37	38	39	1	1	66	204	382	148	0	538	4	0	2	0	0	
13	17	18	19	22	24	25	32	35	37	2	4	6	7	8	14	21	23	34	36	3	2	35	505	610	9144	350	0	186	3	1	0	0	
1	2	4	6	13	21	24	25	33	35	0	3	7	18	19	23	26	27	32	39	2	3	54	297	0	644	626	343	43	0	1	1	0	
1	5	7	11	12	17	22	24	31	34	2	6	10	13	19	25	27	29	32	33	0	0	79	618	488	227	187	192	0	0	2	1	0	
0	1	16	21	23	28	31	33	38	39	3	5	6	11	12	15	25	34	36	37	2	1	39	0	20544	0	778	489	0	9	3	1	0	
0	6	11	18	26	32	34	37	38	39	3	8	9	10	24	25	28	30	31	36	3	2	78	369	7802	9069	69	0	59	2	0	0	0	
1	3	7	8	11	16	19	25	27	28	9	12	15	17	22	24	31	35	37	38	0	3	72	629	1332	417	0	8	54	47	0	1	0	
0	5	11	14	16	17	20	21	27	35	4	10	18	23	28	31	33	34	37	39	0	0	34	794	1993	83	0	384	46	0	2	0	0	
10	12	14	20	22	26	27	30	36	38	3	4	5	7	13	17	19	24	29	34	2	1	73	1008	132823	3248	409	126	35	7	2	1	0	
2	4	5	6	12	26	28	30	34	37	1	7	9	10	15	17	24	27	29	31	3	2	35	334	6938	0	782	8	16	0	1	1	0	
1	2	6	8	9	12	20	23	33	34	5	13	17	18	19	25	26	30	32	37	0	3	58	94	0	0	0	1060	54	5	1	1	0	
3	4	9	13	21	23	25	30	33	37	0	6	12	17	20	22	27	29	35	38	0	0	40	1024	0	14236	816	624	75	8	2	1	0	
2	7	11	12	15	21	26	35	36	37	1	4	9	13	23	24	28	30	38	39	0	1	35	136	3487	0	70	76	7	0	1	0	0	
2	3	8	11	14	16	21	28	29	36	6	13	15	20	25	26	27	37	38	39	3	2	53	311	125	0	1653	488	4	1	0	0	0	
3	5	10	16	21	23	27	31	34	35	2	8	9	12	13	14	15	20	22	39	0	3	58	179	0	793	1440	613	0	5	1	1	0	
0	3	10	17	22	24	27	28	29	31	1	4	5	9	12	13	23	25	32	35	0	0	50	1044	6944	191	0	8	0	0	1	1	0	
1	8	11	14	16	21	25	28	35	38	0	2	3	9	23	24	29	30	36	37	3	1	50	154	323	155	0	6	456	0	1	0	0	
7	13	14	20	25	30	31	35	36	39	3	9	10	16	17	22	24	26	33	34	1	2	51	188	0	19426	0	767	46	20	1	1	0	
1	5	6	12	22	24	27	30	31	33	3	10	16	18	20	21	25	26	28	35	3	3	13	0	602	80	65	0	2	2	1	1	0	
5	18	20	21	23	28	29	31	36	37	1	4	6	12	15	19	25	33	34	39	0	0	39	890	8283	0	0	425	5	0	2	1	0	
0	9	15	17	18	26	32	36	38	39	2	7	10	11	14	19	22	29	33	34	1	1	103	277	6854	1601	0	213	23	2	0	1	0	
7	11	14	18	19	25	28	32	33	38	0	2	6	9	10	16	22	24	31	35	2	2	60	136	0	0	14628	604	21	3	0	1	0	
3	5	9	10	16	17	29	32	33	36	4	7	12	13	14	23	28	31	34	37	1	3	66	0	27080	98	241	393	11	4	2	0	0	
3	4	5	8	9	12	14	22	28	29	1	15	18	19	23	24	26	31	36	37	0	0	74	1412	19783	8257	4830	1422	38	0	2	2	0	
8	9	13	15	20	25	27	31	33	36	0	1	2	5	6	12	16	24	29	35	2	1	37	110	187	113	0	7	0	3	1	0	0	
0	2	3	6	10	11	24	30	33	34	1	4	15	16	17	21	22	23	35	37	3	2	5	320	62	54	0	5	0	0	1	0	0	
1	6	13	14	19	27	29	32	35	36	4	10	11	12	15	17	21	22	28	30	1	3	79	146	1205	0	165	0	63	1	1	0	0	
2	3	13	21	24	27	28	30	33	35	6	8	10	16	20	23	25	34	36	37	3	0	59	1613	12724	0	294	447	0	0	1	1	0	
2	4	16	23	26	29	32	33	34	39	0	3	8	11	12	19	27	30	31	36	1	1	87	0	13554	0	703	417	23	2	0	1	0	
3	8	12	15	20	22	23	24	25	32	7	11	13	18	21	31	34	36	38	39	1	2	23	0	1519	677	214	0	15	2	1	1	0	
1	6	9	11	12	26	27	28	32	34	0	3	5	8	13	15	19	29	30	39	3	3	88	228	2744	137	169	0	0	0	1	1	0	
2	4	16	23	24	25	26	29	38	39	0	10	13	14	19	22	28	30	31	36	1	0	63	1278	0	64256	0	1204	140	2	1	1	0	
11	16	18	20	21	28	30	33	35	36	8	17	19	22	23	29	31	32	37	38	1	1	101	461	1123	1052	9995	272	0	0	2	1	0	
0	2	5	23	24	26	27	30	37	39	1	3	7	11	15	20	28	29	31	34	1	2	67	422	848	1032	417	0	137	2	0	1	0	
0	1	16	22	26	27	29	30	33	37	3	5	7	10	12	14	23	31	34	36	0	3	34	333	3453	4930	151	174	0	0	0	1	0	
0	2	6	16	23	29	30	31	35	37	4	5	7	10	13	14	22	28	32	39	1	0	44	1384	0	45804	0	1289	46	15	2	6	0	
0	2	12	14	18	19	24	30	31	34	4	15	21	22	23	28	29	33	35	37	0	1	52	194	0	0	492	163	38	5	3	2	0	
2	3	4	13	21	23	24	27	32	35	0	1	7	10	18	20	29	30	36	38	1	2	33	0	0	591	498	322	0	6	2	1	0	
1	4	10	15	16	26	27	28	30	37	3	7	13	20	21	24	25	29	33	38	2	3	89	152	4488	1521	628	0	254	6	2	1	0	
0	5	10	14	15	18	21	28	29	33	1	6	8	17	22	23	24	31	38	39	3	0	103	1877	0	974	93815	5	0	11	2	1	0	
0	11	18	19	22	23	26	28	32	36	4	6	12	14	17	20	25	27	30	34	2	1	69	136	0	889	7882	1023	16	3	2	0	0	
0	7	13	15	27	28	30	31	33	35	2	5	6	16	17	18	24	25	32	36	2	2	16	320	176	0	5775	259	25	4	0	1	0	
10	11	13	15	19	21	23	24	31	33	1	4	5	7	12	17	26	29	36	37	1	3	74	252	224	0	762	899	189	0	2	1	0	
1	8	10	11	15	25	29	32	37	38	2	3	7	13	14	16	20	28	31	39	0	0	79	1452	0	155	25	84	0	4	2	1	0	
0	5	8	9	12	13	18	24	29	39	1	2	10	11	14	15	19	28	33	36	3	1	67	264	5717	0	31281	349	68	4	2	0	0	
3	4	8	12	20	21	24	25	34	39	0	6	7	10	11	16	22	27	33	36	2	2	47	169	0	21438	339	301	0	6	1	1	0	
1	2	4	7	8	11	14	22	38	39	0	6	10	13	15	16	20	21	24	37	0	3	68	348	1442	4206	310	0	333	0	1	1	0	
0	2	3	4	15	16	27	29	31	35	7	13	14	21	23	30	32	37	38	39	2	0	42	629	0	293	0	257	0	9	1	0	0	
4	7	16	19	20	22	24	34	36	38	2	6	10	12	21	23	27	28	31	39	3	1	69	357	0	28822	120	1336	0	0	2	1	0	
3	4	8	19	20	22	28	35	36	39	5	13	16	18	21	23	29	31	32	34	2	2	80	0	24044	1198	155	9	0	0	2	2	0	
4	6	14	15	16	18	29	34	36	39	0	2	7	9	10	13	28	35	37	38	0	3	97	255	232	0	1334	563	94	5	0	1	0	
4	10	11	14	17	19	21	22	26	34	0	2	7	9	12	13	16	23	24	32	3	0	22	1152	509	495	0	267	0	2	1	1	0	
0	3	7	13	18	24	27	30	37	38	1	8	12	22	23	26	31	33	34	36	2	1	49	177	108	38	0	468	27	15	0	1	0	
4	10	12	14	16	21	23	26	36	39	1	3	6	9	11	13	20	24	31	35	2	2	28	183	409	599	730	0	291	0	2	1	0	
1	4	5	9	20	23	26	27	30	33	0	12	15	17	22	31	32	35	36	37	2	3	70	298	764	915	1911	8	91	11	0	0	0	
2	6	14	15	17	19	22	24	27	30	3	4	7	8	9	10	18	20	31	39	1	0	107	1128	0	333	421	2069	227	7	2	2	0	
0	5	7	9	11	14	16	18	31	36	2	3	4	10	19	21	24	27	30	37	3	1	51	1030	583	446	17871	2	1	3	2	0	0	
3	4	8	14	17	19	24	28	31	36	10	12	13	15	16	21	23	27	29	30	0	2	79	157	2178	229	0	256	23	0	2	1	0	
7	14	18	19	21	22	23	27	29	32	4	10	11	12	13	16	20	26	33	35	1	3	98	440	0	1435	23858	0	298	9	0	1	0	
6	10	11	17	22	24	27	30	34	39	4	7	9	14	18	19	20	23	26	36	3	0	49	1003	225	0	122	287	0	4	1	1	0	
1	5	7	14	16	19	20	21	22	32	6	15	17	18	23	25	27	29	36	37	0	1	48	211	143	0	118	3	0	3	0	0	0	
2	4	9	13	16	20	27	33	35	38	1	8	10	15	21	28	30	34	36	39	0	2	58	191	0	333	4207	110	62	7	2	1	0	
4	7	10	14	21	27	30	32	38	39	0	11	12	15	19	22	23	33	34	37	3	3	105	176	0	131	0	202	0	8	2	1	0	
0	3	5	11	17	18	23	30	35	36	4	7	12	14	15	16	20	22	29	34	1	0	49	2199	4932	0	0	1003	59	1	2	0	0	
3	5	8	10	19	31	33	34	38	39	1	2	4	9	14	15	17	24	30	35	0	1	117	370	166	0	5037	0	11	2	1	2	0	
4	7	10	18	19	23	26	31	38	39	6	9	11	21	24	30	32	34	35	36	2	2	47	175	223	106	0	97	0	7	1	0	0	
2	4	5	16	19	28	31	32	33	34	0	3	6	7	14	17	18	20	26	30	2	3	31	0	4634	0	116	0	7	2	1	0	0	
0	6	20	21	25	27	29	31	32	35	1	7	8	14	18	22	28	33	36	38	3	0	97	1101	0	1265	689	0	84	4	1	1	0	
5	12	17	19	21	23	24	26	27	33	1	9	14	15	16	20	29	31	32	37	3	1	59	226	129	0	0	609	16	2	2	1	0	
4	8	12	16	22	23	30	32	34	37	1	5	9	14	21	24	25	27	38	39	3	2	50	0	0	273	0	444	0	8	2	1	0	
2	6	11	15	17	20	24	33	36	38	0	1	3	9	12	14	18	29	32	37	0	3	43	210	3459	171	2377	98	8	0	3	0	0	
0	6	8	15	19	22	27	30	32	39	1	3	7	16	18	20	25	33	34	35	3	0	62	709	130	111	0	176	0	8	2	0	0	
0	3	5	10	18	23	27	29	36	39	2	4	7	9	11	14	15	17	24	31	3	1	57	88	180	0	22193	9	45	4	1	0	0	
6	8	11	16	18	20	21	23	27	37	0	2	3	10	12	14	28	29	33	39	3	2	64	146	77	0	11868	318	36	0	2	1	0	
1	2	3	10	17	20	25	29	38	39	0	4	6	8	19	21	22	24	31	32	2	3	96	50	78	747	0	2	0	3	0	0	0	
3	15	19	20	26	32	33	34	35	39	1	6	7	14	16	18	22	29	36	37	0	0	61	1185	2750	0	753	640	6	0	1	0	0	
4	7	9	16	17	21	26	30	31	32	0	2	5	6	18	22	24	25	34	37	3	1	50	76	0	218	4194	0	0	4	0	1	0	
7	10	11	13	14	20	21	23	36	38	0	6	9	16	17	18	24	28	30	33	2	2	62	109	0	12780	0	5	0	3	3	0	0	
5	8	9	10	13	15	16	23	26	27	3	6	14	18	22	24	29	32	33	39	1	3	90	372	6050	0	815	955	8	2	1	1	0	
5	15	19	21	22	25	29	30	32	34	1	3	10	11	16	20	23	35	37	38	2	0	54	1453	234	1139	0	7	7	2	0	0	0	
2	10	18	19	23	27	32	33	36	39	7	8	12	14	15	16	20	29	34	38	1	1	117	0	506	20964	0	6	0	1	2	1	0	
0	4	7	14	15	16	17	19	25	31	1	5	6	21	23	24	27	34	36	37	0	2	55	0	1474	40743	1350	7	319	6	1	1	0	
1	5	13	15	18	29	31	32	34	38	2	6	8	16	20	23	24	25	28	37	3	3	90	498	0	98319	1771	0	108	3	2	1	0	
2	4	8	9	13	15	17	19	29	30	1	5	11	20	22	24	25	31	35	38	2	0	69	2152	17768	0	1424	1801	243	8	1	1	0	
3	4	9	15	25	27	34	35	37	39	7	11	12	13	14	17	20	22	28	38	1	1	61	189	368	0	448	0	35	0	2	1	0	
1	4	5	7	14	16	26	27	28	33	0	2	8	10	18	23	25	29	34	38	0	2	69	253	140	3268	0	145	0	0	2	1	0	
2	6	7	10	12	19	25	33	34	35	3	4	11	14	15	17	28	29	31	32	1	3	70	130	93	0	0	651	35	2	0	1	0	
2	3	9	16	18	21	24	32	33	34	0	14	17	22	25	29	31	36	38	39	2	0	62	423	50	98	0	100	0	8	0	1	0	
0	9	16	17	18	19	20	22	31	36	4	7	10	11	15	27	28	29	30	34	0	1	89	187	4863	3265	0	111	0	2	0	1	0	
3	4	6	12	13	14	15	26	28	29	2	8	9	17	20	21	23	24	27	38	1	2	59	274	1916	82	59	189	39	1	0	0	0	
3	8	10	14	17	21	27	28	29	39	0	2	6	18	20	25	32	35	36	38	2	3	57	0	1280	1032	18632	0	158	0	2	1	0	
2	13	17	18	24	27	33	35	36	38	8	9	15	16	19	21	22	26	34	37	3	0	92	1889	233	0	176	0	116	8	0	1	0	
4	5	6	7	8	21	25	26	38	39	2	3	13	16	17	19	30	31	35	36	0	1	74	472	53573	146	0	8	67	0	2	1	0	
0	2	3	7	8	21	23	27	35	37	5	10	14	15	16	20	22	25	32	38	0	2	66	1247	946	758	13688	363	0	10	2	1	0	
0	5	8	19	20	27	33	34	36	39	2	3	4	6	10	11	16	18	21	22	0	3	95	189	29721	0	0	8	0	9	1	1	0	
3	6	10	17	18	19	21	22	28	33	2	8	9	11	12	16	20	27	31	37	1	0	79	664	3521	4201	0	6	14	4	0	1	0	
7	8	10	13	18	21	22	25	31	37	0	3	4	5	16	19	27	28	30	36	0	1	75	350	359	0	58469	942	45	4	1	0	0	
1	2	3	6	10	11	12	17	18	35	4	5	9	15	16	19	22	23	25	34	0	2	93	1321	238	390	12336	229	36	2	2	0	0	
1	7	8	13	15	19	24	30	35	36	3	5	6	10	12	18	20	25	27	31	3	3	36	209	3145	436	200	0	14	2	0	0	0	
0	1	4	5	13	20	21	25	30	37	2	11	12	14	16	17	18	24	33	38	1	0	79	700	45	331	200	0	15	2	1	1	0	
3	5	6	7	10	15	20	25	29	32	2	4	13	16	18	27	30	34	35	37	2	1	27	288	629	0	793	3	17	0	1	1	0	
12	14	17	18	21	25	26	29	35	38	1	2	3	6	9	10	13	15	28	33	3	2	37	274	0	55951	352	2388	84	9	2	1	0	
2	4	10	13	14	17	21	25	28	35	3	5	20	27	29	31	32	34	36	39	3	3	77	241	122	0	0	7	12	0	1	1	0	
7	14	15	18	19	22	24	28	30	38	2	3	5	11	12	21	29	31	34	37	2	0	80	957	9402	132	0	478	0	10	2	1	0	
2	12	14	18	22	24	27	29	30	39	6	7	10	16	20	23	26	28	33	34	2	1	30	382	5136	3097	0	7	0	3	1	0	0	
0	1	4	22	23	25	29	32	35	37	2	5	8	12	14	18	24	28	33	39	1	2	34	524	3388	415	231	0	0	3	1	1	0	
1	9	12	13	17	19	22	26	33	34	0	2	4	6	14	16	23	27	29	38	0	3	81	253	0	747	315	0	33	6	0	1	0	
1	2	3	11	16	17	18	25	30	35	7	13	15	22	23	24	28	34	37	38	1	0	67	1141	8838	1108	394	97	0	8	2	1	0	
1	11	12	17	18	19	22	26	32	33	5	6	13	14	20	21	25	28	36	39	2	1	102	0	885	241	0	0	0	2	1	1	0	
8	13	15	16	17	26	32	33	35	37	2	5	9	20	22	27	31	36	38	39	0	2	36	120	474	882	3501	0	44	8	1	1	0	
3	6	10	13	17	20	23	27	30	35	1	4	5	11	12	14	24	29	38	39	2	3	45	149	0	417	0	1670	5	3	1	0	0	
2	5	6	9	10	19	29	36	37	38	0	4	7	8	15	17	20	21	32	34	1	0	55	1122	6691	0	24768	9	0	4	2	1	0	
0	1	6	9	13	28	33	35	37	39	2	4	5	11	12	14	21	25	30	32	2	1	44	0	779	65369	1620	963	16	5	0	1	0	
5	6	9	11	12	14	21	24	33	36	2	8	15	16	17	22	23	27	31	38	2	2	28	215	0	179	3858	197	16	1	0	2	0	
0	5	9	12	13	15	19	25	29	34	2	4	6	17	23	27	28	30	31	38	3	3	40	144	93	0	161	4	0	3	1	1	0	
13	15	20	24	26	27	30	32	35	38	0	2	3	8	14	18	28	29	31	37	3	0	88	2302	504	2491	22286	0	28	3	2	1	0	
1	6	10	17	18	23	24	25	27	32	5	13	15	16	20	26	31	37	38	39	2	1	49	288	0	0	1094	1382	150	7	1	1	0	
3	7	10	12	17	22	24	30	34	39	8	9	11	13	20	21	27	28	36	38	1	2	83	450	232	0	3328	0	9	0	1	1	0	
0	5	6	8	13	16	21	22	32	33	3	7	10	11	12	20	24	25	35	36	0	3	50	0	0	1000	2664	262	20	3	0	1	0	
9	11	13	18	19	24	32	34	38	39	0	2	3	12	15	17	21	28	33	35	2	0	79	2234	29633	0	67265	923	28	10	1	0	0	
1	3	10	14	17	24	26	28	29	39	5	7	9	13	19	20	22	25	35	38	2	1	104	0	57206	0	42	75	0	2	1	1	0	
1	6	14	17	19	22	24	30	36	39	2	7	8	9	11	16	21	26	32	38	2	2	67	199	3330	196	0	566	22	0	2	1	0	
1	8	19	20	23	29	30	31	32	35	0	3	6	9	11	12	17	24	33	37	1	3	43	139	0	15546	0	5	15	3	2	1	0	
3	4	8	10	17	19	24	27	31	38	0	12	13	16	20	23	26	29	35	37	0	0	88	707	487	0	422	0	87	6	0	2	0	
4	6	8	12	15	17	18	20	21	23	13	16	19	22	25	28	29	32	34	38	2	1	98	512	13278	543	722	620	16	13	0	1	0	
0	6	13	18	22	25	27	29	37	39	1	5	7	9	15	20	23	26	31	35	1	2	48	179	398	0	29047	0	73	3	2	1	0	
0	1	4	7	16	21	24	25	27	32	6	8	9	11	19	20	29	31	38	39	0	3	101	399	463	0	14047	191	9	2	3	1	0	
0	6	12	16	21	23	24	26	32	35	1	8	10	11	13	14	20	27	28	30	0	0	52	875	0	443	0	633	240	4	1	0	0	
1	2	5	14	17	27	30	34	35	39	4	8	9	11	13	20	28	31	33	37	1	1	33	134	0	475	152	0	44	0	1	1	0	
5	6	11	13	15	24	27	28	35	36	1	4	7	10	16	18	29	30	33	38	3	2	30	149	0	134	0	109	12	1	0	1	0	
4	7	12	13	14	17	19	24	36	38	1	5	6	9	15	16	21	26	31	34	0	3	58	182	0	15527	241	371	0	4	2	0	0	
1	4	8	9	13	15	16	19	23	27	3	7	10	12	20	24	30	31	33	36	0	0	52	1549	7410	6779	0	483	0	12	2	6	0	
2	7	10	15	18	20	21	22	25	38	1	5	11	12	16	19	26	31	33	39	0	1	61	103	0	17116	0	6	10	0	1	1	0	
7	12	19	21	25	26	32	33	38	39	0	5	9	14	15	17	22	24	34	36	0	2	21	0	95633	148	486	0	0	2	1	1	0	
0	6	8	16	27	28	29	31	33	34	4	7	10	12	18	19	20	21	30	32	3	3	73	0	13533	154	0	204	15	2	1	0	0	
9	11	17	18	21	23	24	26	28	37	0	1	4	7	8	12	16	20	31	36	2	0	83	1801	0	13554	227	0	0	19	2	1	0	
3	4	8	10	12	23	24	31	37	39	0	2	5	19	21	22	28	30	34	38	3	1	87	75	0	0	0	0	291	5	1	1	0	
0	1	5	10	16	25	26	36	37	39	6	7	9	12	15	18	29	30	31	35	1	2	42	68	0	355	115	85	0	0	0	1	0	
1	4	5	7	13	20	26	33	34	36	0	10	16	21	22	25	27	30	37	38	1	3	10	229	345	0	85	39	7	2	0	1	0	
3	9	14	18	22	24	33	34	35	36	5	6	7	10	12	17	25	27	29	30	2	0	60	1093	0	416	197	0	40	4	1	0	0	
0	1	7	12	13	21	23	25	29	31	2	4	15	16	17	22	27	32	35	38	2	1	34	616	0	0	318	252	0	0	2	0	0	
0	9	12	13	14	16	18	22	31	32	2	4	6	7	20	21	24	28	35	39	0	2	86	271	0	234	90	0	0	0	1	0	0	
3	11	13	14	18	20	25	27	28	29	5	6	7	8	15	16	17	21	23	30	0	3	59	907	49413	0	882	1396	158	4	2	1	0	
1	7	8	10	13	15	28	33	36	37	0	3	5	6	16	22	23	27	30	35	0	0	29	978	8710	246	200	0	58	6	0	0	0	
3	9	13	15	16	26	29	32	34	36	0	2	10	12	14	18	25	31	33	37	0	1	43	74	0	59505	362	463	23	0	2	1	0	
2	9	15	16	18	21	27	29	36	37	1	4	11	17	22	23	24	32	38	39	3	2	60	72	0	191	0	2296	12	3	0	1	0	
0	4	12	14	16	17	21	29	31	39	7	8	20	23	27	30	33	35	36	38	2	3	49	182	516	403	127	82	0	0	2	1	0	
7	12	15	17	21	27	31	35	36	37	0	1	5	11	20	22	24	29	34	38	3	0	48	1351	159	0	11305	362	7	0	2	1	0	
7	11	12	14	15	18	22	25	26	28	1	4	6	8	9	19	20	21	23	33	1	1	92	704	672	1877	718	0	38	9	2	1	0	
2	4	8	13	16	20	23	29	32	33	0	1	3	6	12	28	34	36	37	39	1	2	10	261	121	98	0	7	59	3	1	0	0	
3	6	7	9	10	14	19	20	26	37	2	24	25	27	28	29	33	34	38	39	1	3	68	217	0	809	17141	8	45	11	1	0	0	
7	12	14	15	17	20	24	25	26	35	2	8	9	11	21	28	30	32	33	38	0	0	45	1788	4882	0	24806	0	128	3	1	1	0	
0	1	4	17	23	24	29	32	33	36	6	7	9	10	12	19	21	22	34	37	3	1	52	87	73	160	349	0	7	0	3	1	0	
1	2	3	5	9	11	17	23	33	36	4	10	13	15	18	25	29	31	32	35	1	2	81	421	18056	315	0	341	89	2	0	0	0	
0	14	18	21	22	27	33	36	38	39	4	5	9	13	19	23	29	32	35	37	0	3	79	436	3367	259	0	175	19	0	1	1	0	
12	14	16	18	19	24	26	33	35	39	0	2	5	7	20	21	25	31	32	34	1	0	73	1523	8940	8181	1041	7	6	0	3	1	0	
1	3	4	10	13	14	23	30	36	39	0	6	15	18	19	21	25	28	32	35	3	1	59	128	0	0	189	0	0	2	0	2	0	
1	13	18	20	22	25	28	35	36	38	4	5	9	11	15	16	17	23	26	37	0	2	70	0	895	667	239	132	0	13	1	1	0	
0	3	7	8	15	18	25	31	35	38	1	5	6	13	19	22	23	27	30	34	3	3	35	180	2660	101	376	0	0	16	2	1	0	
1	4	13	19	24	33	34	36	37	39	0	5	7	10	12	18	25	27	30	35	3	0	65	1042	0	774	0	691	6	5	3	1	0	
0	3	5	11	12	13	19	21	24	34	2	4	6	8	9	10	23	25	30	33	1	1	61	109	207	0	280	0	0	6	1	0	0	
0	8	9	10	16	26	30	33	37	38	4	5	7	14	18	22	27	28	32	39	2	2	65	223	342	0	157	0	3	5	1	2	0	
5	7	9	12	14	18	19	23	25	30	3	4	8	10	24	28	33	34	36	38	0	3	94	311	6088	0	48671	729	0	3	2	1	0	
1	2	3	8	12	15	22	23	29	30	0	6	7	19	20	26	32	33	34	37	0	0	57	596	151	0	428	5	8	2	0	1	0	
4	5	8	16	21	22	25	27	33	39	2	13	15	26	28	32	34	35	36	37	2	1	42	94	188	137	0	9	178	3	2	1	0	
2	4	12	20	21	27	35	36	38	39	0	3	7	8	9	11	14	15	17	31	3	2	43	242	1177	2968	0	7	16	2	0	1	0	
0	6	8	19	22	23	28	30	34	37	2	3	4	15	17	18	21	24	29	33	1	3	62	0	25835	434	0	643	13	3	1	1	0	
6	8	10	11	12	14	22	29	33	36	0	7	9	15	19	25	26	28	30	39	0	0	105	497	0	100	0	71	1	1	1	0	0	
7	14	16	17	19	21	25	26	28	30	1	2	10	15	18	24	27	31	36	38	1	1	102	615	20474	0	50464	3238	249	2	0	2	0	
9	12	13	17	19	21	24	29	30	39	1	14	16	22	23	28	33	34	35	38	1	2	84	279	0	28340	573	0	102	7	1	1	0	
1	3	5	9	13	18	20	22	31	34	2	8	11	16	17	19	24	25	26	37	2	3	4	130	867	0	2541	0	72	6	1	1	0	
11	14	15	23	25	33	34	35	36	38	3	6	8	10	17	21	24	28	37	39	2	0	45	2058	412	6029	154	844	0	7	0	0	0	
0	4	6	10	18	19	26	27	37	38	2	5	9	11	12	15	31	33	34	35	3	1	105	464	0	22913	0	834	145	0	1	0	0	
6	8	17	18	26	29	30	31	32	33	0	1	7	10	12	15	19	24	36	38	2	2	39	82	0	11346	0	749	37	3	1	0	0	
1	9	10	22	25	26	27	30	31	33	0	3	6	16	17	19	24	32	37	39	2	3	75	180	9457	1643	0	136	0	7	1	1	0	
0	10	13	17	18	19	23	24	26	33	4	8	11	12	16	20	27	30	34	35	3	0	31	1388	0	1291	452	2369	0	0	1	1	0	
2	5	12	14	21	24	29	31	35	37	0	15	16	18	19	20	23	25	26	36	1	1	105	163	0	542	549	80	23	0	1	1	0	
1	8	9	14	15	25	26	35	36	39	4	6	11	13	16	17	19	27	28	37	2	2	78	103	79	0	0	7	28	6	0	1	0	
0	7	20	21	24	25	26	30	31	32	3	6	12	13	14	23	27	28	34	39	1	3	6	483	248	495	0	651	31	0	2	0	0	
1	2	3	10	12	16	18	19	22	24	0	7	9	13	14	23	25	27	33	34	2	0	55	2226	0	0	1123	7	155	0	2	2	0	
1	4	7	12	13	17	28	30	33	37	2	3	5	9	11	14	23	26	27	39	1	1	42	124	104	0	0	56	10	3	2	1	0	
1	21	23	26	28	32	34	35	36	37	0	7	12	14	17	19	20	24	25	27	3	2	35	0	1140	97534	16772	5	67	11	2	0	0	
1	11	17	18	20	21	25	30	31	36	2	6	9	12	16	22	29	32	33	39	2	3	69	84	101	0	270	136	7	0	0	0	0	
0	10	12	14	15	20	28	29	30	31	9	11	13	18	19	21	22	24	26	37	3	0	43	822	0	0	556	0	38	3	2	1	0	
7	9	12	13	15	24	27	31	35	38	0	2	3	4	11	14	17	21	29	36	2	1	97	89	0	115	0	5	17	1	1	0	0	
4	6	11	13	20	22	24	26	33	34	3	10	14	15	17	18	19	23	30	37	0	2	16	198	0	455	0	155	5	0	1	2	0	
0	16	18	19	22	25	27	33	34	37	1	5	7	8	9	20	21	29	30	32	0	3	92	163	85	136	0	603	0	9	1	1	0	
0	1	2	7	8	9	14	18	27	37	13	16	19	22	26	31	35	36	38	39	2	0	78	1311	33092	9659	1364	748	105	0	2	1	0	
1	6	10	13	14	21	25	33	35	36	5	9	16	18	26	27	32	37	38	39	3	1	46	153	0	337	163	0	19	3	0	0	0	
7	10	13	18	22	23	27	29	32	37	0	3	5	9	11	15	17	24	38	39	3	2	53	262	202	0	0	7	0	3	1	1	0	
2	3	5	9	10	13	17	27	29	32	11	15	19	21	22	28	30	33	36	37	3	3	47	252	173	0	36978	323	225	0	3	0	0	
0	4	5	12	13	20	21	30	35	37	11	15	16	18	22	23	31	32	33	36	0	0	3	668	44	72	0	0	4	1	1	1	0	
0	6	9	10	13	17	23	31	32	39	2	4	7	8	12	14	16	19	24	27	2	1	46	0	970	210	338	0	39	0	1	0	0	
4	8	10	11	16	17	19	21	22	38	1	5	9	12	14	20	26	27	29	30	3	2	66	295	19216	3066	0	7	0	19	1	0	0	
1	2	9	23	29	32	33	34	38	39	0	14	16	17	19	20	21	28	31	35	2	3	82	434	7278	829	1851	633	26	14	1	1	0	
4	7	10	14	17	18	19	20	34	35	5	8	22	23	26	27	28	29	32	36	1	0	75	1777	0	727	7284	4	218	0	2	0	0	
6	8	12	14	15	17	23	25	29	34	0	1	7	9	16	18	21	24	27	37	2	1	117	178	1787	0	14461	147	0	11	1	1	0	
3	8	9	11	15	19	27	29	30	33	0	7	20	24	25	26	31	35	37	39	1	2	85	185	0	77774	1025	1827	15	0	2	0	0	
1	3	8	12	15	17	22	25	32	37	0	2	7	28	29	31	34	35	36	38	3	3	79	157	0	187	752	0	13	5	2	0	0	
9	10	14	19	20	30	31	34	38	39	3	4	5	7	13	15	17	29	35	36	0	0	51	2009	4295	0	0	5	33	8	2	1	0	
1	2	3	16	17	18	23	26	33	38	0	7	14	19	22	24	27	30	31	39	1	1	77	98	0	0	498	6	0	1	0	0	0	
1	2	4	7	21	24	25	32	36	39	3	5	8	9	12	17	19	22	23	26	2	2	87	391	814	282	628	435	28	0	0	1	0	
3	5	9	11	16	17	23	28	32	33	1	4	6	8	10	12	13	15	18	20	3	3	17	0	0	593	460	758	11	2	0	1	0	
2	10	17	24	27	29	31	32	35	39	0	4	5	8	9	14	20	23	37	38	0	0	67	1157	0	479	362	1155	196	14	2	1	0	
1	3	6	14	17	20	21	27	32	33	0	4	5	7	12	18	29	37	38	39	1	1	27	258	135	0	0	212	4	0	0	0	0	
0	13	16	18	24	25	26	31	34	37	3	7	8	10	20	22	23	27	33	39	0	2	64	359	0	308	372	278	25	3	0	1	0	
1	13	15	21	23	28	31	36	37	38	2	4	5	8	10	14	16	20	24	26	2	3	54	423	510	381	0	8	63	0	0	1	0	
1	8	10	17	21	27	29	31	32	39	0	5	7	9	11	15	18	20	23	38	2	0	91	1063	1679	0	333	163	7	0	1	1	0	
6	8	12	13	19	23	29	32	33	39	2	9	14	18	20	24	26	28	34	37	2	1	79	116	0	31	0	5	2	0	1	1	0	
6	7	9	11	12	14	20	23	28	34	1	2	4	8	16	19	21	27	33	39	3	2	35	114	2315	301	160	0	36	11	2	1	0	
4	8	15	17	19	22	25	35	36	37	0	3	5	7	11	14	21	24	29	32	0	3	86	183	113	0	4710	0	19	0	2	1	0	
4	10	16	18	19	22	25	26	34	38	9	11	12	17	20	23	31	35	37	39	1	0	95	1135	364	7736	403	598	0	4	2	1	0	
1	11	13	19	26	27	29	36	37	38	2	6	14	15	18	21	22	23	31	33	3	1	83	228	1086	0	5563	401	26	0	1	0	0	
1	3	6	15	20	22	24	28	34	39	12	13	16	17	19	21	25	26	32	38	1	2	75	199	0	0	13029	4	1	2	1	1	0	
0	1	6	8	10	11	12	18	23	34	4	15	16	17	19	25	32	33	36	38	3	3	77	413	253	0	0	0	0	7	0	1	0	
2	9	17	18	20	22	27	32	33	34	0	4	5	6	8	25	29	36	37	39	3	0	104	615	0	1086	1178	0	69	11	0	1	0	
3	6	9	16	17	27	30	31	32	33	2	7	11	18	19	23	24	26	29	37	0	1	54	124	595	0	0	102	0	0	0	0	0	
8	9	13	19	20	22	24	29	31	35	1	3	5	6	12	18	21	28	30	39	3	2	61	144	0	578	1788	952	558	6	1	0	0	
2	5	13	14	19	28	30	32	36	37	0	3	6	11	20	23	33	35	38	39	3	3	73	0	23410	274	91	0	6	1	0	12	0	
0	4	6	10	21	26	32	33	36	39	3	8	11	14	15	18	23	28	29	37	1	0	88	1493	203	313	0	815	0	10	1	1	0	
1	3	4	13	21	25	31	33	34	35	9	11	12	19	20	26	30	32	36	39	1	1	49	81	0	0	358	0	19	8	0	1	0	
2	11	13	14	17	19	23	27	35	39	10	12	22	24	26	29	30	33	36	37	1	2	27	185	305	6059	0	0	56	0	2	1	0	
2	6	11	13	18	20	28	35	37	38	3	7	12	16	25	29	30	33	36	39	1	3	36	194	1858	170	0	192	26	0	2	0	0	
2	3	8	9	10	22	23	34	36	38	1	6	20	25	29	30	31	33	35	39	0	0	104	774	0	386	5859	24	4	1	0	1	0	
6	10	12	15	16	18	19	22	32	34	0	8	9	14	17	26	27	31	38	39	3	1	117	0	108729	2287	1560	162	0	8	0	1	0	
1	3	6	11	17	20	33	34	36	39	4	5	9	12	13	16	19	26	29	30	1	2	92	824	2955	71	80	0	0	4	1	0	0	
0	1	2	4	8	12	20	21	31	34	3	7	14	18	24	25	26	29	33	37	3	3	22	178	0	0	128	0	31	3	0	1	0	
2	6	8	11	20	24	27	35	37	39	3	5	12	22	23	28	30	31	32	38	1	0	18	766	9140	0	211	266	0	2	1	1	0	
3	10	21	22	26	27	31	32	34	38	6	8	9	14	15	19	24	28	29	35	2	1	100	236	14984	0	890	993	59	2	2	0	0	
11	17	20	21	23	24	29	32	34	37	7	8	9	10	18	19	26	27	31	36	1	2	61	675	130	0	438	5	45	4	2	1	0	
8	10	16	24	25	26	27	30	35	36	0	7	11	13	14	18	19	31	32	38	3	3	89	144	139	854	7568	156	0	15	0	0	0	
6	7	8	12	17	21	32	34	36	37	1	11	22	23	24	25	29	31	33	35	0	0	14	1207	601	356	0	320	0	0	3	1	0	
9	14	16	22	23	29	30	33	34	39	4	6	10	12	17	18	19	32	36	37	1	1	110	1159	0	28849	47832	1158	120	4	0	0	0	
4	9	10	13	18	19	22	24	33	37	5	15	17	20	23	26	27	28	36	38	1	2	97	100	0	220	705	0	177	3	2	2	0	
3	9	13	16	20	25	27	36	38	39	1	7	11	15	17	22	23	24	31	34	2	3	53	264	5519	582	0	349	0	11	2	2	0	
1	4	6	8	12	13	14	19	38	39	2	3	5	7	10	11	15	18	30	32	3	0	36	1176	103	0	17156	5	0	3	2	1	0	
2	4	5	8	10	15	20	28	34	35	0	6	18	21	22	24	32	33	37	38	0	1	67	150	0	25243	73	121	0	0	2	6	0	
0	10	14	16	18	19	24	26	34	38	3	5	6	11	17	23	30	31	32	35	2	2	21	196	0	310	0	8	156	0	1	1	0	
0	5	12	14	18	23	27	28	37	39	2	4	19	20	25	26	29	30	34	38	3	3	90	127	0	17003	0	1243	16	3	1	1	0	
1	12	13	15	23	25	30	32	35	38	2	7	8	11	16	18	22	29	31	36	2	0	67	1107	207	1293	301193	637	76	5	2	1	0	
0	3	4	5	11	14	15	25	26	37	9	12	13	16	17	18	28	30	32	38	3	1	36	167	0	26092	376	4	0	0	1	3	0	
2	6	10	17	21	27	30	31	37	38	0	1	12	15	20	22	23	26	34	35	3	2	39	231	0	389	178	0	15	1	1	0	0	
5	12	27	29	30	32	33	35	36	37	4	6	7	8	10	11	21	28	31	39	3	3	78	654	0	77	44	5	16	3	0	1	0	
8	11	14	15	20	21	22	25	28	29	1	4	7	9	23	30	36	37	38	39	2	0	103	2276	48609	1967	2683	5	47	4	1	1	0	
2	4	6	14	19	28	29	31	32	35	5	8	11	12	15	16	22	24	33	37	0	1	51	101	141	0	20030	2	10	0	1	0	0	
3	4	6	11	19	21	22	24	30	33	0	1	2	9	12	14	18	25	35	37	3	2	42	112	0	24004	162	165	0	2	2	1	0	
2	8	9	10	16	21	22	28	29	39	1	5	13	17	19	31	32	34	35	37	1	3	107	281	29400	0	0	9	0	1	2	0	0	
3	7	14	17	20	28	29	30	31	38	0	2	9	10	16	21	24	25	34	35	3	0	61	495	0	525	0	667	9	4	1	1	0	
2	3	10	12	17	22	23	24	26	38	5	7	8	9	21	25	27	28	29	30	3	1	56	338	332	0	61534	0	58	9	2	1	0	
15	18	21	22	26	28	30	31	32	35	2	3	5	8	9	10	14	17	27	34	3	2	39	157	180	177	1008	378	15	0	2	1	0	
1	3	8	10	12	14	17	19	24	38	0	2	7	11	22	23	27	28	30	35	0	3	71	0	33330	141694	745	2538	104	12	2	1	0	
3	6	8	13	16	21	25	26	32	35	0	2	4	7	12	18	27	29	31	38	0	0	82	1323	375	0	724	0	36	3	2	0	0	
4	8	11	12	16	20	21	31	32	39	6	10	13	15	17	22	25	28	29	36	1	1	84	0	153	0	196	679	0	10	2	1	0	
3	11	13	20	21	26	29	31	32	36	0	1	2	6	7	8	12	27	37	38	0	2	69	283	0	0	508	237	29	2	1	0	0	
3	4	8	17	20	25	27	29	35	37	2	5	6	12	13	16	19	26	31	36	3	3	74	148	0	0	594	695	87	0	2	1	0	
0	3	4	16	17	19	26	27	35	37	1	5	14	18	21	24	29	32	33	38	2	0	44	294	0	116	1733	0	5	0	1	0	0	
6	8	19	22	25	26	29	32	34	36	1	2	4	7	15	16	18	31	37	39	2	1	77	0	44872	5121	11512	0	19	0	2	1	0	
2	5	6	7	10	12	18	34	38	39	9	16	17	19	25	27	29	30	35	37	2	2	81	300	15182	0	60451	1274	9	3	1	1	0	
1	5	8	9	21	24	30	32	37	38	0	2	15	22	28	29	33	34	35	36	1	3	34	560	11530	333	918	454	0	7	1	1	0	
0	1	4	9	10	23	25	27	30	37	2	5	16	19	20	26	31	33	34	36	1	0	42	866	785	0	1208	465	13	3	0	1	0	
10	17	24	25	26	31	32	33	35	38	0	1	4	6	7	12	15	22	23	36	2	1	22	622	8366	716	0	1379	194	0	1	1	0	
11	12	13	15	16	20	23	25	34	37	4	5	10	17	19	22	24	29	33	36	1	2	96	192	8907	260	96	124	0	2	1	1	0	
7	16	18	22	26	27	29	33	37	38	6	8	11	13	14	15	23	30	31	32	3	3	64	0	25002	193	0	7	0	10	2	1	0	
6	13	14	18	22	23	24	29	33	35	1	3	17	19	21	26	28	32	34	36	3	0	56	586	142	0	0	5	0	3	1	0	0	
2	3	7	8	10	11	18	27	30	34	6	12	14	21	23	25	26	32	36	38	3	1	41	246	3591	93	0	0	15	2	1	1	0	
1	3	4	5	16	17	19	21	25	29	7	13	15	22	24	31	32	34	38	39	0	2	35	506	3070	479	1201	7	0	8	1	1	0	
1	16	18	26	29	31	32	36	37	39	2	3	7	11	12	17	20	23	28	30	3	3	61	117	0	30726	1637	7	35	3	0	1	0	
4	7	17	18	21	22	26	31	37	38	2	5	6	10	11	12	19	20	27	28	2	0	56	520	0	32252	0	0	53	0	1	1	0	
16	17	18	19	23	26	31	34	37	39	0	1	11	13	14	22	24	25	27	38	0	1	46	89	0	456	46712	1243	39	4	1	1	0	
2	11	14	23	24	27	29	33	37	38	3	6	8	9	12	15	25	28	31	35	2	2	75	0	1508	696	10928	394	38	4	2	1	0	
3	4	13	18	20	21	24	26	33	38	1	2	12	17	19	27	32	35	37	39	0	3	44	249	0	231	9592	446	73	3	1	0	0	
2	3	8	11	14	18	21	27	31	33	4	13	20	22	23	25	35	36	37	38	0	0	30	1403	141	341	243	0	26	0	1	0	0	
11	12	13	14	16	17	23	25	31	39	1	8	18	20	21	22	26	27	28	33	0	1	30	645	160	294	0	454	24	2	1	1	0	
5	12	16	17	18	19	22	28	29	32	3	6	8	20	24	26	30	33	34	35	0	2	30	0	30675	53961	0	9	45	11	0	1	0	
0	10	11	13	14	28	30	33	34	35	1	8	9	15	19	20	23	26	29	38	1	3	58	0	14662	0	618	640	0	2	2	0	0	
5	12	15	18	21	25	28	30	32	37	3	4	6	20	22	27	29	34	38	39	3	0	87	1087	15378	0	940	703	0	0	3	1	0	
4	8	10	12	15	17	20	23	28	30	0	1	11	18	19	22	24	31	32	36	0	1	24	152	0	0	1425	58	7	2	1	1	0	
4	5	7	9	14	16	19	29	30	34	1	3	8	11	13	18	24	28	33	38	2	2	71	314	6513	527	0	0	186	3	2	1	0	
2	7	8	9	10	11	20	26	37	38	3	4	17	18	22	23	27	28	30	39	1	3	38	58	0	0	585	3	3	0	3	1	0	
3	4	5	8	12	16	21	30	37	38	7	10	14	15	20	22	25	34	35	39	0	0	81	2488	8403	609	0	0	8	3	2	0	0	
3	6	7	9	12	21	24	25	30	36	1	2	5	14	19	23	27	32	35	39	2	1	87	185	0	848	17540	476	56	6	0	0	0	
11	12	15	18	19	27	30	33	36	37	1	8	9	13	22	24	26	29	31	35	0	2	68	679	18405	13721	1602	1473	43	0	2	1	0	
0	1	9	18	22	29	34	35	37	38	2	3	11	12	17	19	24	25	27	33	1	3	82	195	240	389	8591	0	24	2	0	1	0	
4	7	8	18	24	26	31	32	36	37	5	6	9	12	16	17	19	22	27	30	0	0	85	1018	7026	0	19851	159	8	0	2	0	0	
6	8	11	13	22	23	25	28	29	37	2	3	5	7	15	19	21	26	36	38	0	1	57	141	0	529	0	896	18	0	2	1	0	
3	6	12	19	20	21	22	32	35	36	8	10	13	14	15	16	23	31	37	38	0	2	9	0	0	0	44	0	17	1	1	0	0	
9	10	24	26	28	30	31	34	35	36	2	5	12	14	21	22	27	32	38	39	1	3	35	490	212	170	0	0	86	5	0	1	0	
1	3	6	13	14	18	19	20	23	24	0	7	10	11	25	28	33	34	36	38	2	0	22	957	2687	327	587	2587	0	2	1	0	0	
1	7	12	14	16	21	32	33	36	38	9	17	20	25	27	29	31	34	35	37	3	1	99	450	3179	0	859	1270	54	3	0	0	0	
5	8	9	13	14	21	23	32	33	35	11	15	18	24	27	29	30	34	36	37	3	2	63	136	0	0	0	0	13	3	0	1	0	
2	5	6	12	13	15	22	26	35	38	1	9	10	20	23	28	29	34	36	37	2	3	58	156	1210	290	0	0	3	2	0	1	0	
3	9	15	16	18	29	30	33	34	36	2	4	6	7	10	12	17	22	23	27	3	0	53	1007	154	239	2794	0	25	2	0	1	0	
2	6	8	9	11	12	16	17	25	35	4	20	22	24	28	31	32	34	37	39	0	1	78	286	0	36096	27635	521	190	0	2	0	0	
1	3	9	11	12	13	28	29	31	37	0	2	6	7	16	23	24	32	33	34	3	2	44	189	1683	0	322	0	139	0	1	0	0	
0	5	6	7	9	11	20	21	29	34	2	12	13	24	26	27	28	30	35	36	3	3	6	0	0	65200	490	321	12	2	1	2	0	
1	5	8	14	20	29	30	31	34	35	3	11	15	19	21	22	23	24	27	38	1	0	53	799	1314	0	863	741	29	0	2	1	0	
0	1	2	4	9	10	21	27	28	37	3	7	8	11	15	16	31	32	34	36	2	1	47	0	1153	290	1129	5	43	2	1	1	0	
5	6	7	10	11	15	21	22	26	33	1	8	12	18	29	32	35	36	38	39	3	2	73	208	2653	133	0	0	11	5	2	1	0	
3	8	11	12	18	19	25	27	32	36	0	2	4	13	14	24	26	29	31	38	3	3	32	158	0	646	0	295	3	0	1	1	0	
1	8	17	18	19	23	25	27	28	30	5	10	12	14	20	21	22	33	34	37	0	0	27	1033	652	45903	0	749	26	4	0	1	0	
4	5	14	19	20	25	34	35	37	38	1	8	9	13	15	16	21	24	30	31	1	1	45	185	0	55004	0	1182	36	0	3	1	0	
13	15	16	18	19	22	24	26	34	38	0	1	4	5	7	14	21	25	35	36	1	2	60	1500	732	2653	169674	9	52	0	2	1	0	
3	17	18	19	23	28	29	32	34	37	4	5	11	12	21	22	24	26	27	30	3	3	44	206	0	1368	214	120	0	13	0	1	0	
2	3	7	11	13	15	22	24	26	38	0	1	4	8	16	18	23	32	34	35	2	0	6	698	121	0	133	468	0	6	0	1	0	
4	16	21	22	25	28	29	30	32	33	0	3	7	11	12	13	17	23	26	38	0	1	43	209	0	43371	1716	7	76	6	1	1	0	
0	7	10	11	17	22	23	26	30	39	3	9	12	13	20	25	27	32	34	36	3	2	50	168	0	108	0	4	0	0	1	2	0	
1	2	7	10	18	24	26	28	29	30	6	16	19	20	22	27	31	32	33	37	0	3	82	295	507	0	0	575	181	5	1	1	0	
5	11	14	17	23	24	31	32	35	38	0	2	4	6	8	9	10	19	20	34	2	0	16	873	0	270	114	198	0	7	2	0	0	
3	7	12	13	22	23	24	31	37	38	1	4	5	6	15	17	18	20	26	33	0	1	76	0	0	372	8398	0	117	4	2	1	0	
5	10	18	20	24	26	27	28	30	31	1	4	8	11	16	21	23	32	35	38	0	2	41	344	0	720	245	0	0	2	1	0	0	
7	8	13	18	20	22	23	28	29	34	1	6	14	15	19	30	35	36	37	38	1	3	82	233	0	51146	0	504	63	0	2	1	0	
2	3	9	11	18	19	23	24	28	39	1	6	8	10	20	26	29	36	37	38	1	0	93	373	0	0	0	7	3	3	0	1	0	
1	3	8	11	14	16	21	27	29	30	0	9	10	19	23	25	26	35	37	39	2	1	92	220	0	1921	18887	200	26	1	0	2	0	
0	2	5	7	9	12	14	26	31	36	3	4	8	13	15	16	19	29	35	37	0	2	93	857	10342	5977	339	0	11	7	2	0	0	
4	5	12	17	19	22	23	26	33	34	7	9	11	15	18	24	30	32	35	39	2	3	56	95	1937	0	40	0	6	3	1	0	0	
12	14	16	17	23	32	33	36	38	39	0	2	8	9	10	20	21	28	29	34	3	0	96	1922	26575	0	32701	1306	58	5	3	1	0	
1	6	7	14	19	20	30	31	38	39	0	3	5	8	18	21	22	29	33	36	0	1	76	310	4470	316	8437	0	27	0	2	1	0	
1	2	5	7	9	14	15	20	23	35	6	10	16	17	22	26	27	29	30	37	1	2	39	275	364	0	814	0	74	5	1	1	0	
9	10	12	24	27	28	29	34	36	37	0	1	4	6	8	13	23	25	31	35	1	3	36	104	730	215	0	120	2	1	3	0	0	
8	9	11	15	16	18	26	28	34	36	0	4	12	13	14	17	20	30	31	38	3	0	46	998	0	148	0	6	0	6	2	1	0	
1	9	13	14	17	24	25	27	30	36	6	7	15	16	20	21	31	32	33	35	0	1	33	374	1476	199	168	0	206	0	2	1	0	
6	8	17	19	24	30	33	34	35	37	2	4	13	14	15	16	25	27	28	32	2	2	50	564	267	113	0	516	24	12	4	1	0	
0	4	5	8	10	16	18	25	31	37	7	9	11	13	15	19	28	29	30	39	0	3	90	0	632	38697	0	273	36	5	1	0	0	
3	5	8	10	11	12	15	24	26	31	2	6	7	13	19	20	21	28	32	34	1	0	72	722	1805	0	355	4	5	0	0	0	0	
0	3	6	7	11	12	16	27	29	33	1	2	4	19	20	23	24	37	38	39	1	1	65	386	485	0	2549	1797	20	0	2	0	0	
0	7	9	14	18	22	25	28	32	33	3	6	8	13	20	21	26	30	36	39	2	2	77	0	0	136	0	7	10	0	2	1	0	
8	9	13	22	24	27	29	35	37	38	0	6	10	11	14	15	19	20	25	26	3	3	55	194	0	29375	837	6	0	33	3	1	0	
1	4	5	11	15	16	19	26	28	31	0	2	7	14	20	22	24	30	38	39	0	0	49	1871	0	80548	0	1969	76	8	0	2	0	
0	1	6	10	12	16	23	33	34	39	3	7	8	19	20	21	25	29	35	36	0	1	78	217	241	247	0	10	0	0	2	2	0	
4	5	12	15	18	19	21	25	34	36	0	9	10	17	23	27	30	33	35	39	0	2	49	156	0	208	0	552	10	6	0	1	0	
2	5	6	15	22	23	27	29	33	34	0	1	4	8	9	13	14	26	32	39	1	3	81	0	15747	309	9111	659	14	3	0	1	0	
5	6	8	16	17	20	21	35	37	38	1	3	10	11	14	18	19	27	28	39	2	0	62	770	102	0	52779	4	0	0	3	2	0	
0	6	13	19	24	26	28	32	33	35	4	7	9	11	16	27	31	36	38	39	0	1	86	220	122	0	178	0	48	0	2	1	0	
0	6	16	17	19	21	24	29	33	38	2	9	12	13	15	23	27	32	35	39	3	2	91	219	4037	0	142	3	0	3	0	1	0	
3	9	13	18	21	26	27	28	30	35	0	2	7	14	20	25	29	32	37	38	3	3	85	141	0	333	521	0	479	24	3	1	0	
0	7	8	16	18	22	24	26	30	37	1	6	11	13	19	21	32	33	36	38	1	0	69	888	0	30260	2413	135	0	17	1	1	0	
8	9	12	15	20	22	24	25	30	36	0	4	14	17	18	23	32	33	35	39	0	1	69	93	0	626	14759	7	0	4	1	1	0	
2	3	5	9	11	14	17	19	27	29	0	8	10	15	18	26	33	34	35	39	1	2	115	280	501	4822	296	931	16	6	1	2	0	
3	8	11	18	26	28	32	33	34	35	0	1	4	5	7	9	12	16	23	38	2	3	28	129	83	82	0	7	19	0	1	0	0	
8	9	14	15	17	19	28	30	36	37	10	12	16	18	22	25	26	34	38	39	3	0	120	773	4011	0	116	4	8	0	1	0	0	
1	6	8	12	14	16	21	23	31	33	0	3	7	10	20	24	25	29	30	38	2	1	46	222	4278	114	1178	0	0	3	0	1	0	
1	2	7	8	12	13	14	16	20	22	0	23	27	32	34	35	36	37	38	39	1	2	25	299	5008	0	0	761	33	10	0	0	0	
1	7	16	17	23	24	25	32	33	38	2	5	11	12	13	14	22	26	31	34	2	3	19	163	0	192	10722	0	7	0	1	1	0	
0	4	7	8	12	13	16	31	35	36	1	2	6	15	19	25	30	33	37	38	1	0	34	2376	324	385	352	0	39	4	1	1	0	
5	6	7	18	19	20	26	30	36	37	1	2	10	14	23	28	31	32	35	39	3	1	81	104	70	366	0	6	10	7	0	0	0	
10	14	17	18	24	25	30	35	36	39	2	3	7	11	13	15	21	31	37	38	0	2	25	494	122	0	833	1362	23	7	1	6	0	
2	5	7	9	15	23	26	30	32	33	6	10	11	14	17	25	27	28	29	39	2	3	94	402	4481	3673	0	592	198	0	1	0	0	
6	7	9	11	21	23	24	25	29	38	0	2	4	15	26	28	32	33	34	39	1	0	75	1575	14972	0	16274	264	18	2	2	1	0	
3	7	9	10	18	19	25	26	31	37	1	13	17	20	23	24	28	30	33	39	2	1	86	187	0	306	435	0	17	2	0	1	0	
1	5	7	16	17	20	21	27	35	37	8	11	12	13	22	23	26	31	34	38	3	2	37	183	0	220	0	414	7	2	0	1	0	
1	4	10	16	22	26	27	29	33	35	5	6	8	11	12	13	18	19	24	30	3	3	46	331	0	984	544	664	0	5	2	1	0	
1	2	7	9	10	21	23	28	33	39	0	3	4	16	20	22	31	32	35	36	0	0	78	2720	232	0	13379	0	21	4	0	1	0	
4	10	13	16	18	19	21	27	33	34	1	3	6	23	25	26	31	32	35	39	2	1	36	391	0	719	6814	0	94	0	1	1	0	
2	10	18	19	22	26	30	31	35	39	0	1	3	8	17	21	28	29	34	36	0	2	104	0	141	0	920	288	22	16	1	1	0	
0	1	5	7	12	15	25	26	27	35	9	11	17	19	21	22	30	33	37	38	1	3	54	163	219	7054	0	6	0	3	2	1	0	
2	6	13	21	25	26	31	32	36	38	1	3	4	5	15	20	22	28	34	39	3	0	56	1551	182	0	0	131	0	2	2	2	0	
1	2	6	13	15	16	21	28	35	39	0	3	4	14	18	19	27	29	34	36	2	1	87	111	0	176	0	335	9	3	0	1	0	
2	6	9	15	17	27	32	33	38	39	5	11	13	18	21	22	23	25	26	30	3	2	68	0	372	828	89355	276	0	15	1	2	0	
3	5	12	15	17	25	32	34	37	38	0	1	2	4	6	7	11	13	16	30	1	3	28	319	18153	163	0	0	407	20	1	0	0	
6	10	13	18	20	21	25	28	29	33	1	4	12	14	23	26	27	34	37	38	2	0	91	1346	978	1029	0	1330	34	9	2	1	0	
1	4	5	8	15	19	25	27	32	35	2	6	11	16	17	23	24	26	31	33	0	1	53	194	2178	170	0	7	5	0	1	1	0	
0	1	5	11	13	19	23	27	34	37	9	10	12	15	16	20	21	28	30	38	0	2	24	99	143	0	744	0	35	5	1	0	0	
2	8	10	20	21	23	24	28	34	38	0	3	4	6	7	11	13	26	33	37	2	3	89	125	0	11850	575	622	67	9	0	0	0	
5	8	11	13	16	17	22	25	30	38	1	4	6	19	27	28	32	34	35	39	1	0	76	1155	0	24086	591	1203	100	8	0	1	0	
4	15	19	21	24	26	29	34	35	36	2	8	10	12	17	18	25	27	38	39	2	1	82	206	346	445	62	81	0	20	1	1	0	
0	3	5	7	22	24	25	26	33	36	8	10	15	16	17	18	31	32	37	39	1	2	59	218	718	352	185	0	288	1	2	1	0	
3	18	19	23	27	28	30	34	36	37	0	1	5	10	12	13	14	21	32	35	2	3	10	351	254	3839	0	596	0	2	1	1	0	
4	5	10	14	21	25	27	31	35	36	1	3	6	8	24	26	28	37	38	39	1	0	46	744	0	249	0	779	45	0	5	1	0	
3	5	8	9	10	16	17	33	36	37	4	12	19	20	25	27	28	30	31	39	0	1	99	472	259	570	11214	0	56	0	2	1	0	
0	7	10	11	15	22	25	26	32	34	3	5	6	12	16	20	23	33	36	39	2	2	11	87	381	0	0	261	2	1	1	0	0	
2	3	5	8	10	14	25	28	29	31	0	1	9	16	20	22	27	33	35	36	2	3	36	265	310	4763	0	7	0	5	2	1	0	
1	3	4	5	8	18	20	23	33	38	11	14	16	21	24	26	27	35	36	37	0	0	65	1283	0	552	19674	8	201	2	2	0	0	
3	4	7	14	18	23	27	28	36	38	1	5	8	10	12	13	25	26	32	34	0	1	63	73	102	0	153	0	9	3	0	1	0	
2	4	5	15	23	26	29	30	31	34	0	8	14	16	20	21	25	35	36	39	0	2	54	0	17351	411	345	344	0	4	2	1	0	
6	7	9	16	27	28	29	33	36	37	3	5	15	18	20	22	23	26	31	34	0	3	55	89	148	0	558	8	0	11	2	1	0	
5	12	18	20	21	24	29	31	35	39	3	4	6	8	9	11	16	22	30	37	2	0	73	888	20098	386	8266	530	7	2	1	1	0	
3	4	7	17	22	25	30	33	38	39	1	6	9	10	12	13	29	34	35	37	0	1	54	256	10019	237	90	128	0	8	2	1	0	
0	3	8	9	15	19	21	32	33	35	10	13	16	24	27	30	31	34	37	38	3	2	60	234	0	62624	634	2452	62	0	1	0	0	
7	14	18	19	21	22	23	27	29	32	4	10	11	12	13	16	20	26	33	35	2	3	90	478	6394	0	14975	1051	76	18	0	1	0	
3	5	6	7	16	19	24	25	33	39	0	9	11	15	23	26	29	30	31	37	0	0	93	659	211	0	24021	782	0	18	1	1	0	
0	2	3	8	9	10	15	27	35	37	11	16	17	19	22	24	26	29	32	38	3	1	78	0	24552	0	1341	0	118	3	2	1	0	
3	5	9	11	12	14	15	16	29	35	1	2	7	8	17	18	21	26	37	39	3	2	80	600	1034	434	0	3091	280	12	0	1	0	
2	6	25	27	28	30	31	33	35	37	1	3	4	7	9	14	17	18	23	34	3	3	87	502	9541	0	1346	8	0	4	2	1	0	
0	2	11	22	23	26	30	36	38	39	4	5	9	14	18	27	28	29	33	34	1	0	46	947	481	0	0	174	18	14	2	1	0	
1	6	8	11	16	18	28	36	38	39	0	7	10	13	19	22	23	29	31	37	1	1	100	156	1913	0	364	4	0	7	2	1	0	
0	1	8	9	12	14	16	21	23	29	3	7	10	15	25	26	28	30	36	39	2	2	81	298	8049	1576	743	245	70	0	2	1	0	
0	1	2	3	6	9	14	15	18	38	11	13	19	20	22	26	28	33	37	39	0	3	101	1461	249	13667	582	0	30	12	1	1	0	
3	4	5	6	13	20	21	23	31	36	0	7	11	15	18	19	25	26	29	37	2	0	37	1160	233	0	121	156	39	16	0	0	0	
3	6	14	16	19	20	23	25	29	32	0	4	12	18	22	24	33	36	38	39	1	1	79	228	6795	459	0	0	33	3	1	1	0	
5	15	19	21	22	25	29	30	32	34	1	3	10	11	16	20	23	35	37	38	1	2	56	248	7777	149	161	0	189	0	3	1	0	
9	12	13	17	19	21	24	29	30	39	1	14	16	22	23	28	33	34	35	38	2	3	96	1212	0	21460	0	1413	48	3	1	1	0	
6	10	11	13	17	26	27	29	35	37	0	1	4	5	7	12	15	18	20	22	0	0	93	1194	0	888	514	943	0	23	2	0	0	
4	7	13	18	22	24	29	36	37	39	0	1	11	16	21	23	25	32	33	38	2	1	51	149	1563	0	154	0	60	5	0	1	0	
0	13	20	25	27	29	32	33	35	36	1	3	6	9	11	12	15	16	21	22	1	2	40	244	13866	251	0	1745	0	4	2	1	0	
0	3	5	9	12	14	21	22	25	27	8	10	15	18	19	20	26	30	32	34	0	3	77	466	941	562	0	2081	36	8	2	1	0	
11	15	17	19	21	27	30	33	36	38	0	3	4	5	13	23	25	29	31	39	2	0	71	1163	0	1930	1137	459	30	3	0	1	0	
0	7	9	13	23	26	30	31	36	37	1	3	4	6	8	16	29	32	33	35	3	1	85	461	3076	0	680	582	0	3	1	1	0	
2	8	13	14	17	21	25	33	34	35	0	1	3	6	12	22	30	36	37	38	2	2	18	48	0	0	237	9	0	2	0	0	0	
1	6	12	16	17	23	34	36	38	39	2	8	9	13	14	15	21	24	25	28	2	3	65	262	5134	0	10245	259	0	3	1	1	0	
2	4	6	9	13	14	16	17	26	38	3	7	15	18	21	22	29	32	36	39	0	0	77	920	750	780	228	0	52	25	2	0	0	
0	3	6	14	18	19	28	29	30	33	1	4	5	7	15	17	27	34	35	38	2	1	69	275	0	650	13671	128	5	3	0	0	0	
6	7	10	13	17	20	23	24	29	38	4	8	12	19	21	26	28	31	32	36	2	2	95	90	259	0	99	0	72	1	0	1	0	
2	5	7	8	12	13	25	32	34	38	3	6	16	18	23	24	26	36	37	39	0	3	72	219	16122	80	48	0	42	2	2	0	0	
0	2	12	14	17	20	21	31	33	37	6	7	9	11	18	19	22	24	30	36	0	0	49	884	0	863	212	0	0	5	1	0	0	
4	5	6	7	9	10	14	16	25	28	0	1	3	15	26	29	30	32	33	34	3	1	35	698	16516	323	340	175	2	2	1	0	0	
2	7	8	10	14	15	16	17	26	30	12	18	19	22	23	25	28	32	35	36	0	2	65	0	38390	38279	0	1182	77	4	0	1	0	
0	1	2	11	14	17	22	25	30	37	4	9	12	13	18	21	27	33	35	38	2	3	48	96	0	176	50	0	3	2	1	0	0	
0	4	12	14	17	25	33	34	35	39	1	5	6	13	15	20	22	24	29	30	0	0	47	818	25356	157	0	806	14	9	0	1	0	
7	9	12	13	21	24	26	33	36	38	1	5	11	14	15	16	17	25	31	32	0	1	35	220	0	34630	0	1249	31	3	1	1	0	
3	6	9	13	16	29	30	31	36	38	2	4	15	17	18	19	24	32	33	34	2	2	50	393	244	220	118	0	28	0	3	1	0	
7	8	9	10	14	20	28	35	36	37	2	11	15	22	23	27	29	30	32	39	1	3	57	58	0	77	164	323	0	7	2	1	0	
0	5	7	8	11	17	19	34	38	39	3	13	15	16	21	23	24	25	30	33	1	0	67	993	9098	0	1279	362	70	3	0	1	0	
1	5	7	15	16	19	21	23	30	34	3	8	12	13	17	22	24	29	32	36	0	1	57	174	190	0	268	0	80	0	2	1	0	
5	8	11	19	20	23	24	32	33	36	0	1	4	9	10	21	26	34	35	38	3	2	63	85	0	17342	82	152	26	0	2	0	0	
13	20	23	27	28	29	30	31	37	39	2	4	6	9	15	19	26	33	34	35	0	3	84	450	20535	0	2025	2452	2	1	1	1	0	
2	7	10	12	13	19	21	29	30	33	6	11	15	17	18	20	23	32	36	38	3	0	85	1112	0	541	188	0	50	10	1	0	0	
8	12	16	17	19	20	32	34	36	37	1	11	14	21	25	27	28	30	38	39	0	1	15	563	9898	1700	25501	0	36	0	2	1	0	
0	7	10	11	18	20	22	23	26	32	2	4	5	13	14	21	24	30	36	37	1	2	40	243	962	72	0	6	0	3	2	0	0	
6	8	11	13	18	25	27	28	34	39	0	3	4	10	16	29	31	35	37	38	1	3	78	175	98	0	713	7	0	5	0	1	0	
4	9	13	14	15	17	18	19	27	30	3	5	11	12	16	22	24	33	38	39	3	0	45	2211	4783	3017	0	2058	96	5	2	1	0	
3	4	12	21	24	28	31	34	36	38	0	2	6	7	16	17	18	27	29	35	3	1	79	0	772	164	0	0	0	4	2	1	0	
1	5	6	7	19	23	26	34	37	39	9	14	17	18	22	24	29	31	33	36	0	2	92	354	12961	0	16503	0	32	8	0	1	0	
6	14	17	18	20	23	25	26	30	33	2	4	5	7	10	24	28	35	36	38	1	3	48	306	1902	280	0	1292	0	25	2	1	0	
2	4	9	11	12	13	17	25	32	36	1	5	15	16	20	23	27	29	35	38	1	0	53	508	0	210	227	204	16	0	1	0	0	
0	1	4	5	9	10	14	18	21	36	3	13	15	20	24	26	28	29	32	38	0	1	61	0	443	1430	54119	1358	178	8	2	1	0	
0	6	7	9	15	24	25	30	31	36	1	3	4	5	14	16	27	29	32	39	1	2	56	316	4606	0	254	308	19	3	1	1	0	
5	6	11	13	17	23	29	31	35	39	4	8	9	15	18	19	21	22	24	36	2	3	111	182	100	0	72	0	76	0	1	1	0	
7	8	13	14	21	22	24	25	28	30	9	12	15	16	18	23	31	32	36	38	0	0	65	1286	0	508	17958	0	0	0	2	2	0	
0	2	4	10	12	13	18	21	24	27	1	3	11	17	19	20	23	30	31	33	3	1	0	288	279	117	0	31	1	1	1	0	0	
6	12	13	14	23	26	27	32	37	38	0	2	4	18	22	24	25	31	35	39	3	2	43	0	11228	274	250	0	25	3	2	1	0	
0	2	3	4	13	15	22	23	33	36	5	6	7	17	21	24	26	28	32	35	0	3	43	296	0	158	0	0	10	0	0	1	0	
5	10	11	18	20	22	28	34	36	37	0	6	8	9	15	17	26	29	38	39	0	0	107	992	276	0	628	103	31	318	1	0	0	
4	5	7	9	13	17	18	23	29	39	2	6	8	11	16	21	24	30	33	36	1	1	101	166	13751	114	256	140	0	13	2	0	0	
0	1	4	5	14	16	21	22	26	35	7	8	13	15	19	20	23	36	37	38	1	2	55	127	0	327	0	1020	16	3	1	6	0	
1	3	5	6	16	17	18	22	27	30	8	10	11	12	13	19	24	33	34	38	2	3	21	75	0	901	533	179	17	5	0	0	0	
5	6	12	14	20	23	24	27	36	39	1	2	4	7	13	25	28	29	30	32	2	0	70	1294	212	85	120	0	17	2	0	0	0	
3	6	17	18	25	31	32	36	37	38	11	14	15	20	21	23	24	28	29	30	3	1	96	289	0	514	0	7	64	0	1	3	0	
1	10	16	20	24	25	31	32	35	38	2	4	11	17	19	22	27	30	36	39	3	2	63	233	211	2264	372	292	0	4	1	1	0	
7	21	22	26	28	35	36	37	38	39	2	5	8	14	18	23	24	25	30	33	0	3	46	330	23650	0	1290	1222	46	3	1	1	0	
7	8	12	17	19	21	24	32	34	37	2	3	5	9	13	25	27	31	33	39	0	0	94	937	0	30086	0	526	26	0	2	1	0	
3	5	6	13	23	26	31	33	34	35	1	17	19	20	22	28	30	32	37	38	0	1	19	85	7273	78	0	6	7	2	1	1	0	
4	7	10	12	14	15	22	23	31	36	0	2	11	13	16	25	27	29	32	34	3	2	5	88	72	44	108	0	112	0	1	0	0	
11	14	18	23	26	30	32	33	34	36	1	2	4	9	12	15	16	21	27	28	0	3	49	290	177	124	49	0	16	2	1	1	0	
6	13	14	23	31	32	33	34	38	39	2	3	9	11	19	20	24	26	29	37	1	0	65	1159	11048	0	0	968	6	8	2	1	0	
4	7	9	16	18	26	30	32	35	37	1	6	11	13	20	21	25	28	29	33	0	1	77	0	14324	5996	541	506	92	5	1	1	0	
1	7	10	11	15	16	26	29	36	39	0	3	4	5	8	13	20	21	34	37	2	2	59	170	448	961	0	8	0	30	0	2	0	
0	1	3	6	16	17	22	24	33	38	7	9	14	20	21	23	26	29	36	37	0	3	89	284	0	26101	659	654	0	3	1	2	0	
0	8	10	15	20	26	29	34	35	36	2	3	5	6	7	12	14	21	28	39	1	0	61	840	1096	128	266	190	12	0	0	1	0	
0	2	6	20	24	30	32	33	35	37	1	7	13	26	27	28	31	34	38	39	0	1	22	582	5123	1584	653	6	0	5	1	1	0	
0	1	3	8	16	21	28	33	37	38	2	6	7	10	11	13	23	34	35	36	2	2	36	141	197	214	0	430	28	2	0	1	0	
12	14	20	21	22	25	29	32	33	34	6	7	10	17	27	28	30	31	36	38	3	3	82	133	0	617	0	0	0	4	1	0	0	
9	10	11	16	17	24	28	34	37	39	0	1	5	6	25	26	29	35	36	38	0	0	88	679	0	206	47180	4	0	1	2	1	0	
3	8	10	11	12	19	22	29	36	38	1	2	5	6	14	27	28	30	32	35	2	1	68	160	0	20264	0	10	0	8	3	1	0	
10	13	15	17	22	24	27	31	35	39	0	1	2	6	12	18	23	26	28	38	2	2	78	656	718	1680	317	0	91	11	0	3	0	
8	9	10	22	31	34	35	36	38	39	4	6	11	14	15	17	18	19	30	37	0	3	40	0	0	2873	1028863	8	0	69	1	1	0	
1	3	4	15	17	18	29	32	36	38	2	6	9	12	19	22	23	24	37	39	3	0	78	977	4725	356	0	0	124	1	0	0	0	
13	15	16	20	21	28	29	33	38	39	2	3	4	5	12	19	23	24	27	36	3	1	93	331	455	204	932	4	20	0	1	0	0	
1	3	5	6	19	22	27	30	33	34	0	2	11	12	13	18	25	28	29	39	3	2	62	321	72	83	183	0	38	0	2	0	0	
4	8	13	17	21	25	26	30	35	39	1	3	5	11	15	18	31	32	36	37	0	3	37	177	173	128	0	7	0	4	0	1	0	
1	10	11	20	22	25	29	30	34	39	0	5	7	12	17	18	26	27	31	32	3	0	75	2412	21198	0	0	125	0	4	1	1	0	
2	4	7	11	19	21	27	33	37	39	1	3	6	8	9	20	22	24	30	36	2	1	73	209	2196	0	163	517	0	7	2	1	0	
2	3	7	9	14	15	30	32	33	38	0	4	5	13	20	22	23	29	35	36	1	2	70	1500	921	54027	279	0	27	3	1	0	0	
0	10	13	15	16	30	31	34	37	38	1	2	4	14	18	20	22	27	28	36	2	3	41	674	21965	439	667	156	22	3	1	1	0	
0	5	9	17	24	28	32	35	36	38	8	13	18	19	22	23	29	31	34	39	3	0	109	1366	282	268	0	6	0	4	1	1	0	
0	2	7	13	17	22	23	26	27	38	1	3	6	11	15	18	21	28	34	36	1	1	33	186	6043	0	194	78	9	4	0	0	0	
3	6	10	11	13	16	28	31	36	37	1	2	9	12	14	17	20	24	34	38	0	2	78	105	123	0	0	5	14	3	1	0	0	
6	16	17	18	20	29	33	34	35	36	0	4	7	9	13	19	21	27	31	38	0	3	102	159	0	50768	983	0	31	1	0	0	0	
3	5	7	14	15	20	26	27	30	33	8	9	19	21	22	25	28	31	32	38	3	0	77	512	422	0	58	151	13	2	0	1	0	
3	18	21	23	24	26	27	31	35	37	1	5	7	9	13	15	16	28	33	38	1	1	25	0	353	432	1327	8	111	3	1	1	0	
9	12	17	18	22	23	28	32	36	38	2	3	4	6	13	19	20	21	25	33	2	2	77	192	128	127	381	1	0	9	0	0	0	
0	1	4	9	13	14	18	26	27	34	7	11	16	20	21	24	25	36	37	38	2	3	62	160	0	0	179	0	0	1	2	1	0	
1	7	8	10	13	18	23	24	29	32	0	3	5	6	9	12	22	28	34	37	1	0	67	774	18647	0	0	304	41	4	0	1	0	
0	7	8	12	13	17	20	25	31	32	4	6	14	15	19	21	22	27	28	38	3	1	39	0	156	0	270	6	0	6	2	1	0	
4	9	10	11	15	24	25	28	33	36	1	12	16	17	20	29	34	37	38	39	2	2	93	176	567	63	181	104	0	4	1	0	0	
1	16	17	22	24	29	35	36	38	39	6	10	11	13	18	20	25	26	30	31	0	3	23	214	0	48503	1039	5	0	8	2	1	0	
3	5	9	10	16	17	29	32	33	36	4	7	12	13	14	23	28	31	34	37	1	0	68	899	81	0	7609	173	15	2	0	1	0	
4	5	8	9	15	21	22	24	29	30	1	3	7	14	17	19	23	26	33	36	3	1	75	423	13695	5160	0	332	15	3	2	1	0	
6	8	21	22	26	28	30	33	35	36	0	1	3	4	5	9	10	18	19	31	2	2	62	310	0	87654	841	2404	52	6	1	1	0	
0	1	3	18	24	25	28	33	35	39	4	7	10	11	12	15	20	23	31	34	0	3	27	97	70	0	262	3	0	3	0	1	0	
1	2	11	13	17	19	26	27	34	39	3	4	5	7	14	15	18	24	32	37	2	0	72	1383	0	545	10504	747	18	3	0	0	0	
6	8	12	16	18	20	21	25	30	31	0	2	3	9	15	17	19	23	26	32	1	1	92	104	0	12679	553	511	9	4	2	1	0	
5	6	10	15	21	25	28	30	32	36	1	9	17	18	19	23	26	33	38	39	0	2	102	108	0	165	58	0	40	0	1	1	0	
2	10	16	17	23	30	34	35	38	39	1	3	4	9	13	14	19	20	27	31	1	3	74	0	1952	631	8213	1351	341	5	2	1	0	
0	8	11	17	21	25	28	29	30	32	1	2	7	9	12	13	27	33	37	38	1	0	79	1133	0	243	0	8	16	6	1	0	0	
10	11	15	22	24	26	29	33	35	39	0	1	5	9	17	25	28	34	37	38	3	1	90	442	623	4656	0	211	43	5	1	0	0	
6	9	14	15	17	19	31	34	37	38	3	4	5	10	22	23	25	27	33	35	3	2	84	378	48	436	468	1516	46	0	3	1	0	
0	1	5	16	17	22	23	28	34	38	3	4	12	19	25	26	31	32	35	39	3	3	75	176	36	103	0	113	0	3	1	0	0	
2	6	7	12	14	15	21	29	34	37	8	11	16	19	24	27	33	35	38	39	1	0	80	537	0	748	336	705	10	0	2	0	0	
1	8	11	14	22	29	30	31	32	39	3	6	7	15	18	20	21	26	34	35	3	1	75	78	0	78	0	141	0	2	1	0	0	
15	17	19	20	23	25	28	30	37	39	2	5	6	7	21	26	32	33	35	36	1	2	70	357	960	1885	591	317	75	0	2	1	0	
1	4	5	13	14	15	18	21	28	35	0	3	9	11	12	22	25	31	33	38	0	3	92	507	5980	89	0	8	0	6	2	0	0	
1	6	10	16	17	21	27	28	32	36	2	4	9	20	22	23	31	34	35	39	1	0	28	709	135	70	12	0	7	2	0	1	0	
0	2	9	11	12	19	20	25	26	38	1	7	13	14	15	18	23	28	35	37	1	1	97	156	5486	349	1753	0	3	2	0	1	0	
0	7	9	10	12	17	20	33	34	38	1	13	14	15	19	23	24	27	29	37	3	2	54	158	274	229	0	0	0	2	1	1	0	
2	4	9	10	12	14	16	19	20	35	7	8	18	23	26	28	30	32	33	39	0	3	73	513	438	0	28388	1807	29	17	0	1	0	
0	7	9	16	24	26	28	29	30	34	3	4	6	10	15	23	31	32	38	39	1	0	43	2093	60960	175	0	407	112	3	1	0	0	
0	4	10	11	14	22	30	35	36	37	1	2	7	9	16	17	20	23	31	34	1	1	16	0	166	364	0	202	51	1	1	2	0	
1	8	15	17	19	20	22	25	30	34	0	3	7	13	14	16	18	27	31	37	3	2	31	215	0	162	0	1274	13	0	3	3	0	
1	4	9	12	16	19	32	33	35	38	5	6	7	10	14	17	18	30	36	39	2	3	40	341	45648	8301	5854	2041	14	1	1	1	0	
9	11	12	16	28	29	32	34	37	38	0	4	5	7	8	17	24	30	35	39	2	0	62	1583	0	79143	38675	150	0	14	1	1	0	
3	4	9	11	14	17	29	30	33	38	2	5	7	19	22	23	26	31	32	35	3	1	64	160	0	9485	233	3	0	0	1	1	0	
11	16	18	24	27	30	32	34	36	38	0	3	5	7	9	14	17	22	26	33	2	2	42	322	0	847	636	0	114	1	1	1	0	
9	10	11	13	15	24	28	30	32	38	1	6	14	16	17	18	21	29	34	39	1	3	109	123	256	0	328	2	0	4	1	0	0	
5	12	16	17	21	23	28	34	38	39	0	4	13	14	18	29	30	32	36	37	3	0	103	1115	0	8305	10883	1740	28	0	2	0	0	
4	9	15	16	21	24	30	31	35	38	0	6	12	17	22	23	25	26	36	39	3	1	75	178	0	189	155	106	15	0	0	1	0	
2	8	15	21	23	24	27	34	38	39	9	11	17	18	19	25	30	31	32	33	0	2	42	136	321	0	14183	269	0	10	3	1	0	
1	6	10	19	20	25	34	35	36	39	0	2	5	8	13	18	26	28	30	32	0	3	66	275	4711	113	0	182	0	25	1	0	0	
7	8	11	15	16	22	23	25	32	33	4	9	10	17	20	26	28	31	37	39	3	0	45	614	0	541	200	0	42	2	0	2	0	
0	6	21	23	26	27	29	30	36	37	4	9	12	16	17	20	22	24	28	38	0	1	44	1486	46649	0	5328	727	59	8	2	1	0	
5	11	14	17	18	30	33	35	38	39	0	6	7	8	22	23	25	31	32	37	3	2	68	1271	469	36042	1385	1121	32	12	1	2	0	
2	7	14	15	18	20	23	24	29	33	0	3	4	10	13	21	22	25	27	30	3	3	28	0	730	528	271	338	6	1	1	1	0	
4	11	15	23	28	29	31	33	34	37	2	5	8	9	20	21	22	25	27	30	0	0	26	1162	0	3798	3121	0	47	5	2	0	0	
3	14	17	19	24	26	27	28	32	34	2	4	6	8	9	13	20	23	35	36	0	1	84	197	2789	220	1852	0	102	3	1	1	0	
1	5	6	7	9	10	12	16	25	29	2	15	19	20	24	26	31	32	35	39	1	2	49	454	0	1163	1120	1433	329	71	3	1	0	
6	8	9	11	12	18	19	27	34	35	0	4	10	14	15	22	28	32	38	39	2	3	40	348	4782	0	1146	1520	73	2	0	1	0	
0	1	10	12	14	21	29	33	35	39	2	3	4	7	8	15	16	19	22	28	0	0	104	1025	0	905	0	0	808	8	1	1	0	
0	1	5	10	15	18	20	21	22	30	3	16	25	26	27	31	32	35	36	37	0	1	7	152	111	76	0	0	0	2	0	1	0	
1	3	9	10	15	19	27	30	36	38	0	6	12	18	21	23	25	28	31	35	2	2	86	0	47567	9294	427	2	0	7	2	0	0	
0	7	8	10	12	13	22	27	30	39	1	2	5	6	15	23	25	28	34	36	0	3	84	180	0	608	130	181	0	3	0	0	0	
2	4	5	11	16	23	27	32	33	39	0	10	14	15	18	22	25	26	28	36	3	0	52	832	0	403	95	0	5	3	2	1	0	
3	6	9	10	18	22	23	24	34	35	2	4	5	7	8	12	13	16	25	33	3	1	44	108	0	259	0	112	0	3	0	0	0	
5	14	17	19	21	23	26	31	32	34	0	3	6	9	12	13	15	16	24	27	0	2	43	0	111735	261	0	1196	10	3	1	0	0	
3	10	14	15	24	33	34	36	37	39	0	7	11	13	18	22	25	27	28	35	1	3	62	0	40346	4082	48784	7	132	16	2	1	0	
0	4	8	13	19	20	26	29	31	39	3	7	9	10	11	22	23	25	33	38	1	0	73	1870	202	0	32761	195	0	20	0	1	0	
7	8	9	12	14	17	24	25	28	35	2	4	6	13	18	29	30	33	37	38	1	1	88	169	74	40	94	2	0	6	1	0	0	
1	5	9	14	26	33	34	35	36	39	2	3	6	7	15	18	31	32	37	38	1	2	32	311	6950	0	0	6	86	15	2	1	0	
0	2	6	8	9	30	31	33	34	39	1	10	11	13	15	16	17	25	29	36	3	3	80	220	40653	1796	1208	7	56	18	2	1	0	
13	14	16	17	20	22	25	28	30	34	0	3	4	6	7	8	19	21	31	38	1	0	63	1232	1084	2009	201165	1616	29	10	1	1	0	
4	8	18	22	26	27	30	31	33	36	0	6	7	10	14	15	19	28	34	37	3	1	67	0	12856	454	0	944	21	3	0	1	0	
5	6	9	10	18	19	28	31	34	39	7	8	17	21	24	25	27	30	32	38	1	2	55	421	6015	0	565	6	6	0	1	0	0	
1	2	7	8	13	21	29	30	34	35	3	5	15	16	17	23	26	32	33	39	2	3	20	231	0	26185	572	199	7	4	2	0	0	
