Mode: 21 #Games: 1000
p0_0	p0_1	p0_2	p0_3	p0_4	p0_5	p0_6	p0_7	p0_8	p0_9	p2_0	p2_1	p2_2	p2_3	p2_4	p2_5	p2_6	p2_7	p2_8	p2_9	trump	first	fp	t_t0	t_t1	t_t2	t_t3	t_t4	t_t5	t_t6	t_t7	t_t8	t_t9
3	11	19	24	26	29	30	32	34	38	5	6	7	10	23	25	31	33	37	39	0	0	18	1529	0	796	0	8	18	12	1	0	0	
2	4	5	7	9	10	16	17	19	39	1	12	14	18	23	24	25	33	35	36	0	1	77	1324	28049	9467	23523	1190	79	0	1	0	0	
1	11	13	23	27	31	32	34	37	39	0	4	9	15	17	21	26	29	30	33	2	2	63	0	252	0	472	5	9	2	1	0	0	
1	2	8	11	13	14	18	25	31	39	0	3	10	15	16	23	29	30	34	35	1	3	70	226	27190	145	0	5	12	0	1	0	0	
2	4	5	7	10	14	18	19	21	24	1	6	17	25	27	28	30	35	37	39	1	0	97	2894	8783	1635	0	3930	15	1	1	0	0	
0	3	4	6	8	21	27	34	35	39	2	7	12	14	16	18	19	25	29	37	1	1	96	833	1051	1071	556	44	3	1	1	0	0	
1	3	7	8	9	10	16	23	28	34	5	14	17	19	21	32	33	35	36	37	2	2	42	328	0	2086	34373	7	0	5	1	1	0	
3	5	7	19	20	23	27	32	35	38	4	11	12	13	28	30	34	36	37	39	2	3	54	306	726	603	0	6	109	4	0	6	0	
5	8	9	14	16	19	32	35	36	38	2	7	12	13	15	18	22	26	34	37	2	0	66	488	7998	1260	188699	2299	24	0	1	0	0	
2	4	13	14	15	20	32	33	36	37	0	7	11	12	16	19	24	29	38	39	3	1	72	423	163	51	753	0	3	0	0	0	0	
2	7	8	10	11	12	24	30	34	38	0	5	6	9	15	20	26	31	35	39	2	2	28	792	0	999	1459	3	0	8	1	0	0	
1	3	4	6	9	10	14	27	30	36	2	12	13	17	20	22	26	28	37	38	0	3	75	203	0	463	0	2328	27	2	1	0	0	
4	10	11	16	17	19	23	24	31	39	5	6	12	13	14	15	21	32	34	35	2	0	41	704	0	0	196	0	23	1	0	0	0	
2	6	10	13	14	15	21	30	32	37	3	5	9	12	16	17	23	24	34	38	3	1	49	144	111	108	0	5	5	0	1	0	0	
0	6	10	13	20	23	26	27	32	39	3	4	7	14	16	17	25	30	34	36	0	2	40	73	191	0	384	930	7	0	2	0	0	
3	6	13	15	18	21	25	28	30	34	7	11	14	17	19	22	23	27	29	35	0	3	73	82	152	1147	189	0	154	2	0	2	0	
0	7	8	12	23	24	29	34	38	39	3	9	13	16	20	21	26	27	31	32	0	0	107	616	0	947	200	39	0	2	0	0	0	
1	3	8	15	17	20	25	30	35	38	5	7	10	12	14	19	27	31	33	36	1	1	65	82	200	0	0	1754	17	2	1	0	0	
3	9	10	15	17	20	25	27	29	38	2	4	5	6	8	11	19	23	24	32	0	2	109	190	3095	0	31328	1101	0	9	1	0	0	
0	2	3	5	20	31	32	34	36	37	4	7	9	13	17	23	24	27	38	39	3	3	101	1306	629	476	31	1	0	0	0	0	0	
11	13	16	24	25	29	30	34	36	37	4	6	7	8	15	20	26	27	28	31	2	0	107	2165	320	4326	0	7	9	2	1	0	0	
0	3	9	12	17	21	24	30	35	37	2	4	13	14	19	27	31	32	33	36	1	1	66	59	154	0	451	293	8	2	0	0	0	
2	6	7	10	11	14	23	27	34	35	1	3	4	9	15	21	24	30	37	38	0	2	66	259	186	0	1275	6	6	0	0	0	0	
4	5	8	12	15	19	21	22	28	35	0	1	6	11	14	17	20	23	26	39	0	3	57	195	198	0	310	0	46	2	1	0	0	
9	10	13	17	21	22	24	25	28	32	6	7	11	15	16	20	29	31	33	34	1	0	48	2652	4610	0	825	5	56	3	0	0	0	
3	6	8	9	15	20	21	28	29	34	1	13	19	23	27	31	33	36	37	38	1	1	67	0	109392	25022	0	515	21	7	1	0	0	
2	3	18	20	21	24	26	30	33	36	5	6	15	17	19	23	28	34	35	39	2	2	92	80	132	0	236	103	0	1	0	0	0	
1	3	5	9	10	20	23	29	31	36	0	2	7	15	18	24	30	33	37	38	0	3	79	515	176	0	1035	808	6	0	0	0	0	
2	3	10	13	15	16	21	22	23	28	0	1	4	9	12	27	30	32	37	38	0	0	34	586	556	21387	541	0	37	2	0	0	0	
8	11	15	18	20	21	26	29	34	39	4	14	16	19	22	23	24	31	33	35	2	1	113	0	13548	13268	0	92	3	0	1	0	0	
1	3	8	13	14	25	26	30	37	39	5	6	15	19	20	23	24	32	33	34	0	2	53	107	74	254	0	163	3	0	1	0	0	
2	3	7	11	14	15	17	32	33	36	1	4	20	21	23	24	27	28	34	39	1	3	44	176	0	1257	1814	692	29	1	0	1	0	
1	2	7	10	11	18	19	24	27	38	3	6	14	17	25	30	31	32	33	39	2	0	56	623	0	0	215	0	17	0	1	0	0	
1	8	11	19	21	23	26	28	37	39	0	5	14	15	17	24	25	30	32	34	0	1	55	297	0	11838	0	7	0	2	0	1	0	
0	4	6	16	24	28	32	35	36	38	2	3	5	7	9	11	15	21	33	34	3	2	78	454	0	28414	0	8	21	0	1	0	0	
11	14	15	21	22	23	28	29	31	32	1	6	8	12	17	19	25	27	34	38	1	3	85	1008	793	13869	966	4	9	1	1	0	0	
5	8	9	10	13	14	22	26	33	39	0	3	11	19	21	24	30	31	34	36	0	0	66	452	0	14701	0	399	4	0	1	0	0	
0	4	7	12	17	24	26	27	33	37	2	14	15	16	22	23	29	31	35	36	1	1	37	172	0	200	0	144	10	1	0	0	0	
0	3	6	7	8	17	19	20	33	36	1	5	9	11	14	15	16	27	31	32	1	2	106	1535	23246	264	0	655	0	7	0	0	0	
0	1	5	6	17	18	22	25	27	29	3	10	11	14	15	16	24	31	32	36	0	3	64	177	683	541	4975	425	3	0	1	0	0	
2	11	14	19	20	22	28	29	33	37	0	5	8	9	12	23	26	27	30	36	2	0	58	924	532	517	0	6	7	4	0	1	0	
11	18	21	23	24	27	32	34	36	37	2	3	5	6	7	8	10	15	28	33	3	1	51	321	5844	501	989	648	0	9	0	0	0	
5	7	15	16	18	23	25	26	37	38	0	3	8	12	13	17	19	27	28	35	2	2	85	69	0	249	0	7	95	1	1	0	0	
0	2	4	10	14	15	19	27	28	30	1	3	7	9	11	13	23	32	33	36	0	3	85	429	0	877	12717	0	11	0	1	0	0	
2	7	11	12	14	17	24	28	31	39	1	3	4	6	8	18	20	23	26	33	0	0	78	1619	96	0	180	300	0	2	1	0	0	
0	7	8	11	16	17	19	22	30	31	10	13	15	21	25	26	27	32	35	37	0	1	19	0	610	20323	456	0	20	0	1	0	0	
1	4	11	17	18	19	24	30	34	37	2	3	6	9	12	13	16	22	28	29	2	2	91	294	8417	1032	0	1649	43	2	1	0	0	
4	8	10	17	20	21	22	31	35	39	0	2	3	5	6	9	12	16	30	32	0	3	78	0	411	0	48638	1361	9	3	1	0	0	
2	4	7	8	9	10	15	23	27	33	3	5	6	13	18	19	22	32	37	38	1	0	90	1374	0	492	89	3	8	0	1	0	0	
2	3	6	18	23	24	28	32	34	36	0	7	10	11	12	13	22	26	27	39	1	1	38	83	88	0	7330	0	22	1	0	1	0	
2	5	7	12	18	24	25	26	31	34	4	10	13	16	19	22	33	36	37	38	1	2	35	141	94	170	512	0	382	2	0	0	0	
0	1	2	6	8	9	12	28	30	39	3	11	13	19	25	26	29	33	35	37	2	3	97	0	1361	43175	616	4	4	0	0	0	0	
3	7	8	9	10	12	14	20	27	31	18	19	22	24	25	30	32	34	36	37	0	0	65	1510	263	0	5593	7	7	2	1	0	0	
1	4	6	8	13	24	27	28	29	38	0	5	10	12	16	19	20	26	32	37	1	1	28	216	9800	214	0	0	22	4	0	0	0	
3	11	12	18	21	24	30	31	34	39	4	8	9	19	20	22	27	35	36	38	2	2	86	0	771	374	0	1	0	1	0	0	0	
4	7	8	13	17	19	20	26	27	32	2	10	12	15	22	24	25	28	31	33	0	3	28	243	2014	0	9286	537	0	2	0	0	0	
3	4	6	22	23	24	26	36	37	38	7	12	15	18	20	29	30	32	34	35	1	0	53	637	749	0	1282	1391	12	0	0	0	0	
1	7	14	17	22	24	28	31	34	37	9	16	18	19	20	25	26	32	33	39	0	1	62	171	80	163	3963	0	0	11	1	0	0	
1	7	8	11	15	30	33	34	36	39	4	9	14	19	23	26	27	31	32	35	3	2	91	562	946	1882	1366	0	10	3	1	0	0	
5	6	11	14	16	24	31	35	38	39	0	1	2	13	15	18	19	20	21	25	1	3	79	149	0	3187	28172	0	56	1	0	0	0	
4	12	13	17	22	30	31	32	33	34	2	8	10	16	20	28	35	36	38	39	0	0	63	966	0	475	0	0	0	3	0	0	0	
10	12	17	18	20	21	33	34	35	38	0	8	9	11	16	19	22	23	25	28	2	1	90	491	0	0	2131	2172	15	4	0	0	0	
4	13	15	16	19	21	24	26	27	32	0	1	3	5	11	12	14	20	23	30	3	2	15	558	37934	0	3901	1542	5	1	1	0	0	
9	11	16	17	22	25	26	27	33	34	3	5	6	12	18	19	21	23	30	32	0	3	34	244	440	0	0	6	16	0	0	0	0	
4	6	9	10	13	14	15	20	22	35	0	1	2	12	18	24	31	32	36	37	0	0	31	1484	165	143	341	0	32	0	0	0	0	
3	7	9	19	21	22	23	26	27	37	0	1	2	17	30	32	33	34	35	36	1	1	36	528	7708	0	1305	512	39	1	1	0	0	
1	5	6	9	13	15	27	30	37	39	0	7	10	11	12	17	23	24	28	31	0	2	69	130	0	251	7052	0	64	1	1	0	0	
3	7	15	19	21	23	26	27	35	38	1	2	4	9	20	25	29	30	31	32	2	3	60	275	0	515	3876	0	4	3	0	0	0	
0	2	5	10	12	21	23	30	34	37	3	4	6	7	9	14	15	20	25	33	3	0	0	1124	0	225	122	51	0	1	0	0	0	
0	1	5	6	17	24	26	30	31	37	7	9	10	11	12	14	16	27	35	36	3	1	18	200	282	0	411	83	7	0	0	0	0	
2	11	13	17	22	23	29	35	38	39	4	5	10	19	24	27	28	31	34	37	3	2	94	147	0	0	0	452	5	3	0	0	0	
1	2	6	12	19	23	24	28	29	33	3	4	14	16	17	25	27	30	31	32	0	3	74	192	287	237	0	0	10	0	0	0	0	
2	6	9	10	11	16	20	22	23	35	3	5	12	13	21	24	28	30	32	39	0	0	63	2976	0	433	0	0	153	1	0	0	0	
1	4	7	11	14	21	25	27	31	37	2	3	6	10	16	19	24	28	33	36	3	1	30	132	0	262	0	562	5	2	0	0	0	
5	6	8	14	18	19	24	26	37	39	0	7	9	11	15	16	22	28	29	33	1	2	106	47	0	329	0	86	1	0	0	0	0	
5	12	15	17	18	29	30	33	37	39	2	7	9	10	14	16	21	22	26	34	1	3	85	308	13458	290	643	864	0	2	1	0	0	
2	4	9	13	22	26	28	33	38	39	0	1	11	15	21	23	27	31	32	36	3	0	90	583	840	24538	376	416	0	3	0	0	0	
1	3	11	13	14	18	27	30	36	38	0	4	7	8	12	17	19	21	24	33	0	1	69	125	0	0	33393	329	16	2	0	0	0	
1	10	13	18	22	23	31	33	34	38	5	8	11	15	17	26	27	29	32	36	0	2	27	291	143	0	0	0	10	0	1	0	0	
0	1	2	5	15	18	31	32	35	36	10	11	12	17	19	22	23	24	27	33	0	3	20	144	241	374	0	5	0	1	1	0	0	
0	2	3	5	14	15	16	22	24	37	1	8	10	12	17	21	33	34	35	38	2	0	23	1084	183	61	351	0	3	0	0	0	0	
1	2	3	5	6	10	17	28	34	35	8	16	18	19	23	24	27	31	37	39	1	1	63	454	88	0	176	1	0	1	0	1	0	
4	9	12	15	21	23	27	29	33	39	2	5	6	8	10	11	17	36	37	38	1	2	82	157	0	1414	0	464	34	0	1	0	0	
7	10	11	15	16	17	18	20	23	39	0	1	6	8	24	25	27	30	31	35	1	3	79	1037	72953	32608	1046	0	222	3	1	0	0	
3	4	5	7	9	12	19	22	24	29	10	11	16	21	25	26	32	34	36	38	0	0	74	897	7791	9047	1269	7	26	0	1	0	0	
5	11	13	20	21	23	29	31	33	34	2	4	6	10	18	22	27	28	30	38	2	1	64	213	119	97	232	0	34	0	1	0	0	
1	3	11	14	18	23	25	31	32	33	7	13	19	21	22	24	28	29	30	38	3	2	33	86	114	55	0	0	0	3	0	0	0	
5	7	10	12	15	16	17	22	28	33	1	11	14	21	25	26	30	31	37	38	3	3	45	399	281	80	0	22	0	0	0	0	0	
1	8	11	18	20	23	26	28	32	36	2	7	9	10	13	14	17	31	34	38	2	0	55	733	579	0	3325	9	0	5	1	0	0	
0	1	9	10	13	17	20	30	31	39	4	8	11	16	23	27	28	34	35	38	3	1	86	115	62	0	208	76	4	0	1	1	0	
2	6	10	14	22	23	30	31	32	37	0	3	4	7	13	20	26	27	28	36	3	2	9	0	127	0	0	0	7	0	0	0	0	
0	3	6	9	11	12	13	25	35	38	1	17	18	19	21	30	31	33	36	37	1	3	95	241	0	0	0	224	18	9	0	0	0	
0	2	5	6	15	23	29	32	35	37	4	8	9	19	24	25	27	34	36	39	0	0	120	786	182	0	1190	132	5	1	0	0	0	
3	5	7	8	11	13	14	21	32	36	0	1	4	16	17	19	20	26	29	35	2	1	69	248	0	188	4335	513	0	20	1	0	0	
0	1	2	6	16	18	31	37	38	39	7	10	12	19	20	21	28	29	34	36	0	2	80	244	0	80273	2329	4	27	8	2	0	0	
3	6	8	9	10	12	14	18	35	39	1	5	11	13	16	19	20	21	24	28	2	3	87	495	19108	6553	688	1967	30	3	1	0	0	
0	1	6	12	15	16	19	33	37	38	2	4	7	8	9	14	22	23	30	32	1	0	66	957	1399	525	889	0	18	5	0	0	0	
0	5	8	11	17	28	29	30	36	39	1	7	9	15	20	21	24	25	26	34	1	1	74	75	0	215	7515	0	14	0	1	1	0	
1	2	11	13	17	18	19	24	32	39	4	5	10	12	16	20	26	27	30	34	2	2	54	0	0	407	11413	0	28	2	1	0	0	
2	10	14	15	16	19	30	31	35	36	0	4	13	18	21	22	23	28	29	38	1	3	85	521	1041	965	8904	0	0	0	1	0	0	
1	8	11	18	21	24	25	30	33	35	6	7	9	16	17	27	28	29	34	36	1	0	72	1258	151	0	493	0	26	0	1	0	0	
0	1	5	7	26	28	31	33	36	37	4	9	11	13	14	15	17	23	27	35	2	1	57	1002	702	48992	201	2	9	4	1	4	0	
4	5	6	10	15	17	22	23	27	39	0	7	8	11	13	14	16	21	33	37	1	2	86	144	185	372	282	0	10	0	1	0	0	
0	1	5	11	12	16	27	28	30	33	2	7	13	20	21	24	29	31	34	35	2	3	40	107	53	0	23734	98	10	1	0	0	0	
6	8	9	11	12	14	24	32	33	39	1	2	4	16	21	23	30	31	37	38	0	0	90	424	110	0	0	2204	26	0	1	0	0	
0	3	6	10	21	27	33	34	36	39	4	7	14	16	17	20	26	30	31	38	2	1	22	634	144	0	3486	236	17	1	1	0	0	
2	5	8	18	20	21	23	26	30	38	0	4	9	14	17	28	29	36	37	39	1	2	76	196	164	86	41	0	0	2	0	0	0	
3	5	9	17	28	30	33	37	38	39	1	6	8	13	21	25	26	27	29	31	1	3	36	131	3953	0	614	263	0	7	4	1	0	
1	3	4	5	11	12	17	26	32	36	0	10	16	18	22	25	30	35	38	39	0	0	52	1056	57	263	0	39	3	0	1	0	0	
6	16	19	20	22	25	26	27	30	31	2	17	18	24	29	32	34	35	37	38	0	1	35	446	4458	0	0	3212	297	13	1	0	0	
8	11	21	23	30	31	32	35	37	38	5	6	7	12	13	16	18	19	24	28	3	2	50	515	0	834	1597	3755	0	1	0	0	0	
0	5	14	16	17	20	29	31	33	39	1	8	13	18	25	27	30	34	35	36	3	3	93	55	0	595	19342	0	14	0	1	0	0	
0	1	12	13	14	18	23	34	38	39	2	3	9	10	11	19	31	32	33	37	2	0	76	914	1412	478	874	249	26	2	0	0	0	
0	3	7	8	16	22	26	29	34	39	4	9	11	14	17	18	19	21	30	36	3	1	112	199	299	0	12592	475	2	0	0	0	0	
1	2	3	10	15	16	25	26	30	31	4	8	9	13	17	18	32	35	38	39	0	2	103	0	0	0	1045	287	0	0	0	1	0	
0	2	6	12	16	23	24	28	31	32	3	4	8	20	21	27	30	33	35	36	1	3	3	0	234	0	7036	102	2	0	1	0	0	
1	7	10	15	22	23	26	27	30	37	3	8	9	11	12	16	21	31	35	36	1	0	28	922	0	769	149	0	1	0	0	0	0	
13	16	18	19	24	30	32	36	38	39	7	9	10	11	15	26	27	34	35	37	1	1	44	699	492	11968	0	6	63	7	1	0	0	
3	11	12	17	19	22	23	26	27	28	4	9	13	18	21	25	33	36	37	39	0	2	72	481	1349	22882	615	581	9	4	0	0	0	
2	6	8	10	12	19	21	22	26	34	3	15	16	24	28	29	32	33	36	39	2	3	75	263	16253	194	0	0	8	2	0	0	0	
0	2	5	11	14	16	21	34	36	37	6	15	17	20	26	29	32	35	38	39	1	0	29	658	154	0	782	1830	38	0	1	0	0	
3	7	12	14	20	21	22	27	30	32	1	2	5	9	16	17	25	34	35	37	1	1	4	132	159	0	1271	1703	5	1	0	0	0	
5	6	7	9	17	23	29	31	33	39	0	8	10	14	15	18	20	26	27	32	3	2	56	124	123	0	13996	0	212	5	0	0	0	
1	2	5	9	11	14	18	26	30	35	0	13	15	16	17	20	21	22	24	38	0	3	65	125	167	248	0	7	0	6	1	0	0	
2	11	15	16	19	21	28	31	34	39	1	3	20	22	24	25	27	29	30	32	0	0	30	2272	0	89596	6858	2087	10	3	0	0	0	
0	7	9	12	13	14	20	27	31	36	2	6	8	17	18	22	24	29	32	38	1	1	69	208	8946	0	3248	0	3	0	1	0	0	
3	6	9	10	12	14	19	22	31	34	0	4	18	23	27	28	33	35	37	38	0	2	94	555	133	0	0	371	4	2	0	1	0	
1	8	17	18	19	21	22	26	31	32	0	3	7	11	15	28	29	35	37	39	2	3	61	187	2930	0	169	78	0	0	0	0	0	
2	4	7	8	10	15	18	19	22	25	0	5	6	11	14	24	27	31	33	39	1	0	69	961	198	0	1386	519	56	2	1	0	0	
1	4	9	10	18	20	27	29	31	38	5	6	8	15	22	25	32	33	34	37	3	1	86	180	72	0	9410	0	10	1	1	0	0	
3	4	10	11	12	16	29	32	34	37	0	1	7	8	15	25	26	27	31	35	0	2	51	61	9128	0	0	0	7	3	1	0	0	
2	13	17	20	24	25	29	30	32	33	1	5	7	8	11	14	15	16	22	36	3	3	5	0	441	15852	0	846	9	1	0	0	0	
4	5	10	12	13	18	22	23	25	28	2	7	9	11	14	20	33	34	35	36	3	0	47	1763	0	488	397	1098	29	3	1	0	0	
0	1	2	6	11	16	27	32	33	38	3	5	9	10	13	17	19	20	23	36	2	1	29	76	0	0	582	927	16	3	1	0	0	
3	6	9	11	14	20	22	23	24	30	1	2	12	18	21	25	28	32	33	38	2	2	76	109	0	708	1814	0	7	1	0	0	0	
1	9	12	19	21	23	25	26	27	36	2	4	5	10	14	16	17	18	31	34	0	3	72	342	228	0	21174	731	0	11	1	1	0	
1	9	11	13	17	20	25	26	27	34	3	10	19	22	23	30	32	35	37	38	1	0	73	1453	776	243	0	6	32	0	2	0	0	
8	10	14	18	22	30	31	35	36	39	3	5	13	16	21	23	24	29	37	38	1	1	25	580	250	0	0	1887	18	1	1	0	0	
3	5	11	13	20	23	24	26	31	37	0	1	6	8	10	12	14	17	18	36	1	2	39	124	487	0	19266	1426	18	4	1	0	0	
2	5	10	13	14	18	19	23	29	38	3	6	7	16	17	26	27	28	30	33	1	3	95	219	0	1125	7156	0	2	1	0	0	0	
3	6	7	13	14	18	21	22	28	31	4	10	15	24	26	27	30	33	37	38	3	0	43	421	0	0	290	79	0	3	1	0	0	
2	3	5	10	13	16	18	23	24	30	0	6	8	14	22	25	27	32	34	38	0	1	29	180	15573	117	93	135	0	0	0	0	0	
4	9	10	11	30	31	33	37	38	39	0	5	15	16	17	19	21	24	27	29	2	2	65	3063	1770	1650	1059	0	202	14	1	0	0	
4	6	7	8	9	12	22	26	32	38	1	10	11	14	17	18	23	27	30	39	1	3	94	224	0	192	19706	0	53	1	0	0	0	
6	13	20	25	26	28	33	34	36	38	3	5	9	15	16	17	27	29	32	35	0	0	45	1822	327	0	1760	2228	12	3	0	0	0	
3	5	9	17	22	23	25	27	38	39	13	14	16	19	24	29	30	31	34	36	1	1	65	169	0	0	60614	1157	50	2	0	0	0	
1	10	17	18	19	20	28	34	35	37	0	5	6	16	21	22	24	26	27	31	2	2	72	173	0	0	1339	1104	80	2	1	0	0	
6	15	18	19	22	23	24	34	38	39	0	4	9	10	13	20	21	28	32	36	0	3	59	608	4432	0	0	411	15	0	1	1	0	
6	7	10	12	14	16	28	29	34	36	1	2	4	5	9	21	25	26	27	31	3	0	39	1833	328	0	33394	0	11	1	1	0	0	
5	8	17	24	26	28	31	33	35	39	0	1	11	18	27	29	34	36	37	38	3	1	99	58	77	108	0	395	17	2	0	0	0	
3	9	11	13	20	22	26	29	33	37	8	21	23	24	25	28	30	34	36	38	0	2	29	433	294	0	515	4108	84	0	3	0	0	
0	1	6	10	14	18	29	34	36	37	3	7	12	19	20	23	24	28	30	39	2	3	90	206	109	0	335	235	0	5	1	0	0	
2	4	7	9	17	21	27	34	37	38	5	11	14	20	22	23	25	29	30	32	2	0	69	1453	33504	534	312	0	0	2	0	0	0	
5	6	7	10	23	25	30	32	36	37	0	2	4	19	20	21	22	33	34	35	1	1	16	272	2332	0	89	0	8	0	1	1	0	
6	8	9	12	15	21	23	29	35	37	2	4	7	14	16	18	25	26	33	34	1	2	40	348	2275	0	550	0	7	1	0	0	0	
5	7	10	11	12	16	20	22	33	37	1	2	6	18	19	21	30	32	34	36	0	3	60	383	123	0	96	0	7	1	0	0	0	
2	9	13	14	18	21	22	24	27	36	0	3	4	12	19	20	29	30	35	39	0	0	99	870	0	11112	765	483	42	0	1	0	0	
11	12	14	19	20	25	32	35	36	39	0	1	8	10	15	22	24	27	30	37	0	1	90	224	0	1469	2018	966	5	2	0	0	0	
8	9	12	20	22	26	29	32	33	37	0	1	2	6	11	14	24	28	30	39	2	2	77	0	1007	15952	0	7	51	6	1	0	0	
5	8	12	13	18	26	30	37	38	39	1	2	3	6	10	11	16	17	20	31	0	3	46	241	6260	3965	287	0	109	0	1	0	0	
7	8	9	18	24	25	30	34	37	39	0	3	12	14	20	27	28	32	36	38	2	0	83	916	19845	3946	0	285	0	2	1	0	0	
1	7	13	15	18	20	21	23	26	27	2	3	10	11	14	19	22	30	33	37	0	1	35	825	7098	1140	499	147	0	45	1	0	0	
2	19	21	24	27	28	31	32	36	39	1	7	12	15	18	20	22	25	26	30	1	2	49	293	974	0	19633	1265	63	5	1	0	0	
0	2	3	8	11	20	24	27	30	36	5	7	12	15	18	19	32	34	35	39	2	3	37	0	646	21189	341	0	8	1	0	0	0	
0	6	10	11	14	15	18	21	23	27	2	4	5	7	8	12	17	22	28	29	3	0	24	2761	16868	0	687	523	159	21	0	0	0	
3	10	17	22	23	27	32	34	36	38	0	1	2	6	12	20	24	31	33	37	0	1	24	123	0	723	253	471	8	1	0	0	0	
6	11	12	13	18	21	26	30	31	39	0	2	4	10	19	29	33	36	37	38	0	2	90	0	10512	0	797	1694	0	4	1	0	0	
0	5	9	11	12	18	19	22	27	36	3	4	10	14	15	16	32	33	35	37	3	3	56	53	0	1625	24305	4	13	2	1	1	0	
6	8	9	14	19	21	26	28	29	39	2	7	11	12	13	17	23	30	35	37	2	0	115	417	1664	0	2069	0	2	0	1	0	0	
0	1	5	7	9	11	12	14	27	34	15	18	19	22	23	25	28	30	33	39	0	1	118	170	148	0	0	6	14	12	1	0	0	
12	14	16	18	20	22	23	27	33	35	3	7	11	15	26	28	31	34	37	38	2	2	16	590	6581	406	504	2457	27	6	1	0	0	
0	1	2	6	8	25	28	29	35	38	3	4	5	13	14	17	18	21	30	32	2	3	52	451	701	0	795	1866	12	1	1	0	0	
4	9	12	18	21	23	28	30	32	33	1	2	7	8	11	14	16	35	37	39	0	0	91	1691	0	0	202	0	13	3	0	1	0	
4	7	9	10	15	16	25	31	37	39	0	2	3	6	8	13	20	21	28	38	1	1	90	128	87	0	0	240	22	0	1	0	0	
3	4	5	17	20	23	28	29	32	37	2	6	11	12	15	19	22	24	27	34	1	2	73	120	0	1182	87	0	86	0	1	0	0	
1	3	10	13	17	22	25	32	33	34	2	4	5	11	12	16	21	24	26	36	1	3	3	59	0	49	624	0	0	0	0	0	0	
4	7	9	11	13	14	17	19	20	24	5	6	12	18	22	25	26	28	29	36	3	0	69	1762	293	0	1349	9928	10	3	1	0	0	
7	15	17	22	25	26	27	29	32	34	1	4	6	8	10	11	21	33	35	38	0	1	70	619	7021	140	0	0	176	0	1	0	0	
3	6	8	10	14	19	22	25	28	38	1	2	12	20	24	27	30	32	35	39	0	2	35	468	3031	0	443	0	36	2	1	0	0	
1	7	12	14	15	23	26	29	30	37	4	10	11	16	18	20	21	32	34	35	3	3	23	180	3825	0	130	79	0	0	1	1	0	
2	5	9	19	20	23	25	26	27	33	0	3	7	11	14	16	24	29	32	37	1	0	56	1348	1972	546	206	0	135	5	1	0	0	
4	8	11	15	19	24	28	32	34	38	1	6	7	13	21	25	27	29	30	33	0	1	75	202	0	1129	144	0	6	1	0	0	0	
2	4	12	14	19	24	29	33	34	37	0	1	5	6	9	11	16	27	31	39	0	2	113	107	1433	0	43	0	1	1	0	0	0	
0	2	7	15	18	26	28	30	32	33	1	5	6	11	12	14	16	17	23	34	1	3	68	94	69	0	261	5	0	0	1	0	0	
14	16	19	20	21	22	23	30	33	39	8	9	11	15	18	28	29	31	35	38	0	0	79	859	814	1715	192	2	0	1	0	0	0	
5	6	11	12	13	16	20	26	28	35	0	2	7	8	14	15	22	25	27	39	2	1	25	51	29	303	0	7	37	0	0	1	0	
2	3	9	11	12	13	14	30	38	39	0	5	10	19	21	23	25	27	29	36	3	2	80	350	187	5381	0	4	1	0	0	0	0	
6	9	11	14	15	18	21	25	27	37	0	3	12	19	22	24	30	36	38	39	3	3	104	234	10309	282	3450	474	0	0	1	0	0	
4	5	11	14	18	25	26	34	36	39	0	2	3	15	17	30	31	32	33	35	2	0	61	1094	0	65788	20916	0	374	9	0	0	0	
6	10	11	13	18	19	21	24	30	38	1	3	4	15	17	28	29	31	35	39	3	1	87	157	0	0	62492	0	4	2	1	0	0	
2	6	7	13	16	21	29	37	38	39	14	15	20	23	25	26	27	28	33	35	2	2	105	120	65	5290	0	49	0	1	0	0	0	
1	10	17	18	22	26	29	32	36	38	3	4	5	6	19	21	27	34	37	39	1	3	97	439	3379	0	149	2	1	0	0	0	0	
4	8	18	21	22	23	27	29	34	39	7	9	13	17	26	28	31	32	33	37	2	0	98	669	0	10131	0	85	3	1	0	0	0	
3	7	9	17	20	23	24	25	27	28	1	2	8	11	16	30	33	36	38	39	0	1	67	1039	1917	105022	0	9930	94	10	2	1	0	
0	2	10	15	16	23	25	26	28	29	5	12	14	17	18	27	32	33	38	39	2	2	86	415	26523	0	1004	0	84	6	2	0	0	
3	4	5	9	14	25	31	32	33	39	2	6	12	13	19	20	24	28	35	38	3	3	81	74	131	373	0	599	0	1	0	0	0	
3	4	6	11	16	22	30	33	36	39	0	8	10	12	17	18	21	25	27	28	3	0	58	988	274	0	0	902	139	2	1	0	0	
1	5	12	14	20	23	24	27	37	38	0	4	9	16	19	22	28	31	34	39	0	1	89	107	0	109	164	542	0	3	1	0	0	
2	7	14	24	26	27	29	35	36	38	5	6	12	19	22	25	31	32	37	39	1	2	68	244	14328	520	0	7	37	7	1	0	0	
5	14	16	19	22	23	27	29	30	35	0	3	7	10	12	15	21	25	33	34	0	3	29	0	407	0	37616	463	97	1	1	0	0	
3	15	20	23	25	28	30	31	35	38	2	7	12	13	16	17	19	24	37	39	3	0	109	3411	47952	222	701	1449	350	2	1	0	0	
12	13	20	21	23	26	27	28	37	38	0	1	4	6	16	19	30	33	35	36	2	1	69	141	0	1832	4225	6	19	5	1	0	0	
13	16	17	20	21	26	33	35	37	39	0	6	12	18	22	23	24	31	36	38	3	2	66	336	451	694	482	2	0	0	0	0	0	
4	6	7	12	13	22	23	24	28	39	3	9	15	16	18	25	27	31	34	35	3	3	52	0	8623	2148	376	0	2	0	0	0	0	
1	3	4	5	7	20	28	35	38	39	13	15	18	19	21	24	26	31	34	36	1	0	64	1808	0	1571	1482	2429	15	1	0	0	0	
7	8	10	16	19	20	21	30	35	38	0	1	13	14	18	23	28	29	33	34	2	1	102	483	0	10030	0	71	3	1	0	0	0	
4	8	9	11	17	26	27	28	31	37	1	10	12	15	19	22	23	25	35	39	2	2	89	282	2812	99	0	246	7	0	0	0	0	
0	1	7	9	14	17	27	28	31	38	5	6	8	10	15	20	21	23	36	37	3	3	50	82	0	313	3014	6	0	3	1	6	0	
8	10	14	15	23	27	29	31	35	39	0	3	5	6	16	24	30	33	34	36	1	0	42	348	40980	116	0	2204	215	0	1	0	0	
0	13	14	15	18	23	24	25	26	33	1	8	12	22	29	31	32	34	35	37	2	1	87	252	10897	71	0	77	0	2	0	0	0	
0	4	7	8	12	16	25	26	30	36	2	3	5	11	13	14	15	19	35	37	3	2	20	124	239	0	220	0	192	1	0	0	0	
4	14	20	22	28	31	32	37	38	39	2	7	11	15	19	21	24	26	30	34	1	3	46	0	41343	687	0	171	3	0	1	0	0	
0	3	5	13	14	19	21	25	32	34	2	10	15	17	20	22	27	28	29	35	0	0	37	682	0	510	327	0	1	0	0	0	0	
4	8	10	11	18	27	29	31	36	38	3	5	13	16	19	20	21	22	23	34	3	1	94	126	133	0	134	4303	262	2	0	0	0	
2	5	10	17	24	25	28	29	36	39	6	8	9	16	22	23	27	30	31	34	0	2	61	206	0	34504	795	0	5	0	1	0	0	
1	5	10	12	13	24	30	31	34	38	2	7	8	14	19	26	28	33	35	36	0	3	69	0	706	15967	130	382	5	0	0	0	0	
4	8	11	12	17	24	26	29	34	37	3	13	14	15	19	21	22	25	35	36	0	0	14	757	0	24124	326	537	35	2	0	0	0	
0	4	5	8	10	18	24	27	32	36	1	6	7	13	19	22	23	28	31	34	2	1	61	130	6404	118	0	877	9	1	0	0	0	
0	1	4	5	16	17	18	28	32	37	2	3	6	9	11	23	27	31	34	38	1	2	41	0	14383	967	388	0	25	2	0	0	0	
1	2	8	9	15	17	20	25	29	31	5	6	7	11	13	14	21	27	33	34	0	3	61	177	10600	636	214	2	0	2	0	0	0	
1	3	4	8	11	16	18	24	29	35	14	17	19	20	21	23	25	32	36	37	2	0	71	1605	195	6090	0	0	99	10	0	0	0	
4	14	16	20	21	23	24	26	34	36	9	10	13	17	18	22	28	29	31	39	1	1	102	0	229	488	0	546	20	0	0	0	0	
7	8	13	14	20	24	28	33	35	37	1	4	6	9	10	12	15	18	19	38	0	2	116	0	0	1318	251	0	135	2	0	0	0	
4	5	8	12	18	20	26	27	33	34	3	9	17	21	23	24	29	30	35	36	0	3	35	222	116	184	110	0	37	3	0	0	0	
5	7	12	13	23	26	28	29	31	35	2	4	6	8	10	20	22	32	36	38	1	0	32	1329	0	500	165	770	17	0	0	0	0	
1	2	6	10	15	18	20	30	36	38	0	3	5	11	12	17	23	31	35	39	2	1	11	0	416	707	87	0	1	1	0	0	0	
9	12	18	19	22	25	28	31	32	33	0	1	4	11	15	16	20	23	35	38	2	2	45	0	15410	10130	0	107	7	0	0	0	0	
10	17	18	21	22	24	25	27	30	35	4	7	9	11	13	19	20	31	37	38	1	3	75	454	7632	0	533	992	8	8	0	0	0	
4	5	11	15	16	18	23	27	32	33	0	6	13	17	28	29	34	35	38	39	2	0	51	599	2749	230	0	0	0	2	0	0	0	
9	11	13	15	18	23	28	30	35	36	2	3	6	7	12	17	20	27	33	38	0	1	55	277	0	69277	0	7	17	2	1	0	0	
3	5	6	7	11	14	15	16	17	23	1	8	9	20	25	26	28	33	34	36	2	2	59	0	77242	786	2028	3002	39	2	1	0	0	
4	6	9	11	21	25	27	29	30	38	0	3	7	12	20	26	28	31	34	35	2	3	30	869	279	6044	0	7	0	0	1	0	0	
3	7	15	17	23	30	32	33	35	38	2	4	8	9	14	18	19	24	25	28	3	0	90	1072	0	34745	832	1025	0	2	1	0	0	
1	3	4	7	11	12	15	24	25	31	6	8	16	27	28	29	32	35	36	38	2	1	74	292	218	0	534	1188	10	2	0	1	0	
1	3	4	7	10	14	15	18	25	28	6	8	16	20	22	27	30	32	34	35	2	2	46	477	0	555	1372	1077	2	1	0	0	0	
0	1	9	23	24	27	30	31	35	37	6	10	12	13	16	18	25	26	33	34	0	3	20	127	0	0	279	200	0	3	0	0	0	
6	7	11	12	17	22	30	33	36	38	5	8	15	21	25	26	27	28	31	32	2	0	68	763	93	229	0	261	0	0	1	0	0	
3	4	9	10	16	17	18	28	34	36	1	2	5	7	19	24	25	26	27	33	1	1	85	201	458	202	0	0	11	0	1	1	0	
7	13	17	23	26	28	31	36	38	39	1	2	4	8	15	16	22	29	32	37	3	2	75	214	1935	0	3619	0	11	5	1	0	0	
5	6	14	15	22	33	35	36	37	39	0	1	2	9	10	19	21	24	31	34	3	3	85	286	0	246	0	881	36	2	1	0	0	
1	18	24	25	26	27	34	36	37	39	2	6	9	14	15	20	23	30	31	32	0	0	76	3149	8420	0	1537	1497	10	2	1	0	0	
1	2	6	10	11	25	27	35	36	37	5	7	14	15	16	17	18	31	33	34	2	1	13	530	0	41402	5811	316	0	0	1	0	0	
5	6	10	15	18	26	27	28	35	39	4	8	12	16	17	19	21	34	36	37	1	2	56	249	0	399	5150	0	11	2	0	0	0	
6	10	11	12	15	18	19	27	33	36	5	13	20	21	23	24	26	29	31	38	1	3	96	0	22522	1245	86989	990	0	8	2	0	0	
2	9	10	11	22	27	28	29	33	38	3	5	7	12	14	18	20	31	34	35	2	0	65	642	0	942	368	0	0	3	1	0	0	
12	13	19	23	29	33	34	35	36	38	1	6	7	8	18	21	24	25	26	32	2	1	91	748	1398	933	21469	0	139	1	0	0	0	
3	5	8	10	17	18	19	33	34	39	0	1	6	11	15	21	22	31	37	38	2	2	20	270	4158	9894	203	494	0	1	0	0	0	
0	4	10	16	22	26	28	29	30	35	7	11	12	15	18	19	23	27	32	38	1	3	80	190	692	5049	2496	0	284	2	0	0	0	
7	8	10	12	19	21	25	30	32	38	1	2	5	13	15	16	17	20	28	37	2	0	84	665	0	221	0	701	12	0	1	0	0	
0	5	6	10	11	16	22	27	30	34	2	3	7	9	12	15	26	28	29	31	0	1	76	80	0	749	344	1	0	0	0	0	0	
3	4	9	12	15	20	24	33	38	39	1	5	6	10	11	17	27	30	34	36	0	2	79	335	51	0	12086	140	0	1	1	1	0	
2	9	11	19	20	22	28	32	34	35	1	4	5	8	12	16	24	26	31	38	3	3	54	151	132	0	48666	126	3	0	1	0	0	
1	2	8	9	13	19	20	23	26	39	3	4	12	16	21	25	29	31	32	37	1	0	100	1123	6282	0	76	0	82	2	0	0	0	
6	8	9	10	12	13	16	18	24	33	4	5	15	20	25	26	27	29	30	38	2	1	92	415	18408	0	0	590	20	5	0	0	0	
2	6	7	8	12	14	17	27	28	35	0	9	16	18	20	24	26	29	30	31	0	2	112	201	0	69894	435	251	1	1	0	1	0	
3	9	10	16	17	23	25	32	33	37	2	5	7	15	20	21	22	28	31	38	1	3	45	103	266	2887	0	82	0	4	0	0	0	
2	8	14	23	28	31	33	36	37	38	0	3	5	7	11	18	22	26	29	30	2	0	65	2090	30887	512	0	492	0	29	0	0	0	
4	5	9	10	16	17	20	21	26	35	1	3	13	14	15	18	19	24	34	38	0	1	68	488	139	0	279	5	15	2	1	2	0	
5	13	16	17	18	20	22	23	32	36	0	3	4	8	9	11	12	25	29	33	2	2	39	0	141913	0	780	0	127	11	0	0	0	
1	2	5	17	18	19	24	27	29	36	13	14	16	22	26	28	30	32	33	38	1	3	93	76	0	73820	0	485	48	4	1	0	0	
1	7	8	12	14	15	17	21	32	37	2	3	4	13	16	18	20	26	31	34	1	0	49	889	0	953	2568	973	70	0	1	0	0	
7	14	18	21	28	33	34	35	36	39	0	1	2	8	13	16	20	22	29	32	1	1	43	568	16878	0	27173	0	5	0	1	0	0	
5	6	7	11	18	20	21	23	24	36	2	10	16	26	29	30	31	33	37	39	2	2	99	178	0	6824	967	0	0	3	0	0	0	
3	4	8	12	16	18	22	26	27	32	1	2	5	6	11	15	17	29	33	39	1	3	92	118	442	104	0	476	0	3	0	0	0	
0	8	15	18	21	23	27	30	34	37	2	7	9	10	12	14	19	25	35	38	3	0	88	1251	0	400	762	0	6	1	0	0	0	
1	5	6	8	15	24	27	28	32	33	2	7	10	11	12	14	21	22	34	39	3	1	23	270	4457	206	1929	0	0	0	0	0	0	
0	1	4	16	23	24	25	28	30	35	5	7	10	13	15	31	33	34	36	37	3	2	16	640	156	475	0	639	11	0	0	1	0	
3	4	8	9	13	20	24	31	32	36	0	1	12	14	15	16	18	22	23	29	1	3	82	48	0	1960	0	452	9	3	1	0	0	
8	13	14	16	22	26	28	30	31	39	1	2	6	9	10	12	21	23	27	36	3	0	50	1208	0	0	9089	3	5	3	0	0	0	
4	6	7	8	17	19	25	28	35	38	0	3	11	12	13	20	24	27	32	39	3	1	71	50	0	132	4065	89	0	0	0	0	0	
0	7	9	10	13	15	17	18	21	23	8	19	22	25	28	30	35	37	38	39	1	2	103	1252	774	0	746	1218	9	1	1	0	0	
1	3	5	17	18	20	22	25	28	33	6	7	13	19	23	27	30	32	36	38	3	3	44	87	0	111	314	58	0	2	0	0	0	
0	4	17	18	24	27	31	35	37	38	1	10	12	13	15	20	21	28	29	30	0	0	43	565	104	0	385	0	20	1	1	0	0	
0	2	3	4	5	7	15	17	26	31	9	12	13	16	19	21	22	24	27	39	1	1	78	374	0	0	0	4	7	2	0	0	0	
3	4	9	12	14	17	20	33	37	39	0	1	10	15	21	28	30	31	32	38	1	2	89	273	7699	600	99	0	25	3	0	0	0	
1	3	5	7	10	13	14	22	33	35	4	6	12	16	18	24	28	30	34	39	2	3	46	212	3371	101	251	0	5	0	0	0	0	
3	6	8	11	13	21	24	30	31	38	1	2	4	10	17	23	27	28	32	36	1	0	62	778	0	222	97	0	4	0	1	0	0	
4	17	20	21	22	24	28	34	35	39	2	7	10	13	16	19	25	29	36	38	3	1	62	0	46503	666	10359	111	31	2	0	0	0	
3	10	20	21	25	28	30	31	32	36	0	1	6	9	12	19	22	29	34	35	2	2	79	302	6170	0	523	159	6	3	1	0	0	
5	7	9	14	22	25	28	32	34	37	0	2	6	10	19	24	26	27	31	36	2	3	49	100	452	181	0	0	14	4	0	0	0	
4	8	9	19	23	28	32	33	35	38	0	2	5	7	12	14	15	17	18	22	2	0	72	1664	5916	0	395	0	18	4	1	0	0	
3	5	8	13	17	20	23	25	27	39	0	4	15	24	28	30	31	32	35	36	1	1	38	222	4499	0	255	82	0	3	0	0	0	
4	5	7	11	13	21	22	24	30	32	0	2	3	8	10	20	29	33	34	35	3	2	21	180	136	127	0	422	1	0	1	0	0	
3	4	11	16	18	21	23	34	35	38	0	1	8	9	12	13	14	26	32	37	0	3	51	128	3490	131	0	0	11	2	1	0	0	
4	6	9	17	19	29	30	36	38	39	5	13	14	15	22	23	31	32	33	35	3	0	114	173	143	0	23610	7	0	1	0	0	0	
3	5	7	11	12	20	28	29	32	38	1	4	13	14	18	19	24	31	35	39	0	1	91	112	0	453	5688	0	11	1	0	0	0	
2	8	11	12	15	18	24	27	34	39	1	4	7	25	26	29	30	31	33	37	3	2	78	609	277	366	0	6	8	2	0	0	0	
4	5	13	16	19	23	25	26	34	39	3	8	15	17	18	20	27	28	35	37	0	3	45	147	83	0	16466	0	3	1	1	0	0	
2	4	8	11	12	21	22	24	30	31	3	9	17	18	23	28	32	33	37	39	1	0	92	466	897	87	222	0	0	0	0	0	0	
0	2	7	10	12	14	18	20	30	36	4	5	6	11	16	21	22	26	31	32	1	1	24	431	0	1247	11592	0	21	0	1	0	0	
5	7	9	12	13	14	18	28	30	32	0	3	15	17	19	23	24	27	31	36	3	2	29	92	0	303	214	0	53	0	1	0	0	
3	4	6	7	14	16	17	27	29	38	5	9	18	20	21	23	25	31	32	39	0	3	91	406	110	79	158	78	0	16	0	0	0	
3	5	9	11	15	16	21	29	35	37	1	2	7	12	14	17	20	23	27	34	3	0	39	1362	6005	149	216	0	7	1	0	0	0	
4	5	6	16	17	18	24	27	28	34	0	2	3	7	9	13	22	30	31	37	1	1	24	488	521	5622	514	569	0	20	1	0	0	
0	5	8	17	18	21	24	30	34	38	1	2	6	12	22	26	32	36	37	39	2	2	36	182	1539	462	5913	0	27	2	0	0	0	
0	4	15	17	20	22	23	25	28	30	1	5	7	9	14	19	26	33	36	38	1	3	79	141	0	0	1653	1013	15	2	0	0	0	
1	10	14	20	21	22	23	24	33	37	3	4	5	6	9	16	17	18	19	38	3	0	41	347	200	36186	524	104	8	0	0	0	0	
2	4	12	17	20	28	31	34	35	37	3	5	8	13	14	15	18	21	29	30	0	1	40	455	523	0	836	50	10	0	1	0	0	
0	1	4	7	16	21	24	26	30	35	2	5	8	11	13	15	22	33	38	39	0	2	79	0	16632	1005	263	0	57	4	0	0	0	
5	9	12	17	20	23	27	33	34	39	8	10	11	16	22	24	25	29	31	32	1	3	76	84	258	0	82	2	0	7	0	0	0	
3	4	11	18	19	22	25	28	34	39	2	5	6	12	23	24	26	30	31	37	2	0	64	821	426	0	8220	0	33	2	0	1	0	
2	5	13	14	15	21	26	28	30	36	0	6	10	12	19	20	27	29	35	37	2	1	57	107	3096	0	61	0	3	0	1	0	0	
11	13	21	24	25	33	35	36	38	39	1	3	10	12	14	18	22	26	27	29	3	2	88	1124	4241	3189	1554	2918	62	14	2	0	0	
5	8	17	18	27	28	29	33	35	38	0	1	10	13	15	19	26	31	32	37	0	3	69	61	1366	0	4194	0	7	0	1	0	0	
0	1	3	8	10	12	15	16	27	38	2	5	11	13	17	23	25	29	30	35	3	0	28	1549	0	9602	1644	314	10	5	1	0	0	
2	10	16	17	18	25	26	28	34	35	0	1	4	8	21	29	30	31	32	36	2	1	79	318	5491	130	0	811	4	1	0	0	0	
1	2	3	4	16	18	19	30	31	32	6	14	20	21	22	26	27	29	35	36	3	2	10	818	1332	0	0	0	2	0	0	0	0	
3	7	12	24	26	27	32	33	38	39	1	2	4	18	20	28	29	31	34	35	3	3	62	197	4988	0	309	0	0	1	1	0	0	
0	4	7	11	24	27	30	35	37	39	2	3	6	10	14	16	17	25	26	36	1	0	72	785	329	0	213	124	0	3	0	1	0	
2	3	4	13	17	21	31	33	36	39	7	9	10	15	19	27	28	29	30	38	3	1	101	67	0	13184	0	0	0	2	1	0	0	
2	5	9	16	17	27	28	32	35	37	4	6	7	8	11	13	14	19	24	31	1	2	105	74	0	32824	0	1490	387	2	0	0	0	
6	14	17	18	20	21	24	34	35	39	0	1	10	12	16	22	27	28	29	36	0	3	42	862	3861	70	0	402	11	2	0	0	0	
7	10	11	15	17	26	28	31	35	37	0	2	3	9	14	16	19	22	32	33	1	0	81	682	0	510	183	309	0	3	0	0	0	
1	4	13	18	19	22	26	30	35	37	3	5	6	10	16	17	23	31	33	36	1	1	36	121	2121	0	14822	0	8	0	1	6	0	
5	9	11	14	15	17	21	24	31	33	0	2	6	10	22	23	26	28	30	38	2	2	61	940	12828	280	0	183	0	13	1	0	0	
3	7	11	13	16	17	18	24	34	38	4	5	8	12	14	20	25	26	30	37	1	3	45	456	339	259	6889	0	8	1	0	0	0	
3	5	7	11	18	20	27	29	31	33	1	6	12	15	16	19	23	32	35	37	2	0	74	631	0	554	357	292	8	0	0	0	0	
1	8	10	11	15	18	19	23	29	39	5	6	12	13	21	22	24	25	33	37	0	1	79	187	295	0	29308	1178	54	0	1	2	0	
1	7	9	13	21	26	28	29	33	37	2	3	6	14	17	25	27	31	34	39	1	2	44	178	0	923	103568	4	0	2	12	0	0	
6	8	9	10	17	21	23	31	32	37	3	4	5	7	22	25	27	30	36	38	3	3	68	150	0	0	75	2	0	4	0	0	0	
4	7	10	12	16	20	28	30	35	38	1	5	8	11	14	19	21	24	29	32	1	0	80	1091	0	863	309	3	5	0	0	0	0	
0	6	10	11	19	22	29	30	34	39	1	2	7	8	17	18	28	32	35	36	3	1	103	146	1818	0	735	0	14	1	0	0	0	
2	4	9	10	13	15	25	29	30	39	1	16	17	18	19	20	23	28	31	37	1	2	114	104	126	0	176	239	0	1	0	0	0	
5	11	16	22	25	26	31	36	37	38	0	6	14	19	20	21	24	29	32	34	0	3	58	254	10531	0	0	523	11	1	0	0	0	
0	1	3	4	5	15	18	20	37	39	2	7	9	11	16	17	19	21	22	29	1	0	113	1305	319	1008	725	553	0	11	1	0	0	
4	5	11	13	23	26	32	34	36	39	1	6	10	15	18	21	22	30	37	38	3	1	78	200	0	545	29543	0	20	3	0	0	0	
6	10	12	14	24	25	31	33	34	35	1	3	5	9	16	18	23	27	32	38	3	2	75	186	355	0	753	148	0	0	0	0	0	
4	9	14	17	19	21	25	32	34	39	0	3	5	7	8	11	12	16	36	38	1	3	120	247	96	69	0	7	34	0	0	0	0	
0	1	2	3	4	6	18	20	32	38	7	10	11	15	24	26	29	33	34	39	2	0	46	419	5582	30	0	246	4	1	0	0	0	
8	15	18	19	20	23	25	29	36	37	7	9	12	13	16	21	22	26	27	39	2	1	85	118	3964	0	198	46	2	1	0	0	0	
3	4	6	10	12	13	23	26	27	30	7	9	14	16	20	21	22	25	29	31	3	2	0	105	652	283	143	0	17	2	0	0	0	
9	10	14	22	25	26	27	31	34	38	2	7	11	12	13	16	17	28	29	36	1	3	81	401	168	567	244	245	0	0	1	0	0	
6	11	13	15	16	18	22	23	24	30	1	2	8	21	27	28	31	32	36	38	0	0	47	1188	0	61879	0	668	11	1	0	0	0	
0	8	11	14	15	17	28	34	35	37	1	2	13	18	25	26	27	32	36	39	0	1	61	258	0	22997	25901	638	0	3	0	0	0	
7	8	14	18	19	21	27	28	33	36	4	5	6	16	17	22	23	25	29	30	1	2	71	112	3852	138	0	900	30	1	0	0	0	
0	1	2	11	13	17	18	32	33	37	3	5	7	9	10	16	31	34	35	36	2	3	0	0	0	231	1296	990	18	0	0	0	0	
6	9	14	20	22	23	31	32	36	38	4	8	10	13	15	19	21	28	37	39	1	0	69	1671	109	3617	0	0	0	3	0	0	0	
1	4	7	16	23	26	28	29	30	39	2	6	8	9	18	20	21	25	27	33	1	1	58	0	389	29188	0	1343	22	3	1	0	0	
0	13	25	27	28	30	31	32	36	38	2	3	5	9	14	18	23	29	33	34	2	2	68	247	5352	0	809	263	24	2	1	0	0	
3	4	12	18	20	23	24	27	31	32	1	5	9	13	15	17	19	25	26	33	1	3	61	0	0	258	692	161	0	0	1	0	0	
2	7	12	13	15	16	17	22	27	31	0	4	5	8	11	19	20	28	30	39	0	0	74	618	104	0	0	1362	0	7	1	0	0	
0	5	7	12	13	17	23	25	26	38	2	10	11	19	22	27	29	31	36	39	0	1	41	0	42247	114	0	1474	17	0	1	0	0	
2	5	14	15	19	21	29	31	32	36	1	7	9	12	25	26	27	28	30	33	0	2	73	153	0	249	61	0	31	1	1	0	0	
0	4	8	9	26	29	30	31	34	39	3	11	13	21	22	23	24	27	35	37	0	3	51	281	305	0	1107	6	83	0	1	0	0	
4	7	16	17	20	21	27	29	37	39	5	8	9	10	14	23	26	28	32	33	1	0	76	642	0	17545	0	217	19	2	0	0	0	
3	5	7	9	12	14	16	17	20	23	1	2	4	11	18	21	28	33	38	39	3	1	90	568	5948	247	0	819	8	0	0	0	0	
9	10	11	12	14	20	23	24	30	35	4	7	13	16	21	25	26	27	31	36	2	2	44	103	42	0	0	0	2	0	0	0	0	
3	7	11	19	20	23	25	26	33	38	4	9	13	16	17	27	30	32	36	39	2	3	73	234	241	0	157	0	6	1	0	0	0	
2	4	16	26	29	31	34	35	37	39	3	9	10	17	21	22	24	25	30	33	0	0	67	1463	0	533	7418	41	0	11	1	0	0	
5	9	12	21	26	28	29	32	35	36	1	4	6	7	15	16	23	27	31	34	1	1	20	0	477	707	391	3	0	12	0	0	0	
2	4	9	10	16	21	26	29	35	39	0	3	6	19	20	23	27	30	34	37	2	2	78	131	88	0	1219	157	40	0	1	0	0	
10	11	15	20	24	25	27	28	36	39	0	2	4	7	8	19	30	32	33	35	0	3	74	517	304	277	1472	1063	40	2	0	0	0	
0	6	8	14	15	16	21	22	24	26	1	5	12	19	20	23	25	27	29	31	3	0	36	2617	14410	1619	2053	740	0	0	1	0	0	
1	5	8	14	20	25	28	31	38	39	2	10	15	19	22	29	33	34	36	37	0	1	69	259	4149	395	0	1961	65	3	0	0	0	
3	9	12	13	16	18	23	27	31	34	11	17	19	25	26	28	29	30	33	39	2	2	114	279	277	225	64	64	0	9	0	0	0	
3	9	10	11	15	25	26	27	38	39	2	5	6	8	17	18	19	23	24	29	1	3	116	87	583	0	72503	7	60	10	0	0	0	
0	4	5	8	11	20	26	31	36	37	3	12	13	19	23	24	25	29	35	39	3	0	54	1482	7486	463	0	1118	0	1	0	1	0	
0	3	4	6	10	16	25	36	37	38	7	9	12	13	14	19	21	23	29	31	0	1	78	0	749	22078	472	2	0	2	0	0	0	
0	13	14	16	17	18	26	29	30	36	1	5	10	11	19	22	31	35	38	39	3	2	111	474	0	1202	3429	4	261	0	1	0	0	
0	3	7	8	9	10	19	21	30	34	1	4	11	15	18	20	22	26	31	37	3	3	50	0	950	60308	0	2258	42	0	1	0	0	
1	3	9	13	14	17	22	33	35	36	6	8	11	16	18	24	25	28	29	39	1	0	63	943	929	557	186	86	0	0	0	0	0	
0	1	10	12	14	18	22	25	26	30	2	7	9	16	17	19	32	33	35	38	0	1	86	402	7024	232	0	0	25	2	0	0	0	
9	12	13	15	17	18	22	27	29	31	0	1	2	4	7	14	16	24	25	33	3	2	35	0	94026	482	1002	0	11	0	1	0	0	
0	5	6	11	16	19	22	31	34	35	3	13	14	17	20	27	28	36	37	38	0	3	42	915	707	0	398	86	35	2	0	1	0	
1	6	8	11	13	25	26	36	37	38	7	9	14	16	18	22	32	34	35	39	0	0	85	1082	2754	0	479	0	41	2	0	1	0	
0	1	2	4	10	21	24	25	35	38	3	6	8	9	13	15	17	30	34	37	1	1	19	340	900	522	0	68	18	0	1	0	0	
2	3	8	10	14	16	33	35	36	38	0	9	13	18	19	26	29	31	34	37	0	2	93	742	10094	0	455	865	33	0	1	0	0	
3	4	5	6	9	14	21	29	33	38	7	8	12	15	19	22	24	25	26	39	2	3	108	129	0	25530	0	6	18	1	1	0	0	
2	4	5	7	9	20	21	31	34	39	0	3	8	13	17	22	28	30	35	36	0	0	69	927	1159	1303	24856	2898	50	6	1	0	0	
4	7	8	15	17	20	22	24	25	28	1	2	14	16	21	29	30	35	36	38	3	1	68	567	42876	977	0	7	7	3	1	0	0	
0	1	4	5	14	25	27	29	31	32	7	10	11	13	15	23	24	30	35	37	3	2	14	0	0	0	102	227	1	1	0	0	0	
0	3	11	15	17	22	25	29	33	34	2	8	10	14	21	24	27	28	37	39	1	3	40	143	2196	0	99	0	2	2	0	0	0	
5	6	9	12	14	18	22	25	29	30	0	1	10	11	13	15	21	31	34	35	0	0	18	664	1061	16191	0	534	7	1	1	0	0	
1	10	12	13	19	20	21	23	35	39	3	6	8	11	14	15	30	34	36	38	1	1	89	0	820	24001	54	656	4	0	2	0	0	
1	4	9	12	14	19	21	28	32	37	6	11	18	22	25	26	29	31	33	36	3	2	80	731	6013	508	0	174	0	3	1	0	0	
0	5	13	15	16	17	18	22	26	32	6	8	9	11	14	19	28	33	35	36	3	3	26	631	5688	3315	0	210	0	2	1	0	0	
3	6	10	11	12	18	19	24	36	38	0	2	5	8	9	14	20	23	28	33	0	0	91	875	12174	195	0	112	0	7	1	0	0	
2	6	9	13	16	18	22	27	33	38	0	3	4	10	26	28	29	30	35	36	0	1	66	264	0	468	99	74	0	1	0	0	0	
3	6	8	10	17	25	26	36	37	39	11	18	19	23	28	31	32	33	34	35	2	2	55	106	0	523	60	0	1	2	0	0	0	
0	2	5	7	8	14	33	36	37	39	4	10	13	16	19	22	25	27	29	35	1	3	74	1336	0	971	1179	794	20	0	1	0	0	
1	2	4	15	18	20	22	26	28	36	0	3	8	10	13	14	19	25	30	33	0	0	87	683	5810	108	0	244	0	1	0	0	0	
1	5	14	21	29	32	33	36	38	39	8	10	13	17	19	22	24	25	35	37	3	1	79	300	0	308	1247	803	17	4	1	0	0	
1	3	8	9	10	17	32	34	37	38	2	5	6	11	12	16	20	25	30	35	1	2	56	918	291	0	753	948	23	1	0	0	0	
2	4	7	10	13	14	19	31	33	38	3	15	20	21	22	25	27	28	29	35	2	3	72	371	9985	7034	2632	3256	26	1	0	0	0	
3	5	7	9	11	18	21	27	37	38	2	12	16	19	25	29	32	34	35	36	3	0	92	763	0	40691	0	801	5	0	1	0	0	
0	1	3	4	5	11	17	20	23	32	12	14	16	19	25	26	30	31	36	38	1	1	38	242	92	0	782	5	19	2	1	0	0	
9	11	13	14	15	17	18	24	31	32	0	2	3	7	10	16	20	27	35	38	1	2	82	0	87036	0	1100	5	0	1	1	1	0	
8	9	10	11	15	20	28	30	34	36	2	4	14	17	19	25	26	27	31	33	1	3	76	132	43	0	131	119	0	1	0	0	0	
8	16	18	21	23	24	26	29	34	35	0	9	11	12	17	20	27	30	32	39	1	0	99	1043	147	0	34319	633	393	11	0	0	0	
7	8	12	14	20	23	31	32	33	34	5	6	9	10	13	15	21	25	26	29	0	1	62	85	0	6398	0	0	1	0	0	0	0	
0	2	16	18	20	25	27	29	36	39	5	6	11	17	19	24	28	32	33	34	0	2	84	130	0	35529	0	407	0	2	1	0	0	
1	7	8	27	28	29	30	31	33	38	0	2	3	4	5	12	21	25	26	32	3	3	80	390	13303	8337	0	7	5	0	1	1	0	
0	2	3	4	12	16	17	19	29	36	5	7	8	10	11	18	24	25	34	35	2	0	29	1277	241	6282	0	5	0	5	1	1	0	
1	6	7	16	24	28	31	32	34	39	2	3	9	12	14	17	21	22	26	36	1	1	45	0	18477	399	0	4	17	4	0	0	0	
2	4	7	8	18	30	33	35	37	39	3	10	15	19	21	26	28	31	32	38	2	2	59	532	28900	34034	1812	380	34	1	1	0	0	
0	2	7	11	16	20	25	26	30	35	1	9	10	13	14	22	28	31	34	37	3	3	42	83	129	109	324	555	0	1	0	0	0	
4	7	16	21	22	23	24	32	38	39	0	1	12	15	19	20	25	33	34	36	0	0	64	1384	0	26676	800	553	30	10	1	0	0	
1	3	9	15	17	20	24	28	29	34	7	11	12	16	22	23	33	36	37	38	1	1	93	169	18971	4615	0	1152	11	3	0	0	0	
0	5	7	13	18	20	21	24	26	33	2	6	9	10	12	15	25	28	30	31	3	2	18	135	12715	0	580	459	4	0	0	0	0	
0	8	10	12	19	24	25	27	28	34	5	14	15	18	20	22	23	29	31	33	1	3	71	665	8431	4975	176	0	0	0	1	0	0	
2	6	8	11	12	19	21	23	31	33	1	7	9	10	14	16	17	34	35	39	1	0	87	1268	0	959	328	438	0	6	8	0	0	
4	7	17	21	22	23	34	35	36	38	0	2	6	12	13	19	20	26	31	39	2	1	18	85	0	938	4251	0	0	0	1	0	0	
0	6	8	15	19	20	24	26	37	38	3	7	9	16	22	25	27	30	31	35	3	2	66	53	0	23378	363	575	11	1	0	0	0	
2	5	9	15	23	30	36	37	38	39	1	3	6	8	13	16	19	28	31	35	2	3	37	425	181	0	1428	5	18	0	1	0	0	
2	4	5	13	14	17	23	24	29	31	1	8	10	16	20	25	27	30	34	35	2	0	32	646	557	176	833	340	0	2	1	0	0	
1	12	14	23	24	25	27	28	36	39	4	8	10	11	16	26	29	30	34	37	1	1	72	211	713	246	0	492	0	2	0	0	0	
4	5	6	8	16	22	25	28	29	35	0	2	11	13	18	19	26	33	34	38	3	2	72	0	25912	10126	0	412	0	3	1	0	0	
9	13	19	22	24	25	28	34	35	38	0	3	5	10	14	18	21	31	33	39	2	3	78	124	6334	63	222	0	131	15	1	0	0	
7	9	10	11	12	24	27	28	30	35	0	6	14	17	18	21	31	32	34	38	3	0	66	322	3563	0	190	0	51	0	1	0	0	
0	2	5	6	8	11	19	25	38	39	7	9	10	14	17	18	30	31	33	35	0	1	103	139	0	30604	17	6	0	3	1	0	0	
1	7	13	18	19	22	27	29	31	37	0	4	8	11	14	15	16	28	30	34	3	2	53	321	768	0	287	3	19	1	0	0	0	
3	16	22	24	25	26	28	32	33	35	1	4	5	8	10	12	17	21	34	36	3	3	73	423	0	34713	0	0	175	7	1	0	0	
3	4	7	10	11	13	16	35	36	38	1	2	5	9	18	23	26	29	34	39	3	0	74	1233	446	1709	462	0	12	3	1	0	0	
1	3	9	16	18	23	28	31	32	33	17	19	21	22	27	29	34	35	36	38	3	1	96	131	165	0	0	5	6	1	0	0	0	
4	13	14	18	22	24	26	30	34	37	5	9	11	15	20	21	25	32	38	39	0	2	39	351	102	290	0	0	6	0	0	0	0	
1	2	7	9	19	25	26	30	34	35	0	3	6	12	13	17	27	31	32	33	1	3	39	178	189	2361	271	206	0	0	2	0	0	
3	11	12	14	21	23	25	29	33	35	0	2	4	5	8	22	24	28	34	36	3	0	32	741	0	490	0	0	18	2	0	0	0	
2	4	7	9	16	17	23	30	32	36	1	5	6	10	11	13	26	28	29	39	2	1	49	179	91	0	668	3	0	2	1	0	0	
2	6	11	19	20	23	25	27	30	35	0	3	13	14	28	29	31	34	38	39	3	2	71	107	114	173	93	0	15	0	1	0	0	
3	4	11	13	16	19	23	26	30	36	1	6	7	10	22	24	27	28	31	32	2	3	90	0	0	249	0	6	32	3	0	0	0	
6	7	10	19	23	24	29	31	36	39	5	9	11	12	17	20	28	32	35	38	3	0	37	439	105	0	169	0	29	0	1	1	0	
5	14	16	19	26	30	31	32	34	36	0	6	7	8	11	15	20	25	27	39	0	1	58	194	8730	0	547	287	32	1	1	0	0	
3	18	20	21	28	29	33	35	36	38	1	4	10	11	12	17	23	26	34	37	1	2	17	0	361	4493	4101	3497	13	1	0	0	0	
3	11	15	19	22	25	28	29	37	39	4	5	12	14	16	18	20	24	26	33	2	3	64	407	1803	13612	407	0	40	3	1	0	0	
3	7	20	24	27	29	32	34	37	38	4	5	8	10	12	15	16	17	21	30	3	0	68	1709	0	1329	71694	634	12	3	1	0	0	
8	14	15	19	20	21	28	31	33	39	4	6	7	10	13	18	25	30	36	37	1	1	92	0	37274	11994	0	77	3	4	0	0	0	
1	4	9	10	11	14	35	36	37	39	2	3	5	17	19	20	29	31	32	34	1	2	66	1175	908	130	12702	1969	7	1	1	0	0	
2	5	7	10	12	13	29	30	33	37	0	4	8	9	14	18	23	24	32	38	2	3	62	0	31651	4744	279	380	0	2	0	0	0	
8	13	14	17	23	26	31	32	38	39	0	2	3	7	11	16	18	21	29	30	1	0	45	491	318	7232	0	1039	148	1	0	0	0	
2	4	11	12	14	17	22	32	33	37	0	1	8	9	10	23	26	30	31	35	2	1	61	0	558	159	86	80	14	4	1	0	0	
0	10	13	16	19	22	29	30	36	38	1	6	7	12	14	15	17	24	26	34	2	2	74	268	7925	721	308	0	33	0	1	0	0	
1	12	15	20	22	24	30	32	34	35	2	3	9	11	21	23	27	28	33	38	3	3	41	185	0	0	2007	2557	0	3	1	0	0	
0	5	13	15	17	20	23	30	32	39	4	14	18	19	25	26	28	29	36	38	0	0	75	801	0	238	256	284	0	25	1	0	0	
4	5	10	13	19	21	26	30	31	39	0	2	8	11	14	18	20	22	25	36	2	1	75	319	119	232	0	2135	56	3	1	0	0	
2	7	10	12	20	22	23	28	33	36	3	4	9	11	15	17	18	19	37	38	3	2	29	533	938	0	0	1689	4	1	1	0	0	
3	4	13	16	17	20	26	34	36	37	12	18	19	22	23	24	31	33	35	39	3	3	77	335	1837	0	111	3	0	0	1	0	0	
3	7	13	14	24	26	27	31	33	37	1	2	10	11	15	16	18	19	28	32	0	0	38	1202	0	282	381	2	0	0	1	1	0	
7	9	13	15	17	26	28	36	38	39	4	6	10	11	12	16	18	25	27	30	1	1	77	153	129	681	42	0	34	0	1	0	0	
12	13	14	23	25	26	31	32	35	37	1	3	7	9	17	22	29	30	33	38	3	2	77	174	369	257	230	0	0	2	0	0	0	
3	4	7	14	16	21	23	24	32	37	1	5	9	11	13	17	19	20	34	38	2	3	13	52	143	96	0	0	2	0	0	0	0	
4	7	11	19	20	25	33	35	37	38	6	8	10	12	16	23	26	30	36	39	1	0	95	2130	0	636	490	213	9	0	1	0	0	
0	2	5	6	18	20	28	31	32	34	1	4	7	8	17	19	21	23	24	36	3	1	38	87	0	328	0	4573	26	5	1	0	0	
0	5	11	18	21	23	24	30	33	39	4	13	19	20	25	28	32	34	36	37	0	2	70	221	0	337	532	3495	13	0	1	0	0	
4	7	8	12	13	16	22	23	33	37	2	3	5	10	17	25	30	34	35	38	2	3	15	139	2065	0	8179	0	3	0	0	0	0	
0	8	10	13	23	24	27	31	34	37	9	14	17	18	19	25	29	30	36	39	2	0	64	699	280	100	0	558	0	1	1	0	0	
1	15	21	22	25	29	30	32	37	39	0	2	6	10	12	13	18	19	20	35	0	1	78	453	14720	4513	0	1738	9	0	0	0	0	
6	12	15	16	24	27	28	30	35	38	2	3	4	7	11	17	23	26	29	31	0	2	76	213	0	1479	1395	577	3	1	0	0	0	
2	3	8	11	12	13	32	33	35	39	7	9	17	19	21	23	25	26	29	37	2	3	81	345	310	583	0	0	0	4	1	0	0	
5	6	7	17	18	20	22	23	28	32	0	4	13	21	26	27	31	33	35	38	2	0	85	592	290	0	60868	718	13	0	1	0	0	
3	5	7	8	12	18	21	24	34	37	0	6	9	16	20	23	26	28	35	36	1	1	41	140	612	0	0	333	13	0	0	0	0	
4	6	11	12	18	22	24	25	32	38	0	1	9	10	15	20	23	28	31	36	1	2	43	64	0	499	144	0	3	1	0	0	0	
4	5	7	8	9	20	21	24	25	34	3	6	13	15	17	27	28	32	35	38	3	3	41	1102	2628	546	47666	4	278	3	1	0	0	
15	16	18	19	20	22	24	25	31	38	0	8	10	12	21	26	28	34	35	37	0	0	40	1385	4848	8019	663	1511	5	0	0	0	0	
1	2	3	7	22	26	27	28	29	36	4	5	6	12	15	19	25	32	34	35	3	1	29	0	89732	14807	766	453	13	3	1	0	0	
4	9	10	13	14	15	17	19	21	34	8	11	18	20	22	23	25	30	38	39	0	2	46	0	1452	321580	45690	7	127	2	0	0	0	
2	4	11	19	22	27	28	30	33	35	1	6	8	9	10	17	20	25	26	31	2	3	75	295	4765	243	0	413	10	2	1	0	0	
1	5	12	15	19	22	25	32	33	37	8	14	17	24	26	29	31	34	35	36	2	0	57	529	0	444	195	136	4	0	1	0	0	
1	7	8	12	18	22	23	26	30	37	3	6	11	15	16	17	24	27	31	34	2	1	44	91	0	192	125	0	19	3	1	0	0	
2	9	10	11	15	20	22	25	26	37	0	5	6	13	14	18	19	24	36	39	2	2	47	65	0	867	186	0	15	2	1	0	0	
1	7	11	13	23	26	27	30	32	35	0	2	5	14	15	19	24	25	29	38	3	3	38	290	0	653	163	0	3	1	0	0	0	
2	4	6	11	12	21	23	24	30	34	1	3	13	14	20	27	28	29	35	37	2	0	62	513	196	0	320	306	0	0	1	0	0	
0	1	3	8	12	15	24	28	29	31	4	6	10	11	18	19	21	22	23	27	2	1	97	0	3751	5013	326	0	45	4	1	1	0	
1	6	8	9	18	28	29	30	31	34	0	2	3	10	16	17	24	27	32	39	2	2	78	211	0	10917	19096	3	4	2	0	0	0	
1	2	4	12	15	26	30	31	36	39	0	6	7	14	16	18	21	22	23	25	3	3	51	47	0	347	4066	500	0	5	0	0	0	
4	6	7	11	16	20	28	30	31	34	0	5	10	15	18	21	23	35	38	39	2	0	70	468	1143	56	0	446	0	3	1	0	0	
3	4	14	15	21	25	26	27	28	36	6	8	10	16	23	24	33	34	37	38	1	1	29	0	0	893	0	7	21	30	1	0	0	
2	8	9	11	14	15	17	18	27	32	7	10	13	19	20	24	25	29	37	38	1	2	88	404	0	0	1357	6	8	1	0	0	0	
10	13	15	16	17	24	27	29	31	37	3	9	18	25	26	32	34	35	38	39	2	3	106	342	686	0	563	686	14	0	3	0	0	
2	3	9	11	23	29	33	35	36	37	5	7	8	16	17	20	27	28	34	39	1	0	43	1278	132	0	0	497	19	5	0	0	0	
4	10	12	13	15	17	18	30	35	38	0	3	22	24	25	27	28	33	34	39	1	1	95	2226	1743	583	0	6	30	0	1	0	0	
1	2	3	4	11	12	25	26	29	39	0	9	13	17	22	28	30	35	37	38	1	2	88	0	0	0	344	477	31	0	1	0	0	
0	1	4	13	17	18	22	30	34	36	2	3	14	19	21	23	26	27	35	39	1	3	60	196	4237	142	453	0	21	4	0	0	0	
0	7	9	10	14	16	19	21	23	39	3	13	15	22	26	28	31	33	34	37	0	0	38	1584	4002	0	12342	0	6	0	1	0	0	
4	6	9	20	21	27	30	34	36	37	5	10	12	14	16	26	28	33	35	39	0	1	54	64	276	615	488	0	20	6	0	0	0	
2	3	8	12	15	18	20	31	38	39	1	4	5	9	10	17	23	26	33	37	3	2	62	140	270	0	0	467	131	1	0	0	0	
4	11	13	16	20	22	24	30	35	37	0	3	5	7	12	14	15	23	31	39	3	3	35	0	224	111	4031	189	14	0	1	0	0	
1	2	5	6	13	16	20	32	33	37	3	8	10	21	28	29	34	35	38	39	1	0	53	733	0	61	32	0	21	2	1	0	0	
6	11	14	20	22	23	27	29	32	34	1	2	9	12	15	16	26	33	37	39	2	1	95	0	1250	39910	0	2020	73	0	0	0	0	
1	2	5	11	20	21	30	36	38	39	0	3	13	16	19	27	29	34	35	37	1	2	30	252	3564	0	0	291	0	8	0	0	0	
0	5	6	8	10	16	17	26	33	34	1	4	7	14	15	18	27	35	37	39	2	3	27	0	0	325	0	301	0	1	0	1	0	
3	9	13	15	17	18	26	32	33	37	0	14	19	20	23	25	29	31	35	38	2	0	72	1273	2873	0	673	0	136	3	0	1	0	
2	4	9	11	13	20	23	25	30	35	3	5	6	8	12	18	28	31	33	36	1	1	12	96	0	580	145	161	0	1	0	1	0	
2	8	9	13	16	20	24	28	38	39	1	3	12	19	22	25	26	34	36	37	1	2	79	96	0	26261	0	105	4	1	2	0	0	
2	5	9	16	17	20	28	31	36	38	0	3	10	11	21	22	26	27	29	32	2	3	101	215	90	0	105	0	2	0	1	0	0	
5	9	15	16	21	27	28	29	30	33	6	7	8	12	14	19	20	34	35	37	1	0	60	1130	10300	109	0	5	0	16	2	0	0	
3	12	16	17	21	27	29	33	38	39	8	9	11	14	19	23	28	34	36	37	1	1	92	0	275	12381	0	2742	16	2	0	0	0	
0	1	7	11	13	17	20	21	31	35	6	10	12	15	18	22	24	25	32	36	0	2	3	0	0	135	0	74	3	1	0	0	0	
0	3	4	15	17	20	21	30	34	35	1	6	9	10	12	14	18	25	28	36	0	3	85	590	44	118	389	0	0	0	1	0	0	
0	2	6	8	13	14	15	29	30	33	1	3	11	17	18	23	24	25	34	39	1	0	53	1298	17046	270	2463	0	185	4	1	0	0	
1	2	4	5	6	12	14	16	18	32	0	7	9	10	13	21	25	26	35	39	2	1	55	731	344	706	302	399	312	0	2	0	0	
1	2	7	8	13	24	27	35	36	38	0	3	12	23	25	26	28	30	33	37	1	2	27	380	8187	0	352	719	129	0	1	0	0	
1	4	14	15	16	19	22	23	31	38	6	11	25	27	28	33	35	36	37	39	3	3	85	211	197	0	25674	2524	2	1	0	0	0	
0	4	20	21	23	25	29	34	38	39	2	3	5	8	13	14	15	22	26	30	1	0	46	1261	10212	1036	31010	0	7	2	0	0	0	
1	2	5	9	15	16	17	19	23	24	6	8	12	21	25	29	31	34	35	37	3	1	53	846	10987	0	0	407	18	2	0	0	0	
0	1	3	10	13	17	18	33	34	37	4	9	14	19	20	25	28	30	35	36	1	2	69	241	21611	1124	974	1485	18	1	0	1	0	
3	4	9	16	18	22	27	28	29	31	2	6	15	19	24	25	33	36	37	38	2	3	88	0	58	0	9813	3	14	1	1	0	0	
3	11	14	22	23	27	30	31	33	37	1	8	9	10	12	13	15	17	35	36	1	0	56	1615	180	183	0	4504	69	0	0	0	0	
2	3	4	15	20	21	27	31	33	34	6	8	10	11	13	16	17	19	32	39	3	1	42	88	0	22341	0	2397	11	0	1	0	0	
5	6	10	12	15	16	22	24	34	38	0	1	3	4	13	18	19	20	29	33	1	2	77	121	289	117	0	0	20	5	0	0	0	
1	3	15	16	17	21	31	32	35	37	7	10	12	13	19	20	23	25	28	39	3	3	62	0	1266	407	12243	0	4	2	1	0	0	
2	6	12	14	16	21	24	25	33	34	7	10	13	15	27	28	29	35	36	39	0	0	34	630	407	411	0	186	0	4	0	0	0	
5	6	9	10	12	17	19	26	34	35	0	11	14	16	18	20	23	24	36	39	2	1	36	338	2011	167	0	0	0	7	5	0	0	
2	3	14	16	18	22	30	31	32	38	7	8	10	11	13	15	19	23	27	28	2	2	73	195	34630	0	0	0	0	1	0	0	0	
0	3	4	5	9	10	20	23	24	32	13	14	15	17	18	21	25	26	28	33	2	3	63	673	3580	80	52	0	0	0	1	3	0	
4	5	12	14	16	17	22	28	32	36	0	2	7	8	9	13	18	19	27	37	1	0	96	977	96	0	0	1083	15	2	1	0	0	
0	7	11	15	19	27	31	35	36	38	1	3	9	10	17	20	26	33	37	39	2	1	33	221	362	0	245	235	0	8	0	0	0	
4	9	10	15	20	25	26	29	34	36	1	3	13	14	16	17	19	27	31	38	1	2	57	141	0	697	1253	1121	21	2	1	0	0	
2	5	7	13	14	17	23	25	33	38	0	1	6	8	9	11	22	26	32	35	3	3	14	118	0	52	83	579	0	1	1	0	0	
6	15	18	23	27	29	30	32	33	36	2	7	12	16	17	21	22	26	38	39	3	0	87	539	0	56284	13874	315	3	3	1	0	0	
0	3	5	6	14	17	26	33	34	39	1	7	11	13	15	16	18	19	24	36	0	1	76	115	0	30136	47712	3933	10	3	3	0	0	
6	7	10	19	23	24	29	31	36	39	5	9	11	12	17	20	28	32	35	38	2	2	59	143	0	44	0	107	0	5	0	0	0	
4	5	23	24	27	30	31	32	38	39	0	3	6	11	12	18	19	21	22	28	1	3	92	223	0	430	341	0	8	2	1	0	0	
3	4	6	12	15	17	22	28	34	35	10	14	20	23	29	30	31	32	33	38	3	0	69	1068	0	0	202	0	54	0	0	0	0	
2	3	6	11	14	16	17	24	28	36	5	10	18	20	25	26	30	35	37	39	2	1	29	0	36353	173	0	2508	14	5	1	0	0	
0	3	4	7	9	15	20	28	37	39	2	10	17	21	24	25	27	31	33	34	3	2	53	532	24795	185	0	0	117	0	2	0	0	
1	3	15	19	23	24	31	32	33	36	0	6	10	11	13	18	27	28	35	39	1	3	74	172	0	6742	111	199	5	1	0	0	0	
1	4	10	14	15	21	26	28	32	35	2	7	11	13	16	24	25	29	36	39	3	0	71	1266	0	319	21365	560	14	2	0	0	0	
1	2	14	16	20	21	22	28	30	38	0	4	8	11	12	17	19	29	31	36	1	1	59	105	183	0	18122	0	9	0	1	0	0	
8	11	14	15	16	19	28	33	36	39	0	1	2	6	9	10	12	17	20	24	2	2	75	0	37858	2068	2482	2052	0	14	2	0	0	
1	2	3	9	12	15	25	30	31	38	0	5	6	7	8	17	18	27	28	34	0	3	73	64	199	0	239	235	0	2	0	0	0	
2	5	7	10	15	17	23	24	31	33	0	6	8	14	16	21	27	30	34	39	1	0	38	1259	0	43	55	0	3	1	0	0	0	
0	5	6	8	13	21	23	31	34	35	2	10	11	14	19	22	28	32	36	38	3	1	21	139	0	656	99	49	10	0	1	0	0	
0	2	3	7	8	17	19	28	29	37	1	5	11	13	14	18	32	35	36	39	2	2	59	70	0	11817	0	4	27	1	0	0	0	
2	9	12	13	16	23	27	35	38	39	0	7	8	19	20	21	24	25	29	30	3	3	95	85	1384	0	11965	170	0	5	0	0	0	
1	3	4	8	12	21	30	35	36	38	2	6	11	14	17	20	23	24	28	39	2	0	76	2254	1033	305	839	0	3	2	1	0	0	
6	12	16	17	18	21	30	34	36	38	0	1	2	4	8	9	14	22	28	31	3	1	71	792	9321	0	2415	7	136	5	0	0	0	
2	5	13	14	22	23	27	29	31	34	1	7	12	15	20	21	24	25	28	32	3	2	20	116	595	0	0	0	45	1	0	0	0	
2	5	16	17	18	19	24	25	28	32	4	7	8	9	27	30	33	34	36	39	3	3	104	530	0	747	1440	0	14	2	0	0	0	
1	5	8	9	10	22	25	32	33	35	6	7	11	15	18	20	23	26	34	37	0	0	68	981	0	1324	6596	307	2	1	1	0	0	
1	15	19	20	26	28	29	32	34	38	0	8	12	13	16	24	27	31	33	35	3	1	85	630	320	2302	141	0	6	0	2	0	0	
5	8	16	20	22	26	27	31	32	39	3	9	10	13	19	21	25	28	30	34	2	2	87	236	136	0	237	0	0	1	1	0	0	
0	2	6	7	12	18	22	33	35	38	5	8	9	11	13	16	25	27	28	31	1	3	57	593	113	2725	797	1124	11	0	0	1	0	
2	8	12	13	14	17	28	34	35	39	1	4	7	11	15	21	22	23	29	36	1	0	57	534	2377	0	352	182	11	0	1	0	0	
1	2	13	14	15	18	19	27	32	39	4	11	12	20	22	24	29	30	31	36	3	1	43	0	0	2774	46472	8	13	4	1	0	0	
7	13	17	20	23	24	29	31	35	38	9	12	19	21	25	26	28	32	37	39	2	2	116	375	0	88	0	519	7	13	0	1	0	
2	3	5	11	15	17	23	24	30	36	0	1	8	9	10	21	25	27	28	33	1	3	40	180	82	65	0	0	10	0	0	0	0	
0	6	7	8	11	20	26	31	37	39	2	3	5	12	14	18	19	21	34	35	3	0	37	1425	217	0	0	1142	14	2	1	0	0	
2	15	16	17	19	30	31	34	36	39	1	3	4	5	6	12	20	24	32	37	0	1	46	559	7049	2706	0	691	0	4	1	0	0	
4	9	19	20	21	24	29	35	36	38	2	3	8	12	15	18	22	28	31	33	1	2	86	0	29678	4264	0	823	0	4	1	0	0	
1	5	12	15	20	21	22	23	33	35	7	8	9	13	16	25	36	37	38	39	1	3	61	0	132	0	101	0	5	2	0	0	0	
2	9	15	17	20	21	25	27	29	31	6	13	18	19	23	24	28	30	32	38	3	0	102	984	0	952	500	0	301	2	1	0	0	
3	4	15	16	20	22	25	26	33	35	6	8	12	17	18	23	24	31	34	38	2	1	27	603	0	1195	39820	0	4	0	1	0	0	
0	4	8	12	14	16	19	26	27	36	2	9	10	13	20	25	28	32	33	35	1	2	49	378	11783	111	131	0	5	1	0	0	0	
2	3	6	8	9	24	26	28	29	33	0	1	10	13	14	16	17	19	23	25	0	3	103	565	19137	10354	491	0	95	2	1	0	0	
0	2	10	15	19	25	28	34	36	38	3	5	14	17	21	23	26	27	29	31	0	0	22	862	0	70849	0	1639	72	0	2	0	0	
1	14	15	20	23	26	30	33	34	36	5	8	9	18	22	24	25	29	32	38	0	1	38	183	0	5015	1011	1349	14	7	1	0	0	
0	6	7	11	16	17	24	26	28	35	2	10	13	15	19	29	31	32	36	38	2	2	44	173	320	2393	0	943	0	2	0	1	0	
4	5	7	8	11	13	15	18	25	35	0	2	12	14	23	24	26	28	32	37	1	3	65	575	12370	350	0	7	54	2	1	0	0	
0	6	9	11	12	17	21	32	34	35	1	3	15	16	19	20	23	26	29	31	0	0	62	697	0	1300	696	0	12	4	1	0	0	
4	7	17	21	22	25	26	32	34	38	1	2	5	18	23	29	30	33	35	37	2	1	67	0	282	255	152	176	2	0	1	0	0	
6	8	10	11	15	18	20	21	29	38	2	3	7	12	16	28	30	32	33	36	3	2	65	123	0	588	354	2	0	1	0	0	0	
5	11	12	14	16	19	21	29	30	38	6	18	22	26	28	31	34	35	37	39	0	3	73	165	347	0	1415	3008	9	2	0	0	0	
5	6	7	11	23	27	33	36	37	38	0	10	12	14	15	17	19	26	28	34	1	0	76	1642	4080	3221	0	3363	11	1	0	0	0	
0	1	4	5	6	13	26	32	34	39	8	14	15	16	18	24	25	30	33	35	1	1	69	296	0	1059	339	184	0	3	0	0	0	
0	3	10	15	16	18	29	34	38	39	1	6	7	9	17	19	20	26	28	35	2	2	82	177	0	343	17669	0	120	2	1	0	0	
9	10	13	18	21	23	24	34	37	38	5	6	11	15	19	26	27	35	36	39	3	3	96	112	139	0	165	2	0	2	0	0	0	
5	8	14	15	17	18	21	24	32	34	0	1	3	20	22	23	26	27	29	33	1	0	55	835	170	221	601	3	0	5	1	2	0	
2	4	6	9	13	17	19	25	26	29	0	10	12	15	16	18	27	32	33	39	2	1	90	391	20414	905	38438	0	5	2	1	0	0	
1	2	3	5	11	15	20	22	30	32	0	8	14	18	19	25	29	31	37	39	2	2	71	105	119	191	0	184	2	0	1	0	0	
0	2	7	11	16	17	25	30	32	39	4	12	18	19	22	26	29	34	35	36	1	3	80	350	2358	0	0	58	9	0	1	0	0	
6	9	10	13	18	20	21	23	33	37	0	1	11	16	19	27	28	30	32	35	1	0	93	553	191	0	969	0	64	2	1	1	0	
1	9	11	20	22	23	34	37	38	39	3	5	10	12	14	17	19	24	26	33	0	1	67	296	2958	4308	0	236	3	0	0	0	0	
3	4	5	6	9	21	32	34	36	39	1	2	10	11	14	16	19	22	23	29	2	2	79	0	2852	1077	19403	2043	277	0	1	0	0	
5	6	7	13	15	18	23	29	37	38	3	8	9	11	16	17	20	24	32	33	1	3	77	97	4389	0	271	186	0	2	0	0	0	
3	6	14	19	25	28	29	32	36	37	4	7	10	13	17	18	20	23	33	35	2	0	40	693	93	0	183	171	0	10	1	0	0	
5	8	9	13	16	18	25	29	32	34	1	2	7	14	15	26	27	31	33	36	3	1	45	179	8881	0	247	0	5	1	0	0	0	
7	11	12	17	18	21	22	27	31	32	0	2	4	14	16	20	25	26	30	37	2	2	55	0	18248	0	321	5	13	2	1	0	0	
3	10	17	20	23	26	30	35	37	39	1	6	13	15	18	27	29	31	33	36	0	3	26	174	120	0	1720	440	0	15	1	0	0	
1	4	10	11	15	20	21	25	32	38	9	16	17	19	24	26	27	31	33	39	2	0	64	583	1080	87	0	5	13	1	2	0	0	
0	1	6	7	12	17	19	29	37	39	2	4	8	9	21	26	30	31	33	34	1	1	84	0	94602	0	7418	376	19	4	0	0	0	
0	3	5	12	16	23	29	32	33	39	7	9	10	14	17	19	20	24	26	36	1	2	88	105	74	102	237	0	6	0	0	1	0	
0	2	3	7	8	10	15	22	32	36	9	11	12	18	24	25	28	30	37	39	1	3	89	424	0	675	382	5	8	0	1	0	0	
6	12	13	24	26	27	28	29	35	36	0	1	4	14	15	18	19	30	33	34	1	0	36	1520	0	146	0	0	21	0	0	0	0	
1	7	16	19	20	22	25	28	31	33	0	3	6	8	11	15	17	18	21	35	3	1	18	247	110	0	421	0	207	4	0	0	0	
0	9	10	11	12	19	21	24	30	38	3	18	22	26	28	29	33	34	35	37	1	2	69	337	0	18509	264	0	6	7	1	0	0	
2	11	12	17	20	26	32	33	35	36	1	6	8	18	21	22	27	29	37	38	0	3	55	0	248	892	1087	550	40	2	0	0	0	
1	8	15	22	26	28	32	34	35	36	3	4	7	11	14	16	24	25	29	37	0	0	43	558	0	173	1214	3	0	3	1	0	0	
2	5	12	20	28	31	33	34	37	38	0	1	7	10	15	19	24	25	32	35	0	1	71	158	0	448	650	0	48	14	1	0	0	
0	5	23	26	27	32	33	34	36	38	8	10	14	15	17	18	22	28	35	37	1	2	65	127	608	0	2744	1283	123	2	1	0	0	
2	4	16	19	21	27	32	33	34	36	3	5	7	9	10	14	15	18	28	39	0	3	82	90	59	0	535	0	9	0	0	0	0	
9	12	13	18	20	24	26	35	36	39	4	5	8	15	22	28	29	30	33	37	2	0	103	480	2340	72	0	118	5	0	1	0	0	
3	4	12	13	15	20	21	29	32	37	6	7	10	16	17	18	19	27	35	39	3	1	66	0	0	93	653	655	44	6	1	0	0	
7	9	17	20	21	27	30	32	34	36	1	5	14	15	16	24	26	31	33	38	1	2	31	360	94	0	129	0	39	0	2	0	0	
1	3	4	14	19	21	25	27	30	33	2	10	11	12	29	32	34	35	38	39	1	3	51	103	0	0	437	89	6	1	0	0	0	
7	10	13	15	16	17	20	24	33	34	0	8	11	12	18	27	29	32	35	38	3	0	74	634	90	0	11295	0	28	11	1	0	0	
0	4	8	10	18	20	30	33	34	38	5	13	14	15	19	21	22	25	26	28	3	1	42	277	5608	0	912	1160	30	1	0	0	0	
8	10	11	14	15	16	22	24	38	39	0	7	9	12	26	28	32	33	35	36	3	2	104	775	434	1089	0	6	37	2	0	0	0	
2	8	10	18	19	23	24	26	28	33	0	6	7	13	14	27	32	35	37	39	0	3	83	0	849	375	145	0	12	2	0	0	0	
2	13	14	15	18	19	33	34	36	39	0	4	5	9	11	16	20	21	35	37	0	0	66	1845	16237	0	0	682	20	3	1	0	0	
3	5	9	19	21	29	32	33	38	39	2	7	12	18	20	24	31	34	35	36	0	1	77	0	29200	8633	435	665	160	5	0	0	0	
4	6	15	16	23	25	28	29	30	31	5	11	13	14	17	21	26	32	37	38	3	2	9	189	2339	0	0	448	5	0	0	0	0	
6	7	16	17	18	20	22	29	36	37	0	1	4	5	8	10	14	21	35	38	3	3	56	92	0	100	180	84	10	1	0	0	0	
2	9	13	16	20	26	28	30	31	35	0	1	12	14	15	22	27	32	37	38	2	0	67	503	94	5029	21	0	3	0	1	0	0	
1	6	12	18	21	26	29	30	35	38	2	5	15	16	17	25	27	28	31	34	1	1	71	96	113	56	0	171	0	1	1	0	0	
0	3	7	8	9	14	16	18	28	32	4	5	15	17	20	21	24	30	37	38	1	2	56	1503	46424	12373	0	1092	5	1	0	0	0	
5	8	9	10	11	12	14	19	27	36	3	7	13	16	21	24	25	31	33	34	1	3	73	200	6018	0	13244	5	10	10	0	0	0	
0	6	10	11	15	17	28	33	35	37	3	16	21	24	26	27	29	34	38	39	3	0	102	521	0	14933	0	354	51	2	0	0	0	
0	4	14	16	18	19	26	27	28	37	1	5	6	9	15	22	30	33	34	36	2	1	33	359	12107	0	48423	5	55	0	1	0	0	
6	10	14	16	19	25	29	34	36	39	0	5	7	11	18	21	22	24	27	32	3	2	73	187	10153	0	20302	8	14	21	0	0	0	
1	5	9	11	12	13	17	20	24	38	2	6	8	14	19	22	26	28	32	35	1	3	78	95	0	75	0	51	5	0	1	0	0	
7	10	11	14	15	16	22	23	28	34	0	1	3	9	13	18	19	20	31	33	2	0	16	1585	0	593	850	7	0	6	1	0	0	
0	2	16	17	19	30	32	34	35	37	3	5	9	10	13	14	20	23	28	31	2	1	43	1326	427	314	349	144	7	0	0	0	0	
3	5	6	12	13	20	23	26	31	34	10	14	16	18	19	22	33	35	36	38	2	2	55	293	59	0	312	2	0	0	0	0	0	
1	2	5	6	12	16	19	21	33	38	0	3	9	10	11	14	15	18	24	37	1	3	108	254	0	795	563	856	24	3	8	0	0	
3	4	5	11	14	19	26	29	32	39	2	6	7	9	13	22	23	24	30	31	1	0	69	688	2310	649	3941	0	12	1	0	0	0	
0	3	5	6	8	10	13	30	33	38	9	15	16	21	24	25	27	29	31	34	2	1	78	232	0	773	1472	760	17	0	0	1	0	
2	9	16	17	19	27	33	36	38	39	8	11	20	21	24	25	26	29	30	37	0	2	65	0	12657	9684	0	656	14	4	1	0	0	
9	12	15	26	29	30	32	35	37	38	0	6	8	13	14	19	22	25	33	36	1	3	97	1541	18887	324	0	7	0	16	1	0	0	
0	3	4	11	13	23	26	30	35	37	6	7	9	15	16	17	24	27	28	38	0	0	21	496	0	0	627	0	9	2	0	0	0	
1	2	3	8	9	13	19	24	25	37	4	10	11	18	23	28	29	32	35	39	0	1	68	195	0	245	8157	65	0	3	0	0	0	
0	2	8	19	20	23	27	28	30	32	12	13	17	18	21	25	26	31	35	38	1	2	74	238	602	1240	0	8	0	0	1	0	0	
1	3	13	16	23	25	28	31	34	39	4	8	11	14	19	20	29	33	36	38	1	3	91	226	1252	95	201	135	0	0	1	0	0	
0	1	4	11	17	20	27	28	32	35	8	9	14	15	18	21	26	30	36	37	1	0	54	1372	1966	273	152	117	0	2	1	0	0	
2	5	7	14	20	21	24	30	35	37	0	3	6	9	17	25	26	31	33	39	2	1	58	73	0	238	168	0	13	0	1	0	0	
2	6	7	12	16	18	24	27	30	34	0	1	3	4	5	9	13	21	25	37	2	2	19	99	68	0	77994	972	0	14	1	0	0	
2	4	8	10	20	25	26	28	31	36	11	12	15	16	17	21	24	33	35	37	2	3	74	319	0	842	457	3	17	8	1	0	0	
7	11	12	13	16	19	21	23	28	29	8	9	10	20	24	25	30	31	37	38	0	0	87	1623	6892	601	0	4767	37	6	1	0	0	
3	6	8	10	14	21	22	29	33	36	0	4	7	11	12	20	25	30	37	38	0	1	36	144	0	214	0	619	3	0	0	0	0	
6	7	16	19	23	24	25	30	31	38	1	2	9	13	15	17	22	26	28	35	0	2	61	49	50	193	0	0	3	0	1	0	0	
1	3	4	10	24	26	28	30	36	38	7	9	12	13	15	22	31	32	34	35	3	3	77	143	8527	191	43	0	0	1	1	0	0	
5	6	7	8	9	17	19	22	28	36	3	4	11	13	18	23	25	29	31	35	3	0	49	2200	14551	3480	0	8	0	18	1	0	0	
5	10	14	15	22	23	27	32	33	37	0	2	12	13	19	20	25	29	31	35	2	1	52	0	10708	123	259	0	5	2	0	1	0	
0	10	12	16	18	21	25	28	33	39	5	6	8	17	19	27	35	36	37	38	1	2	51	68	775	395	20270	0	52	2	1	0	0	
1	7	13	20	23	24	27	31	33	36	0	2	3	4	21	25	26	28	30	34	0	3	12	0	394	221	0	718	66	8	1	0	0	
0	1	5	7	9	10	14	15	21	35	2	4	8	13	16	20	22	23	24	34	3	0	29	1758	27623	5720	0	393	0	1	0	0	0	
0	3	6	14	15	16	17	19	30	39	9	12	13	22	23	24	31	33	36	38	2	1	65	2091	896	1262	0	0	58	7	1	0	0	
8	11	14	18	20	22	29	31	32	34	1	2	6	10	16	17	19	23	33	37	2	2	32	89	0	0	1020	204	1	0	0	1	0	
14	15	17	21	22	24	25	26	37	39	3	5	11	12	16	23	27	35	36	38	0	3	24	688	0	51209	12592	704	14	5	1	0	0	
0	8	12	18	25	26	31	35	36	38	6	13	14	16	20	23	28	30	33	37	0	0	10	954	406	47	0	8	0	1	1	2	0	
0	2	5	11	20	23	27	29	34	38	3	8	9	15	16	17	21	26	28	33	3	1	43	424	259	0	40854	0	0	8	1	0	0	
0	2	6	7	9	18	21	24	30	32	8	11	13	16	29	31	34	35	38	39	1	2	66	0	59522	0	1840	6	12	3	0	0	0	
2	5	11	13	21	24	29	30	33	39	0	3	4	8	10	16	19	20	23	28	3	3	63	284	0	465	0	298	4	0	0	0	0	
0	2	11	13	17	22	29	31	37	38	4	5	14	19	21	25	26	30	32	39	3	0	87	641	158	76	121	89	0	5	1	0	0	
0	2	4	10	20	22	24	26	30	38	1	3	8	18	21	25	27	28	29	36	3	1	15	300	9643	0	1421	8	10	2	0	0	0	
0	5	10	16	18	22	31	35	37	39	1	2	3	6	8	13	15	21	25	28	0	2	45	0	364	0	92693	150	0	4	0	0	0	
0	10	17	20	23	25	28	29	34	38	3	4	5	12	14	15	19	24	26	30	0	3	10	345	0	0	2267	0	75	2	1	0	0	
2	4	5	7	8	12	24	29	35	39	0	1	14	16	19	23	26	27	30	33	3	0	47	2557	0	404	0	7	0	19	0	0	0	
2	4	11	13	15	16	19	21	23	39	3	10	12	14	18	20	30	32	34	37	1	1	96	210	0	438	0	8	0	2	1	0	0	
4	5	6	7	9	15	22	23	33	34	1	11	12	17	20	25	27	28	31	32	0	2	66	0	230	15900	2604	0	0	5	1	0	0	
2	4	6	15	18	21	26	27	29	32	1	3	8	13	14	19	24	25	33	37	0	3	59	92	0	1057	11878	924	38	0	1	0	0	
3	6	7	10	14	16	24	25	30	33	4	8	9	13	15	19	21	28	32	35	3	0	71	607	0	318	382	0	1	0	1	0	0	
4	10	14	15	20	21	26	31	38	39	3	7	9	11	12	13	17	19	29	37	3	1	90	466	0	2682	1198	1722	7	0	1	0	0	
0	2	4	7	8	9	12	15	22	28	11	17	20	21	24	26	29	30	35	39	1	2	90	1018	0	2680	2974	3308	32	11	1	0	0	
0	3	8	10	20	22	23	26	27	39	1	5	14	15	16	19	25	28	30	33	2	3	84	0	62356	2219	1433	2715	0	7	1	1	0	
2	10	15	16	21	25	30	32	33	34	4	6	7	8	13	26	29	35	36	37	3	0	76	624	175	99	0	0	16	3	0	0	0	
2	8	15	17	18	19	25	26	37	38	0	3	6	14	16	20	21	27	33	35	2	1	45	114	0	22622	0	8	26	10	0	0	0	
3	8	12	19	20	29	31	34	37	38	0	1	2	5	9	14	22	30	32	33	2	2	46	218	209	2582	204	0	72	0	2	0	0	
5	10	14	16	17	21	24	27	32	35	0	1	4	6	8	19	26	33	34	37	3	3	25	160	0	31134	4349	8	30	0	1	0	0	
4	8	9	10	11	20	21	23	24	37	3	6	7	14	27	28	30	33	35	39	1	0	34	782	617	0	2259	4	0	1	1	0	0	
9	10	12	14	16	21	24	28	29	32	0	3	11	15	17	18	25	31	34	35	2	1	65	0	191442	2487	528	677	22	4	1	0	0	
2	7	8	20	22	26	29	36	37	39	0	3	6	9	12	13	15	25	28	34	3	2	58	1325	489	27331	206	3951	9	0	1	0	0	
1	5	7	12	16	20	23	32	37	39	2	6	10	19	25	27	29	33	34	36	1	3	46	89	5170	0	154	138	7	1	0	0	0	
1	6	7	8	16	21	22	24	29	32	5	13	14	25	26	30	34	35	37	39	3	0	31	970	93576	7736	3547	700	0	0	0	0	0	
2	9	11	13	26	30	32	33	34	36	0	7	15	17	20	22	28	37	38	39	0	1	60	194	220	67	0	0	82	0	1	0	0	
2	4	13	20	25	26	27	32	34	35	0	5	6	10	17	24	28	29	36	39	2	2	89	0	1119	0	1232	362	0	2	1	0	0	
0	4	5	6	14	17	25	28	35	38	2	3	15	19	22	23	24	26	27	31	0	3	69	139	0	293	280	104	0	18	0	1	0	
10	14	25	27	29	31	32	34	35	38	2	7	8	13	16	19	20	30	33	37	1	0	61	1868	969	1069	1102	0	5	1	0	0	0	
0	8	11	13	15	16	21	36	38	39	2	7	9	12	18	20	26	29	32	37	3	1	64	173	3337	0	15151	577	22	1	1	0	0	
7	8	12	24	26	27	32	34	36	38	0	1	3	14	15	18	23	28	29	31	0	2	60	151	2346	143	702	0	4	0	1	0	0	
2	4	6	7	8	14	17	20	32	39	3	12	15	16	18	19	26	35	37	38	3	3	91	359	8051	1108	0	1230	317	5	0	0	0	
1	2	4	5	7	9	12	20	22	33	0	6	10	14	15	17	18	27	29	36	3	0	52	2120	0	0	1586	1731	13	2	0	0	0	
2	6	7	11	15	26	28	29	31	36	8	13	16	17	18	19	21	22	23	24	2	1	86	97	140	2813	2246	0	0	10	1	0	0	
4	5	8	11	19	20	26	32	34	37	1	6	7	14	18	25	28	29	30	33	0	2	82	268	2641	70	0	6	4	0	1	0	0	
1	5	8	9	18	21	27	31	37	39	0	6	7	13	14	19	20	23	28	30	2	3	60	378	3951	0	0	702	70	4	2	0	0	
1	10	11	16	17	20	27	34	36	37	0	2	4	5	7	8	9	19	31	35	1	0	47	877	0	2292	14125	717	56	2	1	0	0	
5	10	14	16	18	19	28	30	36	38	1	3	8	13	15	17	23	24	25	35	0	1	34	315	31980	0	0	8	9	9	1	1	0	
6	11	12	14	18	29	31	35	38	39	5	9	10	15	16	20	25	26	32	37	2	2	31	0	18132	10346	328	2284	19	1	2	0	0	
2	5	8	10	11	12	15	26	27	28	1	7	17	18	20	22	24	30	31	39	3	3	45	266	3829	1015	573	537	2	0	0	1	0	
3	5	12	14	20	24	33	34	35	36	2	11	16	17	18	22	23	25	28	30	3	0	37	967	0	1136	2087	369	6	1	1	0	0	
4	6	7	12	32	34	35	36	38	39	3	8	14	16	17	21	25	27	29	37	3	1	115	790	1497	2770	373	292	21	8	1	0	0	
0	1	4	12	16	18	19	22	33	39	5	7	8	17	20	21	25	26	29	31	3	2	56	0	790	256	0	7	51	3	0	0	0	
0	5	10	13	16	17	31	32	34	36	2	6	9	19	25	28	30	33	38	39	2	3	89	1272	515	0	1030	1710	12	0	0	0	0	
0	2	11	15	17	19	26	28	29	36	4	6	7	8	9	13	16	18	27	39	3	0	73	3343	1051	6781	684	1421	6	4	0	0	0	
3	10	14	20	21	22	25	31	35	36	0	1	2	4	6	11	12	30	34	37	3	1	46	166	0	302	139	0	24	0	0	0	0	
0	2	7	10	12	13	14	19	31	38	1	3	4	6	9	11	18	26	35	39	1	2	83	312	11731	1486	19776	616	0	1	1	0	0	
1	7	9	15	18	21	23	26	35	38	0	5	11	17	19	24	27	31	32	37	2	3	64	199	0	12723	0	9	15	1	0	0	0	
3	4	6	11	17	18	19	26	30	38	1	2	5	7	10	16	21	25	29	33	0	0	81	835	11752	0	358	0	78	10	1	0	0	
1	5	6	8	11	14	19	21	28	33	2	7	23	27	30	31	34	35	38	39	0	1	109	288	480	49953	0	1348	0	33	1	1	0	
1	3	7	17	20	27	28	29	30	36	2	8	21	23	25	26	34	35	37	39	2	2	77	275	257	133	0	0	48	3	1	0	0	
0	9	16	17	19	22	24	35	36	38	2	3	4	10	11	21	29	30	33	34	0	3	51	140	0	138	4413	0	18	1	0	0	0	
1	3	8	10	11	16	19	28	33	35	4	6	7	12	17	21	22	24	30	34	0	0	51	617	31851	367	0	0	5	2	1	0	0	
3	5	10	11	20	22	25	28	34	37	4	6	7	13	17	21	30	35	38	39	0	1	61	93	0	597	437	549	0	2	1	0	0	
6	14	15	16	18	19	20	21	27	38	0	4	5	7	9	17	24	28	30	35	1	2	97	0	48320	233	0	6	4	3	1	0	0	
0	8	12	13	16	24	30	32	33	35	3	5	11	14	17	18	23	27	36	37	3	3	44	204	0	122	1018	0	7	1	1	0	0	
0	1	4	8	10	12	15	19	27	31	5	9	13	14	17	21	26	28	33	37	3	0	35	1141	462	0	966	505	40	0	1	0	0	
3	6	7	9	12	13	16	19	24	25	8	11	17	21	23	27	30	32	36	37	1	1	110	464	620	1059	333	7	0	1	1	0	0	
1	5	8	9	14	15	18	19	20	32	4	7	11	13	23	25	27	36	38	39	3	2	58	687	11967	121	0	803	7	0	0	0	0	
2	4	16	19	22	26	27	30	32	37	6	9	10	11	12	18	20	24	33	36	1	3	66	154	4218	58	2700	0	3	0	0	0	0	
3	4	9	12	14	17	24	32	36	38	2	8	15	19	20	25	26	27	37	39	3	0	61	1213	1855	238	627	0	0	2	1	0	0	
3	12	13	14	17	18	27	28	29	33	0	2	4	6	7	19	20	22	32	35	0	1	90	579	365	16705	0	0	10	8	1	0	0	
2	4	9	13	16	20	27	33	35	38	1	8	10	15	21	28	30	34	36	39	1	2	5	100	0	41528	4004	328	20	2	0	0	0	
2	4	5	6	17	21	24	31	34	35	0	1	9	10	11	16	18	22	25	38	0	3	49	171	82	0	327	1255	45	1	1	1	0	
0	5	8	10	12	13	20	23	35	39	6	9	15	21	25	26	27	29	33	36	3	0	96	1045	307	163	497	183	0	0	1	0	0	
6	10	12	14	19	20	22	29	30	38	2	4	5	13	17	18	23	27	32	36	3	1	41	344	189	0	0	7	32	2	1	0	0	
1	10	17	24	25	26	30	32	34	38	2	5	8	11	12	14	15	20	21	36	0	2	37	202	2694	0	0	358	7	0	0	0	0	
5	6	8	11	12	15	23	32	33	35	1	3	4	16	21	24	28	29	31	34	2	3	52	181	6447	165	0	560	5	1	0	0	0	
0	8	9	10	13	16	23	26	29	37	1	3	4	6	17	19	21	25	33	35	1	0	91	1816	112	306	5473	0	15	2	1	0	0	
0	4	9	16	19	20	23	26	32	38	2	10	14	15	21	24	25	31	35	36	0	1	61	338	1781	0	153	0	3	0	1	0	0	
0	3	4	11	14	34	35	36	37	38	2	9	10	17	18	21	23	31	32	33	1	2	27	485	1190	724	0	0	28	3	1	1	0	
1	3	14	15	16	17	20	22	26	37	4	5	9	12	13	19	21	25	29	39	2	3	66	234	6419	0	34	0	0	1	0	0	0	
4	6	7	19	20	23	24	27	34	37	0	1	2	9	11	18	21	30	32	36	1	0	48	914	497	72	0	355	0	3	0	0	0	
0	1	3	8	10	12	15	16	27	38	2	5	11	13	17	23	25	29	30	35	0	1	56	0	22975	1083	484	1198	66	3	1	0	0	
6	9	11	12	19	24	28	32	33	38	4	8	15	21	25	27	29	31	36	37	1	2	73	83	0	118	435	0	17	0	1	0	0	
1	6	8	10	13	20	22	25	27	33	2	3	5	16	17	19	21	23	26	35	0	3	70	157	2949	0	133	205	10	0	1	0	0	
4	13	17	18	19	24	27	30	33	36	1	7	8	15	20	29	34	37	38	39	1	0	99	1792	4318	0	0	7	0	1	1	0	0	
3	5	15	16	17	20	29	32	34	38	2	7	10	12	13	19	21	28	35	39	3	1	106	95	141	0	5829	3	0	1	1	0	0	
0	6	17	18	21	25	28	31	33	36	2	5	8	9	13	19	24	37	38	39	1	2	95	189	147	0	455	885	46	2	0	0	0	
2	4	7	14	15	17	23	31	35	38	0	8	11	12	13	18	19	28	33	37	0	3	93	0	203	1973	1219	541	0	6	7	0	0	
1	9	13	19	22	23	24	30	31	35	10	14	15	20	25	26	27	32	33	38	3	0	48	284	209	880	0	0	0	7	0	0	0	
2	8	11	15	21	23	26	30	32	37	3	5	6	9	13	18	24	27	29	38	2	1	71	295	0	192	0	2114	7	6	0	0	0	
4	5	7	13	19	22	23	31	32	35	0	2	3	14	17	24	27	28	34	38	1	2	34	240	60	61	0	5	0	2	1	0	0	
4	8	16	17	18	22	26	27	31	37	0	1	3	7	14	23	30	32	35	38	0	3	51	127	0	1011	458	0	96	1	1	0	0	
2	11	12	13	14	17	29	32	38	39	7	10	16	20	21	23	24	28	33	35	3	0	103	831	0	0	30967	1205	27	1	0	1	0	
4	5	7	10	13	19	21	25	31	32	1	6	14	18	23	24	29	33	35	37	1	1	60	0	190	127	0	365	17	1	0	0	0	
0	4	6	7	10	14	15	18	20	39	2	11	16	19	22	24	29	31	33	37	2	2	78	0	1037	943	0	6	17	1	1	0	0	
2	5	8	9	16	18	21	32	35	37	1	4	11	12	14	15	19	27	31	33	2	3	48	297	1326	0	0	869	1	0	0	0	0	
6	9	13	19	22	25	31	35	37	39	1	5	10	20	26	27	29	30	33	38	0	0	44	1141	0	1407	153	0	20	0	1	0	0	
14	17	18	21	22	26	31	35	38	39	0	1	5	8	11	23	27	29	36	37	3	1	103	207	95	10965	0	7	66	0	1	0	0	
3	5	6	10	13	14	20	22	29	39	1	9	15	21	27	28	30	31	36	38	0	2	51	156	17556	0	154	301	0	7	1	0	0	
3	5	13	15	21	22	26	27	29	36	0	10	11	16	18	20	25	31	37	38	0	3	35	0	58173	666	22199	5	297	2	0	0	0	
12	15	19	21	26	27	30	31	37	39	1	2	4	5	6	7	23	28	34	35	0	0	81	907	15306	341	1258	256	18	1	0	0	0	
4	6	8	19	20	22	23	24	34	38	0	13	15	16	18	21	26	33	35	36	1	1	57	159	2915	490	0	0	52	3	0	0	0	
4	5	6	11	13	16	19	33	35	39	8	12	15	20	21	24	27	34	36	37	1	2	70	296	9443	575	427	0	102	1	0	0	0	
2	4	9	10	15	16	23	29	36	39	3	6	7	11	12	18	22	25	26	34	0	3	53	275	2248	88	0	7	8	1	0	0	0	
0	1	13	16	17	18	21	22	31	35	5	9	11	14	24	25	26	27	29	39	0	0	25	323	0	0	957	499	5	1	0	0	0	
1	7	9	11	16	18	29	30	33	37	6	8	10	12	14	17	26	27	35	38	1	1	87	224	86	0	30215	2092	3	1	1	0	0	
2	3	5	11	18	29	30	31	35	39	8	12	13	22	25	26	27	32	33	38	1	2	32	159	201	0	743	0	6	2	0	0	0	
1	5	10	12	20	21	24	28	34	38	7	11	14	18	22	26	27	31	36	39	1	3	83	115	98	139	249	0	6	0	1	0	0	
2	8	11	14	15	17	18	23	28	36	7	9	16	26	27	29	31	32	34	39	3	0	106	971	0	0	35838	4	1	0	0	0	0	
3	9	13	20	25	26	29	30	34	37	2	17	18	19	21	24	28	32	33	36	3	1	97	0	1072	130	0	7	2	1	0	0	0	
2	11	14	15	20	24	25	31	37	39	0	3	8	9	13	19	29	30	36	38	0	2	97	377	6251	0	254	3	0	4	1	0	0	
2	4	8	21	23	25	28	29	33	39	3	12	13	15	16	17	30	32	35	37	1	3	44	740	0	2646	266547	5260	22	7	1	0	0	
0	4	7	9	16	18	20	21	29	32	2	6	17	25	27	31	36	37	38	39	0	0	80	953	0	28704	227	317	43	1	1	0	0	
3	14	15	17	23	25	30	35	38	39	1	2	4	5	6	8	16	32	33	37	0	1	70	931	16537	2836	0	0	35	3	1	0	0	
11	13	16	20	22	23	31	32	35	36	0	4	6	9	10	17	19	21	34	39	1	2	84	207	2848	1228	5040	0	1	9	0	0	0	
4	13	16	20	21	23	25	35	36	37	0	10	11	12	15	26	27	31	38	39	0	3	30	249	4448	0	165	0	29	2	0	0	0	
1	2	13	15	21	22	27	29	30	31	3	4	6	7	16	17	20	24	25	39	2	0	71	495	203	0	0	348	21	0	0	0	0	
0	3	4	10	18	27	31	34	37	38	5	13	15	17	19	21	25	28	29	32	1	1	50	319	104	0	52376	7	0	2	1	1	0	
1	4	6	13	19	22	26	27	31	39	3	10	12	18	21	28	30	33	35	37	0	2	48	176	487	192	49	0	4	0	1	0	0	
6	8	9	14	21	27	32	34	38	39	2	5	12	13	15	19	20	22	28	31	1	3	64	276	2501	0	11257	0	8	9	1	0	0	
7	10	16	19	20	21	30	33	34	36	0	1	8	13	14	18	23	26	31	38	3	0	79	686	3758	0	92316	0	60	6	0	1	0	
0	2	4	7	10	20	27	34	38	39	9	14	15	18	19	24	25	29	32	36	3	1	87	370	9751	0	7294	0	0	2	0	1	0	
2	4	8	16	19	26	30	31	32	34	5	7	12	14	15	21	25	27	28	38	3	2	42	302	0	42783	0	6	11	1	1	0	0	
1	3	8	12	15	19	22	31	32	37	0	2	4	5	6	9	16	23	27	39	0	3	99	378	10705	155	96	0	46	4	0	0	0	
3	8	9	11	17	19	22	23	25	34	6	12	16	18	26	27	28	29	30	32	0	0	80	1779	1537	0	2096	246	11	0	1	0	0	
2	3	6	8	11	17	25	32	34	38	1	9	10	14	15	19	22	26	31	35	3	1	72	149	0	0	1191	414	14	2	1	0	0	
1	4	10	19	20	25	31	36	37	39	2	3	6	9	12	16	17	21	34	35	0	2	89	138	477	0	43024	0	48	7	1	0	0	
5	8	18	25	27	28	29	30	38	39	2	4	9	11	12	13	15	21	26	33	1	3	77	0	35125	8030	0	88	0	2	1	0	0	
2	5	12	17	18	22	25	28	32	39	0	7	8	9	20	21	23	24	33	34	2	0	73	816	1504	1692	0	7	0	1	1	0	0	
4	6	8	16	21	22	23	29	35	36	0	2	9	18	20	24	27	33	37	39	2	1	85	0	154	43	79	5	29	0	0	0	0	
2	5	11	21	22	26	30	31	37	39	0	1	8	10	12	13	25	32	36	38	2	2	40	0	824	325	157	5	8	1	0	0	0	
5	7	12	14	21	22	28	31	32	34	1	2	4	6	8	16	17	23	24	36	2	3	43	253	0	137	51	14	1	0	0	0	0	
3	8	9	12	17	21	31	32	36	39	1	2	6	7	11	14	16	19	27	30	3	0	32	758	0	416	729	2	0	3	1	0	0	
2	6	7	9	20	23	27	33	35	39	0	3	11	15	17	21	22	25	31	32	1	1	31	259	449	924	392	354	6	0	1	0	0	
0	3	7	13	18	22	26	27	33	37	6	10	11	12	14	20	25	31	32	39	2	2	39	185	0	359	493	590	37	0	0	0	0	
3	6	10	13	18	20	21	23	24	37	2	4	7	11	15	27	31	33	34	36	2	3	18	0	11123	120	244	0	4	6	1	0	0	
6	7	10	16	23	28	31	32	34	35	0	3	4	8	14	18	25	30	36	37	3	0	43	541	0	23299	251	0	41	17	0	0	0	
1	2	7	14	16	18	22	25	33	37	8	9	13	15	17	19	26	31	36	38	1	1	93	659	0	401	297	0	5	0	1	1	0	
0	3	5	8	10	15	16	23	36	39	2	19	20	21	28	30	32	34	35	38	2	2	57	211	0	169204	1288	330	5	3	0	0	0	
1	2	15	18	20	21	22	35	37	39	3	5	9	14	19	23	24	26	28	36	3	3	56	0	0	0	327	0	0	2	0	0	0	
0	4	5	7	15	16	21	22	30	39	1	2	6	13	17	20	28	31	33	37	2	0	33	466	126	240	0	302	68	0	1	0	0	
1	7	8	19	22	27	28	33	34	36	3	11	12	15	20	23	26	31	35	37	3	1	55	135	109	168	0	7	0	1	0	0	0	
3	4	5	10	11	19	24	28	31	33	1	6	7	14	17	26	27	29	34	39	2	2	60	173	102	997	0	86	0	1	1	0	0	
2	3	7	8	13	17	19	27	30	38	0	1	9	11	22	29	32	34	36	39	3	3	89	403	4735	169	0	6	5	1	0	0	0	
1	2	7	10	15	24	31	32	38	39	0	6	11	12	17	18	22	26	29	37	2	0	48	955	16090	0	836	450	0	3	1	0	0	
0	2	3	5	8	13	18	23	31	38	4	7	9	15	19	20	27	29	32	39	3	1	67	102	0	1016	18996	261	0	1	0	0	0	
0	2	5	6	12	22	30	33	34	37	3	4	9	13	14	23	35	36	38	39	2	2	23	225	0	78	157	0	17	1	0	1	0	
0	2	7	10	13	22	26	34	35	36	1	5	6	12	14	17	27	28	32	39	0	3	64	131	99	0	926	8	0	3	0	0	0	
2	5	10	15	20	23	26	27	31	37	0	3	6	9	12	18	32	34	35	36	2	0	33	778	109	157	511	0	32	0	1	0	0	
5	8	9	10	17	18	20	28	34	39	0	1	3	4	12	14	19	25	29	36	2	1	99	169	0	92	483	252	2	0	0	0	0	
1	7	13	16	20	22	25	35	37	39	4	8	15	28	30	31	32	33	36	38	2	2	20	253	0	504	5122	408	3	0	1	0	0	
6	8	18	19	21	22	23	26	29	31	3	4	7	10	12	13	16	17	33	39	1	3	101	197	5879	0	0	790	0	9	0	0	0	
1	4	5	19	23	26	29	35	36	38	0	3	8	13	16	17	20	31	33	37	3	0	95	781	1454	201	2509	206	0	0	1	0	0	
1	15	16	19	27	29	30	33	36	39	2	3	4	7	8	13	17	22	25	31	1	1	93	224	5097	0	339	0	37	14	1	0	0	
3	8	14	15	20	21	23	28	35	36	1	4	5	11	19	25	31	32	33	34	2	2	62	293	386	0	417	0	0	2	1	0	0	
4	6	26	27	28	29	30	32	35	36	2	7	8	16	18	20	22	23	31	33	2	3	33	319	6153	2197	0	7	8	1	1	0	0	
3	4	7	9	12	17	21	30	35	36	0	1	2	6	13	24	26	27	29	31	0	0	105	3336	0	32527	302	376	14	1	1	0	0	
0	3	7	11	14	18	25	26	36	39	1	15	17	20	21	28	31	32	33	38	1	1	78	216	0	796	20217	0	211	1	0	0	0	
0	1	5	12	13	15	16	31	33	35	6	8	11	18	19	21	22	24	26	34	0	2	16	2259	7152	101	258	0	0	1	0	0	0	
0	2	12	19	22	27	31	36	37	38	4	6	7	8	9	15	20	24	28	30	2	3	84	237	193	144	169	332	0	8	1	0	0	
4	6	7	8	16	17	18	26	32	33	9	10	12	13	15	19	20	24	36	38	3	0	92	603	7255	0	17340	3862	0	0	0	1	0	
1	3	13	16	23	26	28	33	35	36	6	8	11	12	14	19	24	27	34	37	2	1	48	186	168	326	0	299	7	1	0	0	0	
1	7	8	18	21	25	26	31	35	37	3	4	5	6	9	12	13	16	29	38	2	2	74	0	27344	176	8200	306	0	3	0	0	0	
3	5	6	16	21	26	27	28	29	36	4	7	11	12	20	22	23	30	31	39	0	3	75	302	312	0	64897	6	26	7	1	0	0	
10	11	12	14	17	22	25	26	36	37	0	5	6	15	16	18	23	29	34	39	0	0	37	335	316	130	462	364	13	0	1	0	0	
0	8	12	13	14	18	22	26	38	39	2	6	7	11	21	23	27	28	34	35	1	1	46	54	0	9427	0	207	65	1	0	0	0	
6	8	9	17	21	28	29	30	33	38	2	4	10	11	12	13	16	19	26	34	2	2	85	204	2212	281	2995	0	15	0	1	0	0	
0	4	12	15	17	19	25	28	34	38	1	2	8	10	13	18	20	32	33	35	0	3	45	266	0	204	0	7	94	4	0	0	0	
0	1	17	19	27	30	32	34	35	37	5	7	13	15	24	28	31	33	38	39	3	0	90	1151	77	0	29753	6	4	0	0	0	0	
5	6	8	15	16	25	26	33	36	38	1	2	10	13	22	23	24	29	30	35	3	1	39	110	0	402	17647	0	31	0	1	0	0	
0	5	6	9	12	13	14	17	29	32	3	8	15	16	19	20	23	26	27	39	1	2	78	0	30691	1167	14771	3	6	1	0	0	0	
7	13	19	21	24	29	31	34	36	39	0	1	2	3	9	10	11	28	32	33	3	3	89	282	0	0	64033	466	0	2	1	0	0	
2	5	6	16	17	20	28	34	38	39	7	8	9	11	15	19	25	31	33	36	2	0	33	414	100	0	454	0	8	0	1	0	0	
8	9	11	16	18	19	21	24	28	31	2	4	6	12	14	17	22	23	29	36	2	1	72	635	6823	0	128	83	21	0	0	0	0	
3	7	9	11	12	16	24	26	28	38	4	6	17	19	20	22	25	30	35	36	3	2	35	229	2018	0	0	6	0	2	0	0	0	
0	3	5	15	21	26	28	29	35	38	2	6	10	14	17	20	23	27	33	39	0	3	59	241	0	0	20043	2673	64	0	1	0	0	
9	10	12	21	23	26	27	30	33	38	13	14	15	17	24	28	29	32	37	39	1	0	93	1270	712	128	201	273	1	0	0	0	0	
3	9	11	16	20	24	26	32	35	36	0	6	18	21	22	23	33	34	37	38	2	1	80	163	40	79	224	455	0	0	1	0	0	
5	7	9	10	16	18	20	23	34	38	1	2	3	12	14	22	26	27	28	31	2	2	51	149	5914	0	63	0	5	2	0	0	0	
6	7	9	10	11	12	15	16	24	27	5	8	18	20	23	28	33	35	37	39	2	3	80	541	907	28468	186	184	0	8	0	0	0	
1	3	8	11	12	21	28	29	34	38	0	2	7	10	16	18	25	26	30	32	1	0	59	960	0	1532	216	0	23	0	1	0	0	
0	5	6	8	14	17	20	24	27	36	3	4	7	9	12	26	30	32	34	39	2	1	11	244	394	6998	249	0	55	3	0	1	0	
6	9	13	15	17	29	31	34	36	38	5	8	11	19	20	21	22	24	27	33	0	2	73	0	60273	577	434	59	0	4	1	0	0	
6	10	14	21	26	27	31	33	35	37	2	3	8	12	13	15	19	28	32	36	1	3	55	491	294	0	1764	525	17	3	0	0	0	
5	7	11	12	19	26	27	34	35	39	2	3	6	8	20	24	25	28	36	37	1	0	65	361	301	0	597	1155	0	0	1	0	0	
0	2	6	10	13	14	16	19	23	32	4	15	17	21	22	28	29	33	37	39	0	1	54	273	165	859	43806	0	14	5	0	0	0	
9	11	12	17	18	24	27	31	33	34	0	3	6	10	13	15	16	23	28	36	2	2	60	244	0	43104	1795	561	42	1	0	1	0	
8	10	13	15	17	18	20	22	26	33	1	3	5	9	12	14	27	29	31	37	2	3	81	614	132	0	978	5	29	0	0	0	0	
1	12	15	19	21	27	28	29	32	38	0	4	9	10	14	18	20	22	23	24	3	0	92	1309	0	2955	552	0	21	7	0	0	0	
4	8	12	20	23	32	33	34	36	37	0	5	15	19	25	28	30	31	38	39	1	1	36	129	0	246	0	172	2	0	1	0	0	
3	6	13	16	19	20	21	23	25	26	2	7	12	14	22	24	29	30	31	37	2	2	80	265	1323	1867	528	6	0	2	1	0	0	
1	9	11	14	20	25	26	31	36	38	2	6	7	10	17	21	24	28	35	39	3	3	46	112	2397	0	189	0	8	1	0	0	0	
0	3	6	9	13	20	23	24	34	38	1	2	5	11	16	28	32	35	37	39	3	0	95	623	0	457	264	0	87	2	1	0	0	
0	2	7	12	21	24	25	31	34	36	4	13	14	16	17	20	26	27	28	32	3	1	21	234	84	2666	165	0	0	0	1	0	0	
1	5	8	18	22	25	26	28	30	35	0	9	13	14	15	16	19	20	23	34	1	2	103	110	1093	0	896	614	34	0	1	6	0	
0	4	5	7	11	12	14	25	30	33	2	6	10	15	17	20	27	32	35	39	1	3	53	123	5735	120	0	5	0	5	0	0	0	
5	9	13	16	17	19	21	24	34	38	3	7	10	12	18	27	28	29	30	31	2	0	110	882	0	279	135	0	34	5	0	0	0	
3	9	12	14	18	21	23	24	32	38	1	4	5	6	8	15	28	30	33	37	1	1	63	186	250	0	636	320	37	0	0	0	0	
0	1	6	15	18	20	21	25	28	35	3	11	13	14	16	17	29	34	36	39	2	2	45	509	491	106	179	0	46	2	1	0	0	
1	7	8	12	17	19	24	30	31	33	0	4	5	6	11	15	20	25	29	36	2	3	76	233	3330	0	0	477	3	0	1	0	0	
1	4	5	11	17	23	28	32	33	35	3	7	12	14	16	20	25	26	29	39	1	0	34	323	0	306	119	507	3	0	1	0	0	
2	8	11	12	13	14	16	17	25	29	1	21	22	23	26	31	33	34	36	39	3	1	48	215	222	0	638	803	21	2	0	0	0	
0	4	5	15	18	25	26	36	38	39	2	6	11	12	24	27	28	30	33	34	1	2	34	109	2312	0	22852	35	3	0	1	0	0	
1	10	15	18	19	20	23	24	30	35	3	4	11	12	14	16	22	25	33	39	1	3	66	204	0	78	0	400	17	0	1	0	0	
3	6	11	19	22	24	25	30	34	36	1	2	4	9	15	17	28	29	33	35	2	0	57	969	330	68	243	315	4	0	0	0	0	
0	1	7	9	15	16	20	29	38	39	2	4	6	8	14	17	25	31	32	36	0	1	76	42	0	120	0	5	120	1	0	0	0	
2	9	13	16	17	25	31	32	36	38	4	5	8	14	15	19	21	28	29	37	0	2	76	0	27777	1571	890	485	11	0	2	0	0	
3	5	6	12	14	15	27	30	32	38	8	9	10	16	26	28	29	31	34	37	3	3	62	0	1388	64100	82	296	1	0	0	0	0	
7	8	11	12	16	21	23	26	29	36	0	1	15	18	19	20	28	31	37	39	2	0	75	804	0	1703	20505	443	4	3	0	0	0	
4	9	11	14	17	27	31	36	37	38	2	6	7	13	15	16	18	22	32	39	1	1	73	229	14248	0	25504	213	0	3	1	0	0	
3	9	16	17	19	22	27	31	35	37	4	8	13	15	23	24	26	28	33	39	2	2	109	79	0	92	65	238	1	1	0	0	0	
1	8	9	10	18	22	25	27	29	32	0	4	6	11	15	16	23	24	28	39	0	3	82	621	0	55	0	8	125	2	1	0	0	
0	4	6	7	10	16	17	24	31	33	3	5	12	19	20	21	25	30	32	35	2	0	29	2713	0	17165	139	173	13	1	0	1	0	
3	5	6	8	10	21	22	30	32	36	1	11	14	19	23	31	34	37	38	39	2	1	2	632	0	0	131635	4	10	1	1	1	0	
4	5	9	12	18	20	26	29	37	38	0	8	10	11	17	19	23	24	28	34	0	2	69	155	0	31091	0	1058	9	0	2	0	0	
2	10	11	13	15	16	18	20	21	38	0	8	9	17	22	24	25	30	33	39	2	3	72	0	1106	459	0	5	16	1	1	0	0	
0	2	5	6	7	10	14	18	27	33	4	8	9	15	20	22	32	34	38	39	2	0	52	2901	83433	0	5281	1320	16	5	2	0	0	
1	13	18	24	25	26	28	31	35	38	0	5	6	8	14	17	34	36	37	39	1	1	47	223	14726	325	28605	0	0	3	1	0	0	
0	4	5	9	15	18	19	29	37	39	1	6	12	20	22	26	28	33	36	38	1	2	80	118	4051	0	41049	8	8	1	1	0	0	
0	4	5	11	14	16	25	27	34	38	1	3	6	9	10	19	22	28	36	39	3	3	86	180	9228	0	1203	238	3	0	1	0	0	
9	11	17	19	20	23	24	25	27	36	0	3	4	5	6	8	15	16	35	37	1	0	64	702	633	46564	0	7	14	11	0	0	0	
2	4	7	8	9	15	20	28	32	36	3	5	10	12	14	18	22	27	35	39	1	1	62	883	0	435	403	0	0	4	1	0	0	
0	1	11	14	18	20	28	30	33	36	2	5	7	19	22	27	29	32	34	37	0	2	60	0	0	75	316	431	0	2	0	0	0	
4	8	9	10	14	15	21	27	31	32	1	2	11	12	13	16	19	23	35	36	3	3	7	0	0	91	0	1084	34	4	0	0	0	
2	4	8	12	19	21	25	29	31	37	5	6	11	15	17	20	32	35	36	38	0	0	60	1719	0	717	853	235	0	6	1	1	0	
1	5	9	10	13	14	18	19	27	36	0	7	11	12	17	23	26	29	31	38	0	1	45	0	29291	30276	58580	559	84	2	1	0	0	
5	8	11	13	21	25	27	29	33	34	0	1	4	12	16	18	19	22	35	39	3	2	57	29	127	0	11197	0	36	10	1	1	0	
1	4	5	10	14	17	19	24	31	36	2	3	6	9	12	18	20	29	30	39	0	3	110	0	27077	24543	0	1010	4	1	0	0	0	
3	6	12	13	14	15	25	33	36	37	0	2	4	5	7	18	24	26	27	30	0	0	83	1150	303	0	0	322	24	2	0	0	0	
2	5	6	8	9	11	12	16	30	31	3	4	7	14	15	20	24	25	29	39	0	1	61	391	739	1668	19930	1515	12	7	1	0	0	
4	8	9	12	14	15	25	30	34	36	6	11	19	20	24	28	31	32	35	38	0	2	84	0	22462	99	105	270	19	0	2	0	0	
0	8	15	16	20	23	29	32	35	38	1	3	11	19	25	26	27	33	34	36	1	3	48	53	0	262	368	2	5	0	0	1	0	
3	4	6	9	18	23	28	32	35	38	1	7	10	11	14	15	20	25	29	36	1	0	69	2090	14784	56	0	6	77	0	1	0	0	
8	10	11	23	26	27	28	31	38	39	0	5	9	12	13	15	16	22	30	32	3	1	69	0	14562	0	822	2	6	6	1	1	0	
0	2	9	10	18	21	23	26	28	37	1	4	5	13	15	17	20	22	27	30	3	2	38	120	14097	335	342	0	4	2	0	0	0	
6	7	8	12	13	17	19	20	28	37	2	11	14	18	21	25	31	34	35	39	3	3	38	339	0	158	0	6	7	3	1	0	0	
3	4	10	17	21	22	23	24	27	38	0	2	8	13	15	18	20	28	33	37	0	0	23	579	0	206	102	0	22	0	0	0	0	
9	15	16	23	26	28	30	32	34	36	0	1	2	7	11	13	20	21	25	38	3	1	52	192	8113	244	0	0	0	3	0	0	0	
0	13	14	15	17	20	23	31	33	37	2	6	8	12	18	21	25	27	32	34	3	2	53	224	4940	0	885	719	78	3	1	0	0	
7	9	13	18	22	23	25	35	36	38	3	4	10	15	17	20	24	28	29	34	2	3	67	115	0	20272	240	106	17	0	1	0	0	
0	4	5	7	8	18	19	22	26	38	2	11	17	24	25	30	31	32	33	36	0	0	90	1111	352	0	25013	0	27	3	1	0	0	
7	9	10	18	19	20	24	25	27	35	2	4	6	28	29	32	33	36	37	39	0	1	108	507	64	0	967	0	41	1	0	0	0	
3	7	15	20	23	26	28	32	34	37	1	5	8	12	16	24	25	27	33	35	2	2	62	291	0	16026	4355	0	307	8	1	0	0	
7	8	9	10	14	22	26	27	36	38	2	3	13	15	16	19	23	28	30	33	3	3	68	61	59	123	0	274	19	0	1	1	0	
1	4	6	10	21	24	30	31	32	34	0	3	11	12	18	19	20	25	28	35	2	0	46	373	0	0	175	2786	9	1	1	0	0	
3	7	10	11	21	30	31	34	35	38	0	6	14	16	17	19	25	28	29	32	3	1	68	169	0	255	6180	0	11	3	1	0	0	
2	4	8	16	24	25	27	28	32	34	0	10	12	13	20	21	22	26	35	38	2	2	60	189	0	911	634	6	12	1	0	0	0	
8	12	16	18	21	31	32	33	37	38	13	14	15	19	20	22	27	28	29	36	3	3	98	424	21181	0	0	6	15	2	1	0	0	
2	4	5	8	10	21	22	31	37	38	0	1	6	9	11	12	13	14	20	27	2	0	19	1604	1045	24027	0	1127	0	2	0	0	0	
5	6	9	11	13	15	17	20	31	38	4	7	8	16	18	19	25	26	27	35	2	1	92	0	394	259	989	486	0	1	1	0	0	
2	3	12	21	22	23	30	32	33	34	0	1	6	7	9	14	17	18	38	39	2	2	20	0	0	0	0	292	23	0	0	0	0	
2	4	10	15	20	23	30	33	36	37	1	8	11	12	13	19	24	25	26	31	1	3	40	169	82	1047	74	0	20	1	0	0	0	
0	2	3	6	14	18	19	23	26	27	5	9	11	24	25	29	32	35	38	39	1	0	93	1762	207	1053	1312	0	113	2	1	0	0	
0	1	4	6	9	10	21	25	27	36	3	7	11	18	26	30	32	33	38	39	3	1	86	186	30707	0	468	0	16	3	0	0	0	
0	2	3	10	15	20	31	32	34	38	1	9	11	12	16	22	24	30	36	39	0	2	42	245	0	0	0	798	8	7	1	0	0	
0	6	8	9	11	15	21	22	27	33	1	2	7	13	14	16	17	26	34	39	1	3	39	945	6000	34	0	6	0	2	0	0	0	
0	2	3	4	8	10	15	23	24	33	1	6	16	18	19	25	32	34	37	38	3	0	89	508	77	0	0	1412	5	0	1	0	0	
2	4	11	13	17	18	22	37	38	39	8	12	14	19	20	21	25	26	27	32	0	1	34	0	139	0	9013	910	78	1	0	0	0	
0	1	11	13	18	19	20	23	25	39	2	4	9	10	15	21	24	28	29	31	0	2	31	0	0	0	25806	6627	30	3	1	0	0	
1	2	7	10	11	13	21	25	35	37	6	9	12	19	20	24	28	30	38	39	3	3	77	350	175	346	0	188	3	1	0	0	0	
0	1	2	4	7	11	17	30	32	36	8	9	10	15	16	22	23	33	35	39	0	0	102	2582	0	925	7553	305	7	1	0	0	0	
0	2	7	14	24	25	26	29	32	34	3	4	11	16	17	19	23	28	35	36	2	1	81	374	0	646	146	1465	16	2	1	0	0	
3	4	5	6	8	10	11	14	18	38	2	12	20	23	25	29	32	36	37	39	3	2	88	482	9427	444	625	367	7	9	0	1	0	
1	7	8	10	13	19	22	24	28	29	0	2	3	9	11	12	15	20	26	31	2	3	42	258	1076	59406	1559	0	47	9	1	0	0	
8	10	12	15	20	21	26	27	29	38	1	2	3	6	11	18	22	28	34	37	2	0	90	893	0	31323	156	0	0	9	3	0	0	
0	2	10	16	17	25	26	31	34	36	6	9	12	20	23	28	29	35	37	38	1	1	63	253	1271	0	133	0	4	0	0	0	0	
6	8	16	17	19	28	29	31	36	39	4	5	7	15	23	24	27	32	34	35	1	2	63	50	77	0	64	2	0	6	0	0	0	
6	7	10	15	18	22	26	30	37	38	1	11	12	14	17	21	25	28	34	36	2	3	48	232	0	645	13912	3	0	4	0	0	0	
2	7	9	10	14	16	25	27	30	39	5	13	15	19	23	26	28	31	35	37	1	0	92	665	68	0	3974	0	3	1	0	0	0	
1	5	7	13	17	20	21	24	35	36	2	3	6	8	12	15	16	25	38	39	1	1	51	165	0	220	49	390	10	0	1	0	0	
1	4	8	12	14	16	28	29	34	35	0	6	15	23	26	27	30	31	37	39	1	2	57	816	2020	138	0	7	43	2	1	0	0	
0	1	6	9	17	18	23	24	31	38	5	7	15	19	20	21	22	26	27	36	3	3	53	207	9709	98	0	179	1	0	0	0	0	
0	3	8	9	22	24	25	29	37	38	4	6	7	12	15	16	26	31	34	35	1	0	47	1365	0	83993	60276	1939	546	2	1	0	0	
0	4	6	11	12	14	16	19	27	31	2	5	9	10	18	20	22	26	29	35	0	1	46	579	16908	0	1646	0	13	4	1	0	0	
1	10	11	12	15	22	23	24	32	36	3	9	17	25	28	30	31	34	35	38	3	2	58	0	138	0	10397	0	5	0	0	0	0	
5	9	12	25	26	27	29	30	31	37	0	2	3	6	14	18	19	34	38	39	0	3	114	347	378	0	414	1180	10	5	0	0	0	
3	7	9	11	12	16	24	26	28	38	4	6	17	19	20	22	25	30	35	36	1	0	43	959	3241	0	8534	265	4	3	0	0	0	
13	16	18	20	26	32	34	35	37	38	1	12	14	19	21	23	24	28	30	36	2	1	85	1181	38424	0	1950	1078	24	4	0	0	0	
12	13	16	20	21	23	25	27	30	38	1	4	7	14	15	22	26	31	32	39	2	2	59	879	17603	234	462	6	0	0	1	0	0	
2	5	7	12	24	25	28	35	38	39	3	6	9	10	16	19	20	29	33	34	2	3	95	0	585	272	233	2	0	0	0	0	0	
0	3	5	6	7	17	19	29	30	31	11	12	14	15	21	23	24	25	33	34	1	0	107	874	616	0	43735	438	0	10	1	0	0	
3	12	14	15	23	24	25	33	38	39	2	6	8	16	17	19	30	35	36	37	1	1	103	65	320	0	0	2321	296	1	7	0	0	
4	10	11	16	18	20	21	27	33	36	13	15	17	22	28	29	31	37	38	39	2	2	66	214	744	0	148	0	6	1	0	0	0	
2	4	8	10	13	17	19	25	26	34	3	5	6	15	16	18	20	24	37	38	2	3	31	334	3965	212	0	7	33	2	1	0	0	
2	10	15	18	25	27	30	32	33	39	3	5	12	14	16	21	22	23	36	38	2	0	32	1024	286	0	752	7	7	5	1	0	0	
3	5	8	11	15	16	26	27	29	30	6	10	13	24	31	32	33	34	35	36	2	1	46	123	2305	0	464	7	0	5	1	1	0	
5	6	7	8	9	12	13	26	28	29	4	14	16	17	20	24	25	34	36	39	2	2	90	0	0	577	34774	4	12	2	1	0	0	
0	2	5	10	14	24	25	26	35	39	3	6	11	15	16	20	21	28	34	36	2	3	40	118	1953	62	0	0	10	2	1	0	0	
1	5	10	14	15	20	26	36	37	39	6	8	9	11	19	28	29	31	32	33	3	0	120	484	0	250	233	42	2	0	0	0	0	
2	6	7	10	12	13	21	24	31	38	0	1	4	5	9	16	18	23	29	34	0	1	82	94	0	768	243	0	1	3	0	0	0	
2	8	11	14	18	20	26	27	28	39	4	5	7	10	15	16	17	19	30	37	2	2	67	0	23818	13678	805	3	122	0	1	0	0	
1	5	9	13	18	23	26	28	29	30	6	10	14	15	19	20	21	25	33	39	3	3	77	708	0	413	1026	3	17	2	0	1	0	
0	5	11	13	16	22	31	33	34	38	2	15	18	19	20	21	25	27	30	32	1	0	61	841	84	0	676	8	25	1	0	0	0	
0	8	14	16	20	22	29	31	32	37	1	2	4	6	10	15	18	25	27	34	0	1	48	293	0	262	0	6	4	0	0	1	0	
1	2	4	5	6	11	14	18	26	27	7	10	12	13	15	22	23	24	36	39	2	2	24	331	45	69	18	0	1	0	0	0	0	
0	9	13	15	20	24	29	33	37	39	5	6	10	12	17	18	22	25	27	31	2	3	89	200	2204	177	0	817	6	1	0	0	0	
2	9	12	20	27	28	33	34	35	36	0	3	4	5	7	16	21	23	25	30	1	0	17	1503	177	0	1222	689	6	1	0	0	0	
0	1	7	14	19	20	21	26	36	38	3	6	8	11	12	13	15	17	29	34	0	1	89	75	0	125	0	6	0	2	0	0	0	
1	4	10	12	16	17	21	26	30	32	2	3	13	19	22	23	24	33	34	39	3	2	50	223	8538	131	4245	0	35	2	1	0	0	
1	4	6	12	20	24	25	29	36	38	0	3	15	17	23	26	27	28	34	37	0	3	59	163	166	0	433	271	14	2	0	0	0	
7	8	13	18	21	28	29	33	38	39	2	6	9	10	11	19	23	25	27	30	3	0	97	619	0	685	34398	0	23	1	0	0	0	
3	6	8	9	13	16	24	30	34	36	4	7	12	19	25	29	33	37	38	39	3	1	89	345	11830	859	0	1038	0	1	1	0	0	
4	11	13	16	19	25	26	28	33	39	1	2	5	9	10	15	22	24	27	37	3	2	42	298	223	5769	218	99	0	0	2	0	0	
0	2	4	9	11	13	25	26	27	35	3	5	6	18	20	24	28	31	33	34	0	3	95	87	398	2142	365	222	0	0	1	0	0	
4	14	16	18	19	22	33	34	35	37	2	5	10	13	21	25	29	30	32	39	2	0	77	2290	0	1238	560	587	0	2	1	0	0	
5	13	19	23	29	30	31	32	33	38	2	8	12	14	20	22	24	26	27	37	3	1	85	93	0	16254	49	255	5	1	1	0	0	
8	12	13	16	24	30	31	33	37	38	1	3	4	6	7	10	18	27	28	35	0	2	54	0	34084	9409	474	585	42	1	0	0	0	
4	16	18	19	20	21	26	31	36	38	5	6	9	13	14	17	24	29	30	32	3	3	78	296	3400	0	5111	0	6	1	1	0	0	
4	6	8	12	13	16	20	25	36	39	0	5	14	15	18	22	26	28	29	31	2	0	66	350	147	157	0	7	2	0	0	0	0	
0	1	15	19	21	27	28	30	31	34	4	6	8	11	12	13	17	22	29	35	3	1	67	84	256	2368	0	0	2	0	0	0	0	
2	3	6	10	13	15	25	35	36	37	14	16	20	22	23	26	27	28	29	32	2	2	91	262	2381	65	81	0	157	8	1	0	0	
2	3	10	21	22	23	25	33	34	36	0	1	4	7	11	12	27	29	35	39	2	3	64	65	0	140	93	0	0	0	1	0	0	
1	6	7	9	18	22	27	29	36	39	0	4	10	12	13	16	19	25	28	30	3	0	57	1048	20896	108	0	7	17	1	0	0	0	
4	8	11	12	18	23	24	28	31	35	7	14	21	22	30	32	36	37	38	39	3	1	103	136	161	0	8687	238	0	7	0	0	0	
1	5	6	11	12	16	24	27	32	33	0	7	10	22	23	31	34	35	36	38	2	2	0	0	0	274	0	379	1	1	0	0	0	
1	5	7	8	15	17	20	32	33	37	6	10	14	16	24	25	29	30	36	38	0	3	78	184	0	358	108	2	0	2	1	0	0	
2	7	8	21	22	26	27	28	32	34	0	4	11	12	15	25	29	30	31	35	1	0	30	3423	375	37388	1487	1035	4	0	1	0	0	
2	3	12	18	22	24	26	27	29	32	1	5	6	14	20	21	28	34	38	39	2	1	110	0	1124	408	0	7	6	0	1	0	0	
0	1	6	12	13	17	19	21	27	35	4	11	14	16	20	22	25	26	30	34	0	2	39	338	3375	371	507	0	50	10	1	0	0	
5	13	21	23	24	26	27	29	31	32	0	1	4	9	12	16	19	28	37	39	0	3	93	975	0	0	0	748	4	3	0	0	0	
1	2	8	11	18	23	33	34	37	38	4	7	10	21	22	24	30	32	36	39	0	0	28	1440	4094	247	178	0	87	2	0	0	0	
0	3	5	8	9	16	23	29	31	33	1	4	10	12	17	21	26	27	32	39	0	1	114	188	14303	65	0	7	0	0	1	0	0	
2	9	11	14	17	20	21	31	32	39	4	7	8	10	12	13	15	29	34	35	3	2	31	262	0	874	398	0	100	0	0	0	0	
3	4	5	6	8	19	22	32	34	36	2	9	14	17	27	28	29	30	38	39	3	3	120	507	8501	0	48158	457	0	0	1	0	0	
1	3	5	6	11	20	22	35	36	38	9	10	12	17	18	23	24	26	27	34	0	0	75	1480	0	373	0	1326	34	3	0	0	0	
0	2	4	8	17	26	28	29	36	37	3	5	7	9	10	16	20	24	30	39	2	1	90	407	2327	0	6708	0	0	2	2	0	0	
2	4	18	22	23	24	25	28	37	38	3	10	12	16	30	32	33	35	36	39	3	2	110	0	57813	374	24218	4	6	1	0	0	0	
5	7	9	10	12	21	28	30	31	32	1	4	13	14	19	20	22	29	34	37	1	3	41	110	0	0	0	821	8	1	0	1	0	
5	8	12	14	18	20	23	25	34	35	3	4	13	21	26	27	28	29	30	39	2	0	117	851	0	61771	1258	3	18	2	0	0	0	
0	3	10	15	16	17	21	27	28	32	5	6	11	19	20	22	26	29	33	37	2	1	84	127	0	620	257	3	0	1	0	0	0	
2	7	22	25	26	27	32	35	36	39	0	4	11	12	14	19	20	31	33	38	2	2	61	848	23216	568	0	1787	40	5	1	0	0	
2	7	8	12	13	15	17	18	24	27	1	3	6	20	23	25	26	29	34	39	2	3	92	659	416	0	972	397	50	0	1	0	0	
5	10	13	14	19	21	23	26	30	37	2	8	9	17	18	29	33	35	38	39	1	0	71	1750	0	21528	0	512	10	1	8	0	0	
11	12	15	20	22	23	25	26	33	36	0	4	6	7	10	19	21	31	35	39	1	1	37	310	0	552	3345	6	46	2	0	0	0	
0	1	5	7	9	16	25	30	32	37	11	12	13	15	18	23	27	29	31	35	3	2	59	0	22122	14286	0	511	32	6	1	0	0	
0	2	8	11	12	15	24	25	26	35	1	3	13	16	20	23	29	30	32	33	0	3	43	157	3471	134	245	0	21	0	1	0	0	
1	6	7	13	14	26	30	32	34	38	0	5	9	15	16	17	18	27	29	35	3	0	72	1093	0	0	1580	0	19	8	1	0	0	
1	3	10	16	18	19	23	26	27	35	2	5	6	7	11	17	24	32	33	38	1	1	86	181	0	1334	15775	1845	148	4	1	0	0	
2	3	5	6	14	21	26	35	37	39	0	1	4	16	17	23	27	30	31	34	0	2	52	374	3875	113	665	1049	0	0	1	0	0	
1	3	7	11	21	23	25	26	30	38	0	2	5	12	14	17	22	29	31	37	2	3	52	392	71	0	156	5	40	5	0	0	0	
4	5	6	10	11	13	18	26	28	38	0	7	15	16	23	27	29	30	36	39	2	0	78	1392	1928	0	239	0	6	1	0	1	0	
5	6	8	10	16	19	25	28	29	33	0	1	2	3	4	7	20	27	32	38	2	1	44	0	509	17139	0	7	6	1	1	0	0	
1	3	19	23	24	27	33	34	35	36	8	10	13	15	16	20	26	29	31	37	3	2	81	132	0	0	113	2	0	10	1	0	0	
1	2	3	7	18	26	27	28	30	39	0	9	13	17	20	21	24	25	36	37	0	3	94	91	0	11762	81	0	23	0	1	0	0	
1	3	4	7	8	10	21	22	24	31	2	9	12	20	27	32	33	34	36	38	2	0	20	1049	9688	0	0	202	11	0	1	0	0	
0	4	5	10	15	20	23	30	32	36	7	8	11	12	18	19	25	28	31	39	2	1	54	223	549	152	199	381	0	0	0	0	0	
2	4	5	12	14	17	21	30	33	38	3	6	9	10	15	20	23	27	35	37	3	2	56	0	1233	22629	703	408	10	1	1	0	0	
12	19	20	23	27	28	30	31	35	37	5	8	10	13	14	16	17	18	25	36	2	3	81	1183	32302	1317	11181	6	0	1	0	0	0	
4	7	10	22	23	24	29	32	33	37	1	6	9	12	14	15	16	18	30	35	1	0	82	345	104	0	18944	658	22	2	0	0	0	
1	2	5	7	10	14	20	22	23	33	3	4	15	16	18	21	27	28	30	39	2	1	33	0	126875	473	781	609	0	1	0	0	0	
8	9	10	17	23	24	27	33	35	36	5	6	12	14	15	20	22	29	32	39	3	2	65	125	136	133	0	64	8	0	1	1	0	
5	6	8	18	21	25	29	34	37	38	2	3	4	7	12	14	16	19	30	31	1	3	53	150	21172	0	1716	0	54	0	1	0	0	
3	11	16	21	23	30	32	34	35	38	0	4	6	10	12	13	17	18	24	31	0	0	0	2347	0	1515	432	424	11	1	0	0	0	
1	3	10	11	14	15	21	29	33	37	2	4	5	6	7	9	12	26	28	36	2	1	41	120	0	13372	52	421	4	0	1	0	0	
0	4	12	20	21	25	27	29	32	39	5	10	14	16	18	19	30	35	36	38	3	2	114	250	0	755	940	0	46	0	1	0	0	
2	4	9	16	18	20	26	29	31	34	11	12	19	23	24	27	33	35	36	38	2	3	68	90	8765	595	6731	918	0	2	0	0	0	
0	1	9	10	11	20	29	32	35	37	2	3	7	12	19	23	25	27	30	38	0	0	76	1648	0	0	0	127	14	1	1	0	0	
5	7	12	23	24	26	30	32	36	39	0	4	13	15	17	20	27	29	35	38	1	1	6	0	3277	1353	499	583	17	2	1	0	0	
1	5	16	19	26	28	30	31	35	38	4	7	8	10	11	14	15	20	23	34	0	2	25	156	157	240	0	0	32	2	0	0	0	
5	11	14	16	18	19	21	30	33	36	0	1	4	20	23	24	31	32	34	35	3	3	66	0	61639	1493	192036	1436	27	16	1	0	0	
2	5	10	13	14	19	22	25	32	37	0	7	8	12	15	23	28	29	33	38	1	0	72	564	188	4738	0	59	0	1	0	0	0	
1	2	4	6	7	15	27	30	38	39	11	12	16	22	26	29	32	33	35	37	0	1	61	930	9499	0	27359	6	31	11	1	0	0	
7	8	12	16	25	27	29	33	35	36	10	11	15	19	22	23	26	30	32	34	2	2	75	130	97	112	928	3	8	0	1	1	0	
9	12	13	15	19	20	21	23	28	38	0	1	2	3	8	14	24	30	32	39	3	3	53	0	35944	127	0	1619	5	0	1	0	0	
1	2	6	13	14	23	24	26	29	32	7	12	15	22	25	30	33	35	38	39	0	0	20	589	5072	167	439	0	0	0	0	0	0	
2	3	6	11	12	14	19	25	29	32	4	10	15	18	20	26	27	36	38	39	2	1	44	304	0	34782	143	0	2	1	0	0	0	
2	9	11	13	22	28	32	33	37	38	3	5	12	15	19	21	25	27	29	35	0	2	51	298	0	1716	280	6	1	2	0	0	0	
11	14	20	25	26	28	29	31	33	39	3	6	7	10	13	18	23	27	32	38	3	3	67	687	246	1235	47500	387	0	2	1	0	0	
0	1	13	17	20	24	25	26	31	35	8	14	18	22	27	29	30	32	34	39	3	0	91	469	522	0	1299	0	19	4	0	0	0	
0	3	9	11	19	22	26	31	32	35	1	4	6	7	15	18	30	33	34	39	2	1	46	98	0	106	0	342	4	0	1	0	0	
1	2	5	6	12	21	25	26	28	31	0	3	22	23	24	27	33	35	37	38	3	2	34	283	0	76677	1587	782	0	4	0	0	0	
4	6	16	21	23	24	28	30	31	32	0	8	10	12	14	15	20	25	33	38	2	3	43	0	0	0	14199	313	0	3	3	0	0	
3	5	8	9	14	16	18	31	35	39	1	10	11	21	24	26	29	33	34	37	1	0	77	1586	10012	785	287	0	88	0	1	0	0	
4	7	16	21	22	23	24	32	38	39	0	1	12	15	19	20	25	33	34	36	3	1	69	0	7490	0	260	150	6	1	0	0	0	
6	11	14	15	20	27	28	35	37	39	5	13	17	19	22	24	25	31	32	36	2	2	55	177	3386	0	0	1330	101	8	0	0	0	
0	12	23	26	30	31	32	35	37	38	4	6	9	11	17	25	27	33	34	39	2	3	43	651	0	0	1570	1616	11	3	0	1	0	
8	12	13	17	24	27	29	31	36	39	0	1	3	18	22	26	28	33	34	35	2	0	103	829	0	23172	1411	7	4	0	0	0	0	
1	2	5	6	9	10	12	28	29	36	3	4	16	17	18	22	24	27	32	37	3	1	59	300	0	1276	1194	0	388	6	1	0	0	
8	16	19	21	26	28	31	34	38	39	0	1	3	4	5	6	14	30	36	37	1	2	53	188	12270	110	335	0	269	2	1	0	0	
9	10	16	19	27	28	31	32	34	38	1	7	11	13	14	25	26	29	35	39	1	3	103	249	0	52986	5596	24	5	0	0	0	0	
