   2.4143650e+01   8.2726597e+00   2.9184871e+00   3.5974213e-03
   1.8006656e-01   1.3482054e-01   1.3356019e+00   1.8198828e-01
   1.8175022e-03   1.3750186e-01   1.3218019e-02   9.8945653e-01
   4.3160011e-01   1.2652525e-01   3.4111777e+00   6.7313415e-04
   3.6006106e-01   1.2921808e-01   2.7864603e+00   5.4311891e-03
   5.7305619e+00   5.4038346e-01   1.0604621e+01   5.9372775e-25
   6.4003417e+00   5.4719052e-01   1.1696733e+01   1.1017597e-29
   1.3512353e+01   1.4739294e+00   9.1675716e+00   2.7543277e-19
   1.5689626e+01   1.4898056e+00   1.0531324e+01   1.1977185e-24
   4.1523744e+00   1.3293907e+00   3.1235169e+00   1.8392935e-03
   6.3093562e+00   1.3070998e+00   4.8269888e+00   1.6061118e-06
  -4.7805582e+00   1.5171603e+00  -3.1509908e+00   1.6763325e-03
  -4.5445882e+00   1.3376781e+00  -3.3973706e+00   7.0761627e-04
  -6.4153171e+00   1.3725885e+00  -4.6738822e+00   3.3668230e-06
  -1.1692740e+00   1.1617851e+00  -1.0064460e+00   3.1444848e-01
  -2.1324182e+00   1.1665813e+00  -1.8279208e+00   6.7864108e-02
