   3.6051596e+01   7.9863198e+00   4.5141688e+00   7.1210235e-06
   6.8342276e+00   4.1206294e-01   1.6585397e+01   1.0756170e-54
   7.1089717e+00   4.1946252e-01   1.6947812e+01   9.3233150e-57
   1.4300735e+01   6.0681902e-01   2.3566721e+01   8.1231802e-98
   1.3780567e+01   6.0457710e-01   2.2793729e+01   9.1427593e-93
   5.0615377e+00   5.9047055e-01   8.5720408e+00   3.8687394e-17
   5.1631268e+00   5.9977750e-01   8.6084036e+00   2.8818155e-17
  -4.0415757e+00   1.4352511e+00  -2.8159362e+00   4.9602117e-03
  -6.8563725e+00   1.3775116e+00  -4.9773608e+00   7.6003756e-07
  -3.3899098e+00   1.1462591e+00  -2.9573678e+00   3.1765525e-03
  -3.7309326e+00   1.1492714e+00  -3.2463462e+00   1.2082311e-03
