43	20	22	35	3	0	4	3	1	1	0	2	2	0	1	1	50
28	41	20	31	1	4	2	3	1	2	0	1	1	1	1	1	18
41	18	24	37	2	3	1	4	2	0	1	1	1	1	0	2	66
35	37	18	30	2	2	2	4	1	1	1	1	2	1	0	1	45
25	27	32	36	1	3	5	1	1	1	0	2	0	1	2	1	51
41	29	22	28	3	1	3	3	2	0	0	2	1	2	1	0	57
52	32	18	18	4	3	1	2	2	1	1	0	2	1	0	1	92
38	24	34	24	3	2	3	2	1	1	1	1	1	1	1	1	74
20	44	24	32	2	3	1	4	1	2	1	0	0	2	0	2	50
20	20	47	33	1	4	3	2	1	1	1	1	0	0	3	1	55
42	35	20	23	2	2	3	3	2	1	1	0	1	2	0	1	49
10	53	27	30	2	4	2	2	0	3	0	1	0	2	1	1	47
14	40	20	46	2	3	4	1	0	2	0	2	1	1	0	2	11
34	49	9	28	3	0	6	1	1	3	0	0	1	1	0	2	120
15	25	50	30	2	3	4	1	0	1	2	1	1	0	2	1	67
42	34	9	35	1	3	3	3	2	1	0	1	2	1	0	1	83
29	41	26	24	3	3	2	2	1	2	0	1	0	1	2	1	54
30	50	27	13	3	2	3	2	0	3	1	0	2	1	1	0	67
15	29	46	30	2	2	3	3	0	1	3	0	1	0	1	2	67
48	19	21	32	3	3	2	2	3	0	0	1	1	1	1	1	54
20	55	21	24	3	3	2	2	0	3	0	1	1	1	1	1	52
16	33	50	21	4	2	4	0	1	2	0	1	0	0	4	0	49
27	33	30	30	3	3	1	3	1	0	2	1	1	2	0	1	54
34	30	25	31	2	2	2	4	2	1	1	0	0	1	1	2	58
9	39	21	51	2	1	5	2	0	2	0	2	0	1	1	2	59
27	48	12	33	1	3	4	2	0	2	0	2	2	2	0	0	2
46	23	6	45	1	3	2	4	2	1	0	1	1	1	0	2	42
23	25	31	41	4	0	3	3	0	2	2	0	1	0	0	3	79
39	34	28	19	2	3	2	3	2	1	0	1	1	1	2	0	70
15	39	38	28	3	2	2	3	0	2	1	1	1	1	1	1	47
15	42	42	21	2	4	3	1	0	3	1	0	1	0	2	1	70
26	20	40	34	4	3	2	1	1	0	2	1	1	1	1	1	84
33	28	32	27	2	3	4	1	1	1	1	1	1	1	1	1	76
31	20	51	18	2	1	4	3	2	1	1	0	0	0	4	0	103
34	18	41	27	4	2	1	3	1	1	1	1	1	0	2	1	76
36	2	50	32	3	3	2	2	0	0	2	2	3	0	1	0	44
15	36	26	43	2	3	3	2	0	2	0	2	0	1	2	1	34
18	26	40	36	3	3	2	2	0	1	1	2	1	0	2	1	29
32	35	36	17	3	3	2	2	0	2	1	1	2	0	2	0	70
31	34	36	19	3	2	3	2	1	2	0	1	1	1	2	0	31
33	29	33	25	2	5	1	2	0	0	2	2	2	2	0	0	40
12	34	39	35	2	5	2	1	0	1	2	1	0	1	1	2	49
37	39	20	24	0	3	3	4	2	0	1	1	1	3	0	0	49
23	36	14	47	2	3	2	3	1	2	0	1	1	1	0	2	32
39	26	28	27	3	4	1	2	2	0	2	0	1	2	0	1	80
7	41	53	19	2	3	4	1	0	2	2	0	0	1	2	1	91
39	27	4	50	4	3	3	0	1	1	0	2	2	0	0	2	51
54	27	33	6	5	1	1	3	2	1	1	0	2	1	1	0	73
20	21	25	54	1	4	2	3	1	1	1	1	0	0	1	3	49
32	31	21	36	4	2	2	2	1	1	0	2	1	2	1	0	37
12	24	54	30	1	3	3	3	0	1	3	0	0	1	1	2	74
61	21	25	13	1	4	1	4	2	0	1	1	3	1	0	0	47
3	33	38	46	3	3	1	3	0	1	1	2	0	1	2	1	39
17	28	41	34	3	2	1	4	1	1	1	1	0	1	2	1	45
27	38	20	35	4	2	3	1	1	1	1	1	1	1	0	2	89
16	37	25	42	4	2	1	3	0	1	0	3	1	1	2	0	18
24	30	53	13	3	2	4	1	1	0	2	1	0	2	2	0	90
36	21	31	32	4	3	1	2	1	1	1	1	2	0	1	1	65
47	6	29	38	3	2	0	5	1	0	2	1	2	0	0	2	60
28	13	44	35	4	3	2	1	1	0	1	2	1	0	3	0	60
29	32	9	50	3	1	2	4	0	1	0	3	2	1	0	1	6
10	35	51	24	1	3	3	3	0	1	3	0	1	2	1	0	78
20	25	26	49	5	2	1	2	0	1	1	2	1	1	0	2	73
40	38	13	29	3	3	0	4	1	1	0	2	2	2	0	0	53
18	16	44	42	2	5	3	0	1	0	2	1	0	1	1	2	46
34	29	42	15	3	2	4	1	1	1	2	0	1	1	2	0	99
22	52	12	34	2	1	3	4	0	3	0	1	2	1	0	1	31
38	28	29	25	3	2	1	4	1	1	2	0	2	1	0	1	73
36	25	28	31	2	1	4	3	1	2	0	1	1	0	2	1	43
28	30	32	30	2	2	6	0	0	1	2	1	1	1	1	1	101
43	25	26	26	2	3	3	2	2	1	0	1	1	1	1	1	77
27	27	22	44	3	2	1	4	1	0	1	2	1	1	0	2	30
21	53	33	13	2	4	2	2	1	2	1	0	0	2	1	1	45
33	26	29	32	2	2	1	5	1	0	1	2	1	2	1	0	31
13	26	49	32	1	4	2	3	0	0	2	2	0	1	2	1	28
29	28	39	24	3	2	0	5	1	1	1	1	0	1	2	1	56
55	39	8	18	3	1	2	4	2	2	0	0	3	1	0	0	43
28	6	54	32	1	4	3	2	1	0	2	1	1	0	2	1	67
26	26	35	33	2	2	3	3	0	1	1	2	2	1	1	0	68
49	12	18	41	2	4	1	3	2	0	1	1	2	0	0	2	71
10	17	38	55	3	2	2	3	0	0	1	3	0	1	2	1	32
31	39	21	29	2	3	3	2	0	1	1	2	2	2	0	0	50
32	33	16	39	4	3	3	0	2	0	0	2	0	2	1	1	58
23	22	37	38	2	4	3	1	0	1	2	1	1	0	1	2	58
41	9	33	37	1	3	4	2	1	0	1	2	2	0	1	1	73
38	16	31	35	2	3	4	1	1	0	2	1	2	1	0	1	103
31	30	18	41	3	3	4	0	1	1	1	1	1	1	0	2	64
18	25	45	32	2	2	4	2	0	0	2	2	1	1	1	1	83
44	33	11	32	4	3	0	3	1	2	0	1	3	0	0	1	46
34	20	32	34	3	2	0	5	2	1	0	1	0	0	3	1	74
26	39	27	28	1	4	4	1	1	1	1	1	1	2	0	1	51
60	16	32	12	2	2	1	5	3	0	1	0	2	1	1	0	85
25	42	31	22	3	3	2	2	1	0	1	2	1	2	1	0	68
36	28	16	40	4	2	1	3	2	1	0	1	1	1	0	2	90
42	10	31	37	1	3	4	2	2	0	1	1	1	0	1	2	86
30	30	35	25	3	3	4	0	1	0	2	1	1	2	1	0	95
20	16	38	46	4	4	1	1	1	0	2	1	0	1	1	2	53
47	33	11	29	2	4	2	2	2	0	1	1	2	1	0	1	73
14	58	23	25	3	4	2	1	0	3	0	1	1	2	1	0	28
31	28	20	41	3	3	2	2	1	0	1	2	1	2	0	1	57
15	37	15	53	4	2	1	3	0	1	0	3	1	2	0	1	19
42	19	35	24	2	4	1	3	2	0	1	1	1	1	2	0	64
34	25	25	36	4	3	2	1	1	1	0	2	2	0	2	0	29
23	39	44	14	3	1	3	3	1	2	1	0	1	1	2	0	47
27	30	53	10	3	3	2	2	1	1	2	0	1	1	2	0	82
27	34	21	38	5	2	3	0	1	1	1	1	1	1	0	2	62
38	27	31	24	2	3	3	2	0	2	1	1	3	0	0	1	42
17	34	35	34	3	3	2	2	0	1	1	2	1	1	2	0	44
35	23	34	28	3	3	3	1	2	0	1	1	1	1	1	1	92
25	32	27	36	3	2	2	3	0	1	2	1	1	1	0	2	60
31	55	24	10	2	4	2	2	2	2	0	0	0	3	1	0	56
39	14	34	33	3	3	3	1	1	1	0	2	2	0	2	0	64
38	19	31	32	1	2	4	3	2	0	2	0	1	1	0	2	91
35	41	16	28	2	2	2	4	3	0	1	0	0	3	0	1	74
50	46	10	14	5	3	1	1	2	2	0	0	2	1	0	1	68
31	40	15	34	3	0	2	5	1	2	0	1	1	1	1	1	44
14	35	50	21	4	2	2	2	0	1	2	1	0	1	2	1	91
36	16	33	35	1	2	4	3	1	0	1	2	2	1	1	0	69
25	35	31	29	3	4	1	2	1	1	1	1	0	2	1	1	65
15	27	30	48	2	3	3	2	0	1	1	2	0	1	1	2	51
4	22	39	55	2	2	1	5	0	1	0	3	0	0	3	1	6
25	37	14	44	4	0	3	3	1	1	0	2	0	2	0	2	27
26	23	30	41	1	5	1	3	1	1	0	2	0	1	2	1	0
13	58	23	26	2	2	2	4	0	3	0	1	0	2	1	1	15
22	29	29	40	3	1	4	2	1	2	0	1	0	0	2	2	94
39	22	41	18	2	1	3	4	1	1	2	0	2	0	1	1	91
51	17	38	14	3	1	3	3	2	1	1	0	2	0	2	0	84
24	33	33	30	3	1	4	2	1	1	0	2	1	1	2	0	51
14	24	43	39	3	1	3	3	0	1	3	0	1	1	0	2	80
41	7	29	43	4	4	1	1	1	0	2	1	2	0	0	2	94
35	36	17	32	1	3	3	3	0	2	1	1	2	1	0	1	43
18	48	24	30	3	2	3	2	0	3	1	0	1	1	0	2	84
35	43	12	30	2	2	2	4	1	2	0	1	1	1	1	1	30
38	27	28	27	3	2	3	2	1	0	1	2	2	1	1	0	55
36	19	38	27	1	3	2	4	2	1	1	0	1	0	1	2	83
24	20	27	49	1	4	2	3	2	1	1	0	0	0	1	3	61
14	27	18	61	3	1	2	4	0	1	0	3	0	1	1	2	18
29	25	17	49	2	3	3	2	1	1	0	2	1	1	0	2	27
39	15	19	47	1	2	5	2	2	0	0	2	0	1	1	2	87
26	28	39	27	3	0	2	5	1	1	1	1	0	1	2	1	45
4	41	44	31	1	3	3	3	0	0	2	2	0	3	1	0	46
41	34	23	22	0	2	4	4	2	1	0	1	1	2	1	0	63
35	21	29	35	2	1	4	3	2	0	1	1	1	1	1	1	59
38	30	27	25	2	3	2	3	2	1	1	0	1	1	1	1	53
32	30	19	39	2	2	3	3	2	0	0	2	0	2	1	1	63
35	31	18	36	1	4	2	3	1	1	0	2	1	1	1	1	53
31	18	33	38	4	2	1	3	2	0	0	2	0	1	2	1	76
38	15	47	20	2	2	2	4	1	1	1	1	2	0	2	0	51
9	40	40	31	3	3	0	4	0	2	2	0	0	1	1	2	31
37	15	39	29	2	3	2	3	2	0	1	1	0	1	2	1	84
33	40	6	41	2	1	4	3	1	0	0	3	1	3	0	0	54
16	54	34	16	1	3	4	2	0	3	0	1	0	1	3	0	38
27	31	45	17	0	2	4	4	0	2	1	1	2	0	2	0	73
42	43	16	19	3	2	2	3	2	2	0	0	1	1	1	1	64
47	17	16	40	1	5	2	2	2	1	0	1	1	0	1	2	33
22	42	39	17	2	3	3	2	0	2	1	1	1	1	2	0	51
27	47	15	31	2	2	4	2	0	3	0	1	2	1	0	1	10
37	21	42	20	4	2	1	3	1	0	2	1	1	1	2	0	106
20	48	24	28	2	3	2	3	1	2	1	0	0	2	1	1	28
31	20	27	42	1	4	2	3	0	1	2	1	2	0	0	2	47
19	25	54	22	1	4	3	2	1	0	3	0	0	1	1	2	87
20	31	35	34	2	1	4	3	1	1	0	2	0	1	2	1	40
31	18	25	46	1	2	5	2	1	0	0	3	1	1	1	1	74
33	17	27	43	4	3	2	1	2	0	1	1	0	1	1	2	82
28	26	32	34	3	3	1	3	2	0	1	1	0	2	1	1	62
42	40	25	13	3	3	3	1	2	2	0	0	1	1	2	0	66
22	39	40	19	2	3	3	2	1	1	2	0	0	2	1	1	66
41	20	44	15	2	4	1	3	2	1	1	0	1	0	2	1	44
19	27	47	27	3	1	4	2	0	0	3	1	1	1	1	1	92
12	30	37	41	2	3	2	3	0	1	1	2	0	1	2	1	28
20	32	28	40	4	4	1	1	1	1	1	1	0	1	1	2	59
47	44	16	13	1	3	4	2	3	1	0	0	0	3	1	0	89
42	32	23	23	5	1	1	3	1	1	1	1	2	1	1	0	67
20	53	32	15	4	3	2	1	1	1	2	0	0	3	1	0	51
34	23	33	30	1	0	4	5	2	0	1	1	1	1	1	1	68
41	18	21	40	3	3	2	2	1	1	1	1	3	0	0	1	59
37	15	36	32	3	2	3	2	1	1	1	1	2	0	2	0	68
40	26	38	16	2	3	4	1	2	1	1	0	1	0	2	1	98
21	32	20	47	2	3	3	2	1	1	1	1	0	1	0	3	69
38	14	16	52	3	1	5	1	2	0	0	2	0	1	1	2	79
10	40	39	31	4	4	2	0	0	1	2	1	0	2	1	1	49
18	51	26	25	1	2	2	5	1	1	1	1	0	3	0	1	24
52	16	33	19	4	2	3	1	2	0	1	1	2	1	1	0	95
47	25	35	13	3	1	3	3	2	1	1	0	2	1	1	0	88
9	6	58	47	3	2	3	2	0	0	2	2	0	0	3	1	82
24	27	37	32	3	2	2	3	1	0	1	2	0	2	2	0	79
23	40	34	23	6	2	2	0	0	2	1	1	2	1	1	0	44
27	39	28	26	5	1	1	3	0	2	0	2	1	1	2	0	56
19	37	35	29	1	4	3	2	1	2	1	0	0	1	1	2	31
15	24	54	27	2	4	3	1	1	1	1	1	0	0	3	1	53
30	40	21	29	3	3	1	3	2	0	1	1	0	3	0	1	67
24	43	33	20	3	4	3	0	1	0	3	0	0	3	0	1	67
24	12	39	45	2	3	1	4	1	0	1	2	0	0	2	2	57
27	39	36	18	1	3	2	4	2	1	1	0	0	2	1	1	72
36	30	21	33	1	1	3	5	1	1	1	1	2	1	0	1	41
45	37	24	14	2	3	2	3	1	2	1	0	2	1	0	1	48
26	44	24	26	4	3	2	1	1	2	0	1	1	1	2	0	66
45	13	26	36	2	4	1	3	1	0	2	1	3	0	0	1	48
42	23	4	51	3	2	2	3	1	1	0	2	2	0	0	2	9
44	27	22	27	2	1	3	4	1	0	1	2	2	2	0	0	27
26	16	32	46	3	3	2	2	1	0	2	1	0	0	1	3	57
13	46	37	24	3	3	4	0	0	2	1	1	0	2	2	0	51
20	40	39	21	2	2	2	4	1	2	1	0	0	1	2	1	28
35	31	35	19	3	3	3	1	1	2	1	0	2	0	1	1	73
24	19	28	49	3	3	2	2	1	0	1	2	1	1	1	1	40
37	32	40	11	3	3	3	1	1	1	2	0	2	1	1	0	97
21	20	52	27	2	3	3	2	0	1	2	1	1	0	2	1	64
42	39	29	10	4	1	3	2	1	2	1	0	2	1	1	0	120
18	41	50	11	2	1	4	3	1	2	1	0	0	1	3	0	76
51	17	32	20	1	3	2	4	3	0	1	0	1	1	1	1	91
30	38	15	37	2	3	3	2	0	2	0	2	2	1	1	0	60
19	31	31	39	4	1	4	1	1	1	2	0	0	1	0	3	74
19	23	49	29	2	3	2	3	1	1	1	1	0	0	3	1	75
26	41	34	19	2	3	2	3	1	0	2	1	1	3	0	0	90
44	40	19	17	1	4	1	4	1	3	0	0	2	0	1	1	54
23	35	27	35	4	3	1	2	1	1	2	0	0	1	0	3	64
24	27	14	55	1	2	5	2	1	0	0	3	0	2	0	2	37
9	43	36	32	1	2	4	3	0	1	2	1	0	2	1	1	34
34	22	34	30	3	2	1	4	1	1	1	1	2	0	1	1	59
29	37	32	22	2	3	2	3	1	1	2	0	0	1	1	2	69
34	12	36	38	5	2	1	2	2	0	1	1	0	1	1	2	91
18	15	39	48	0	4	4	2	0	0	1	3	0	1	2	1	45
49	21	30	20	1	2	2	5	3	1	0	0	1	1	1	1	67
36	17	8	59	5	1	2	2	2	0	0	2	0	1	0	3	76
29	45	25	21	5	2	1	2	0	2	2	0	2	1	0	1	51
37	28	25	30	3	2	3	2	1	1	1	1	2	0	1	1	73
31	17	21	51	1	2	3	4	1	0	1	2	0	1	1	2	64
18	46	45	11	4	1	2	3	1	2	1	0	0	1	3	0	94
48	19	35	18	2	2	5	1	1	0	2	1	3	1	0	0	99
35	30	23	32	4	1	4	1	1	1	1	1	2	1	0	1	92
28	26	54	12	1	5	3	1	2	0	2	0	0	1	2	1	93
41	16	40	23	3	3	4	0	1	1	2	0	2	0	1	1	76
23	26	36	35	1	3	3	3	1	0	2	1	0	1	1	2	34
40	32	4	44	4	2	3	1	1	1	0	2	2	1	0	1	36
11	44	33	32	4	2	1	3	0	2	1	1	0	1	2	1	69
47	24	31	18	3	2	3	2	2	1	1	0	2	0	1	1	56
33	39	27	21	2	2	1	5	1	1	1	1	1	2	1	0	56
43	30	9	38	2	3	3	2	2	1	0	1	1	1	0	2	60
33	39	30	18	3	1	2	4	2	2	0	0	0	1	2	1	70
16	35	37	32	2	5	2	1	0	2	1	1	1	0	2	1	29
8	46	30	36	1	0	4	5	0	1	1	2	0	2	1	1	42
25	33	32	30	0	1	5	4	0	1	2	1	2	1	0	1	80
32	28	36	24	2	5	2	1	2	1	0	1	0	1	3	0	54
46	13	41	20	3	2	4	1	3	0	1	0	1	0	2	1	108
25	30	16	49	4	4	0	2	1	1	1	1	0	1	0	3	48
42	23	38	17	3	3	0	4	1	0	3	0	2	2	0	0	93
25	15	35	45	2	3	3	2	0	1	2	1	1	0	0	3	34
18	10	51	41	4	3	1	2	1	0	2	1	0	0	2	2	94
33	31	22	34	3	3	2	2	1	2	0	1	1	0	1	2	50
30	30	35	25	4	2	4	0	1	2	1	0	1	0	1	2	54
29	22	42	27	1	1	4	4	0	1	2	1	2	0	1	1	89
13	51	16	40	2	2	3	3	0	3	1	0	0	1	0	3	22
33	36	29	22	4	2	4	0	0	2	1	1	2	1	1	0	50
12	23	45	40	2	4	2	2	0	0	1	3	0	2	2	0	53
33	26	46	15	3	2	3	2	0	1	2	1	2	0	2	0	90
25	31	43	21	3	1	4	2	1	2	1	0	1	0	2	1	86
40	16	20	44	2	6	0	2	1	1	1	1	2	0	0	2	31
43	35	32	10	4	3	0	3	3	0	1	0	0	3	1	0	105
41	51	21	7	2	2	2	4	1	3	0	0	2	1	1	0	57
9	26	50	35	2	1	3	4	0	0	2	2	0	2	2	0	58
20	44	24	32	5	1	2	2	0	0	2	2	1	3	0	0	71
31	43	17	29	2	3	1	4	1	1	0	2	1	2	1	0	12
16	45	39	20	1	4	3	2	1	2	1	0	0	1	2	1	53
24	28	31	37	2	2	2	4	1	1	0	2	0	1	2	1	18
19	39	41	21	2	2	4	2	0	1	2	1	1	2	1	0	74
22	37	26	35	2	3	4	1	0	3	0	1	2	0	1	1	32
25	24	32	39	2	4	3	1	1	1	1	1	1	0	1	2	45
21	19	34	46	0	4	4	2	0	1	1	2	1	0	1	2	61
27	42	32	19	1	3	2	4	0	3	0	1	2	0	2	0	25
38	37	36	9	2	3	2	3	0	2	2	0	3	1	0	0	79
30	31	41	18	2	2	1	5	1	0	2	1	1	2	1	0	45
22	21	45	32	3	3	3	1	0	1	2	1	1	1	1	1	47
18	27	26	49	3	1	3	3	0	1	1	2	0	1	1	2	36
21	49	15	35	3	1	4	2	1	0	0	3	0	4	0	0	32
12	28	60	20	4	2	2	2	0	0	4	0	0	2	1	1	114
42	28	33	17	2	3	3	2	1	1	1	1	2	0	2	0	49
31	49	27	13	0	2	3	5	2	2	0	0	0	2	2	0	46
21	31	19	49	3	2	2	3	1	1	1	1	0	1	0	3	32
43	26	11	40	1	5	4	0	2	0	0	2	1	2	0	1	51
30	14	60	16	3	3	1	3	1	0	3	0	1	1	2	0	108
29	28	48	15	3	3	1	3	2	1	1	0	0	1	3	0	81
28	20	34	38	2	2	3	3	0	1	1	2	2	0	1	1	65
22	40	31	27	3	1	4	2	0	3	0	1	1	0	2	1	56
29	62	10	19	2	3	2	3	1	3	0	0	1	2	0	1	16
17	32	26	45	2	3	3	2	0	0	1	3	1	2	1	0	55
36	23	47	14	1	3	3	3	1	0	3	0	2	1	0	1	91
32	16	40	32	3	5	2	0	0	1	1	2	2	0	2	0	48
21	26	49	24	2	4	2	2	0	0	3	1	1	1	1	1	44
15	16	39	50	2	4	3	1	1	0	1	2	0	1	1	2	40
39	26	34	21	4	2	1	3	1	1	1	1	2	0	1	1	48
22	40	34	24	4	1	3	2	0	2	2	0	1	1	0	2	80
15	50	25	30	4	4	1	1	0	3	0	1	0	1	2	1	51
50	11	21	38	4	1	3	2	2	0	1	1	2	0	0	2	120
31	39	34	16	3	2	3	2	1	1	1	1	1	2	1	0	79
28	35	24	33	2	2	4	2	1	1	1	1	1	2	0	1	60
20	19	33	48	1	2	3	4	1	0	1	2	0	1	1	2	36
21	44	37	18	2	2	4	2	0	2	2	0	1	1	1	1	47
25	29	15	51	2	4	0	4	0	1	0	3	1	1	1	1	4
56	17	19	28	4	3	2	1	3	0	0	1	1	1	1	1	103
51	40	14	15	5	0	1	4	2	1	0	1	2	2	0	0	77
41	13	38	28	3	3	0	4	3	0	1	0	0	1	2	1	81
28	38	16	38	1	2	3	4	1	2	0	1	1	1	0	2	20
30	33	24	33	0	3	3	4	1	2	0	1	1	0	2	1	66
51	36	28	5	0	3	4	3	3	0	1	0	1	2	1	0	106
27	30	45	18	2	4	3	1	1	0	2	1	1	2	1	0	66
26	15	47	32	4	2	2	2	1	1	0	2	0	0	4	0	75
21	52	25	22	1	3	3	3	0	2	1	1	1	2	1	0	25
39	33	33	15	1	3	4	2	1	1	1	1	2	1	1	0	70
32	70	9	9	2	4	2	2	1	3	0	0	1	3	0	0	27
30	17	18	55	1	3	4	2	2	1	0	1	0	0	0	4	48
36	28	14	42	2	4	2	2	1	1	0	2	2	0	1	1	44
22	35	19	44	4	0	4	2	0	2	1	1	1	1	0	2	55
12	23	50	35	2	3	1	4	0	0	3	1	0	1	1	2	45
18	22	50	30	1	4	2	3	1	1	1	1	0	0	3	1	28
5	40	37	38	1	2	3	4	0	2	1	1	0	1	1	2	27
47	20	19	34	4	2	4	0	2	0	0	2	2	1	1	0	52
35	27	34	24	5	1	1	3	1	1	1	1	2	1	1	0	99
48	11	31	30	2	3	4	1	2	0	1	1	2	0	1	1	101
38	25	23	34	5	3	0	2	2	1	0	1	1	0	1	2	47
21	41	20	38	2	2	3	3	0	2	1	1	1	1	0	2	23
42	15	29	34	4	1	0	5	1	1	1	1	2	0	1	1	58
36	27	33	24	3	3	3	1	1	2	0	1	2	0	2	0	67
23	32	31	34	3	0	4	3	1	0	2	1	1	2	0	1	86
12	55	34	19	3	3	3	1	0	3	1	0	1	1	1	1	50
19	20	27	54	3	4	1	2	1	0	0	3	0	1	2	1	31
21	25	28	46	3	3	3	1	1	0	1	2	1	1	1	1	97
25	32	34	29	4	2	2	2	0	0	2	2	1	2	1	0	75
25	24	31	40	1	2	4	3	1	1	0	2	0	1	2	1	38
34	19	19	48	2	1	3	4	1	0	1	2	2	1	0	1	62
13	24	61	22	2	4	3	1	1	1	2	0	0	0	3	1	80
56	11	15	38	2	3	3	2	3	0	0	1	2	0	0	2	92
32	14	42	32	3	1	3	3	1	1	2	0	1	0	1	2	93
23	19	47	31	2	3	3	2	1	1	2	0	0	0	2	2	62
50	11	22	37	4	0	2	4	1	1	0	2	3	0	0	1	60
45	27	27	21	3	1	2	4	2	1	0	1	1	0	2	1	75
26	42	21	31	1	2	5	2	1	1	1	1	1	2	0	1	51
25	30	46	19	2	2	5	1	0	2	1	1	2	0	2	0	47
31	31	39	19	1	3	3	3	1	2	1	0	1	0	2	1	92
32	30	41	17	5	1	3	1	2	1	0	1	0	1	3	0	120
42	29	37	12	2	2	2	4	2	1	1	0	1	1	2	0	109
42	22	17	39	2	3	4	1	1	0	1	2	2	1	0	1	63
47	19	15	39	2	2	3	3	3	1	0	0	1	0	0	3	61
47	22	31	20	1	4	3	2	2	1	1	0	2	0	1	1	42
25	32	35	28	4	2	2	2	1	1	1	1	0	1	2	1	76
23	41	41	15	1	1	5	3	1	1	1	1	0	2	2	0	67
17	24	35	44	1	3	3	3	0	1	1	2	1	0	2	1	66
42	26	20	32	2	1	4	3	1	0	1	2	2	2	0	0	55
29	15	33	43	3	2	5	0	0	0	1	3	2	1	1	0	96
17	26	50	27	2	1	5	2	0	0	2	2	0	2	2	0	71
29	20	40	31	3	2	3	2	1	1	1	1	1	0	2	1	79
37	19	41	23	2	1	2	5	1	0	2	1	1	1	1	1	78
9	27	37	47	1	3	3	3	0	2	0	2	0	0	2	2	6
37	29	43	11	3	2	4	1	1	1	2	0	2	1	1	0	48
49	22	18	31	2	3	1	4	2	1	0	1	2	0	1	1	82
49	37	18	16	4	2	3	1	2	1	1	0	2	1	0	1	91
19	41	30	30	0	2	5	3	0	2	1	1	1	1	1	1	75
34	24	43	19	1	3	4	2	1	1	1	1	2	0	2	0	105
29	32	39	20	1	7	0	2	0	1	3	0	2	1	0	1	16
26	54	25	15	1	3	5	1	1	2	1	0	1	3	0	0	68
32	39	15	34	2	2	3	3	2	1	1	0	0	2	0	2	51
25	38	18	39	3	3	1	3	1	2	1	0	0	1	0	3	67
11	42	33	34	3	1	4	2	0	1	1	2	0	2	1	1	82
16	31	55	18	4	3	2	1	0	1	3	0	1	1	2	0	79
22	7	23	68	1	4	1	4	0	0	1	3	1	0	0	3	47
29	24	27	40	3	2	1	4	0	0	2	2	2	2	0	0	35
38	27	21	34	2	3	2	3	1	1	0	2	2	1	1	0	39
23	34	22	41	5	0	2	3	1	1	0	2	1	1	1	1	80
28	16	41	35	3	4	1	2	1	0	1	2	0	1	2	1	45
8	64	22	26	2	2	4	2	0	3	1	0	0	2	0	2	50
33	35	34	18	2	0	4	4	0	1	2	1	2	1	1	0	63
46	3	30	41	3	4	2	1	1	0	1	2	2	0	1	1	63
59	31	22	8	3	3	2	2	3	1	0	0	2	1	1	0	71
38	22	26	34	1	2	4	3	2	1	1	0	1	0	1	2	91
35	24	24	37	3	2	3	2	2	0	0	2	0	1	2	1	105
38	34	27	21	4	2	3	1	0	1	2	1	3	1	0	0	68
34	39	21	26	3	2	2	3	2	1	1	0	0	2	0	2	60
14	33	33	40	2	2	3	3	1	1	1	1	0	1	1	2	32
33	33	14	40	4	2	3	1	1	1	1	1	1	1	0	2	49
37	37	37	9	2	1	5	2	1	2	1	0	1	1	2	0	105
49	26	16	29	1	3	1	5	2	1	0	1	2	0	1	1	27
27	17	47	29	2	2	3	3	0	0	2	2	1	1	2	0	66
26	29	31	34	2	1	3	4	1	1	1	1	0	1	2	1	26
33	29	40	18	3	4	2	1	1	0	2	1	1	2	1	0	66
23	22	31	44	1	4	1	4	1	1	1	1	0	0	1	3	27
22	29	42	27	3	2	3	2	0	1	2	1	1	1	1	1	91
28	34	33	25	1	2	2	5	2	0	1	1	0	2	2	0	35
22	26	27	45	4	2	2	2	0	1	2	1	1	0	0	3	77
22	19	27	52	1	2	4	3	0	0	1	3	1	1	1	1	43
20	33	36	31	4	1	1	4	1	1	2	0	0	1	1	2	77
17	42	23	38	0	2	7	1	1	2	0	1	0	1	1	2	101
41	39	11	29	0	5	4	1	0	2	0	2	3	1	0	0	6
20	30	18	52	1	4	4	1	1	0	1	2	0	2	0	2	21
10	45	29	36	3	3	3	1	0	2	1	1	0	2	1	1	47
13	34	36	37	3	2	3	2	0	2	1	1	0	0	2	2	58
22	32	17	49	3	1	2	4	1	2	0	1	0	0	1	3	6
9	27	48	36	2	4	2	2	0	2	1	1	0	0	2	2	28
40	24	15	41	1	3	2	4	1	1	0	2	2	1	0	1	14
26	27	52	15	3	1	3	3	0	1	3	0	1	1	1	1	50
34	19	36	31	1	2	4	3	2	0	2	0	0	1	1	2	94
25	33	45	17	2	3	3	2	1	2	1	0	0	0	3	1	83
37	24	29	30	2	2	3	3	1	1	0	2	1	1	2	0	29
28	39	33	20	2	1	2	5	1	1	2	0	1	2	0	1	74
18	16	41	45	2	1	3	4	0	0	1	3	1	1	2	0	46
39	35	19	27	2	2	2	4	2	0	0	2	0	3	1	0	32
31	35	30	24	1	1	2	6	1	2	1	0	1	1	1	1	46
11	40	21	48	3	2	4	1	0	2	1	1	0	1	0	3	31
30	20	43	27	3	4	1	2	2	1	0	1	0	0	3	1	53
16	27	21	56	3	1	2	4	0	0	0	4	0	2	1	1	22
47	19	28	26	1	2	6	1	1	0	1	2	2	1	1	0	97
15	33	32	40	3	3	0	4	1	2	0	1	0	0	2	2	27
24	39	38	19	4	2	3	1	1	1	2	0	0	2	1	1	95
47	13	37	23	1	4	4	1	2	0	1	1	2	0	2	0	59
19	24	49	28	3	4	2	1	1	1	1	1	0	0	3	1	75
11	55	19	35	2	3	2	3	0	1	1	2	0	4	0	0	18
24	27	41	28	2	1	2	5	0	1	2	1	1	1	1	1	29
21	60	19	20	3	2	1	4	0	4	0	0	1	1	1	1	41
20	49	19	32	1	2	5	2	1	2	0	1	0	2	1	1	38
24	48	15	33	3	1	4	2	0	2	0	2	1	2	1	0	25
59	30	20	11	2	3	3	2	3	0	1	0	2	2	0	0	98
24	14	50	32	1	2	3	4	1	0	1	2	0	0	3	1	84
36	35	22	27	1	5	2	2	1	1	2	0	2	1	0	1	73
32	25	31	32	5	2	3	0	2	1	1	0	0	1	1	2	84
38	36	26	20	2	2	2	4	2	2	0	0	1	1	1	1	61
35	25	24	36	0	2	6	2	1	1	1	1	2	0	1	1	73
44	40	7	29	1	3	4	2	2	2	0	0	1	1	0	2	58
28	7	38	47	2	2	4	2	1	0	2	1	1	0	0	3	110
9	19	28	64	2	0	4	4	0	0	1	3	0	1	1	2	47
38	27	20	35	2	4	1	3	2	0	0	2	1	2	1	0	55
16	40	48	16	4	3	1	2	0	2	1	1	0	1	3	0	57
38	28	33	21	1	3	5	1	1	1	1	1	2	0	1	1	95
54	10	27	29	2	4	2	2	3	0	0	1	1	0	2	1	71
28	30	19	43	2	2	3	3	1	1	1	1	1	1	0	2	15
33	28	45	14	2	3	3	2	2	0	1	1	0	1	3	0	94
33	20	19	48	5	1	1	3	2	0	1	1	0	1	0	3	63
48	10	33	29	2	5	2	1	2	0	1	1	2	0	2	0	83
30	22	23	45	3	3	2	2	2	0	1	1	0	1	0	3	71
42	29	27	22	4	3	3	0	2	1	1	0	1	1	1	1	85
27	32	27	34	4	1	3	2	0	2	1	1	2	0	0	2	42
39	28	15	38	2	3	2	3	1	0	1	2	1	2	0	1	26
14	19	58	29	4	2	3	1	0	0	3	1	0	1	2	1	102
37	41	14	28	1	2	3	4	1	2	1	0	1	1	0	2	55
22	41	38	19	3	4	1	2	0	2	1	1	2	1	1	0	38
4	33	57	26	1	3	4	2	0	1	2	1	0	1	3	0	54
25	23	27	45	2	3	4	1	1	1	1	1	1	0	1	2	87
40	36	6	38	2	1	5	2	1	2	0	1	2	0	0	2	78
30	22	24	44	4	4	1	1	0	1	2	1	2	0	0	2	71
21	42	27	30	3	2	3	2	0	2	1	1	1	1	1	1	42
27	37	29	27	3	3	2	2	1	1	1	1	1	1	1	1	60
28	12	38	42	1	3	3	3	1	0	0	3	1	0	3	0	64
17	33	30	40	2	3	5	0	1	1	1	1	0	1	1	2	60
53	19	34	14	2	2	3	3	3	0	1	0	2	1	1	0	103
16	37	24	43	3	2	2	3	1	1	1	1	0	2	0	2	54
42	16	18	44	2	4	2	2	1	1	1	1	2	0	0	2	45
39	26	28	27	0	3	3	4	2	0	2	0	1	1	0	2	58
26	33	41	20	2	4	1	3	1	1	1	1	1	1	2	0	50
16	37	27	40	2	1	2	5	1	0	2	1	0	2	0	2	43
38	19	22	41	1	3	3	3	1	1	0	2	2	0	1	1	23
52	11	32	25	2	3	1	4	2	0	1	1	2	0	1	1	80
10	60	18	32	1	3	3	3	0	3	0	1	0	2	1	1	27
32	37	35	16	4	3	2	1	2	1	0	1	0	2	2	0	97
33	5	37	45	3	3	1	3	1	0	1	2	1	0	2	1	86
20	48	30	22	3	3	1	3	0	2	1	1	1	2	1	0	28
12	33	32	43	3	3	1	3	0	0	1	3	0	3	1	0	38
13	31	30	46	3	3	2	2	1	0	1	2	0	2	1	1	76
27	31	33	29	1	2	3	4	1	1	1	1	0	2	1	1	18
25	48	26	21	4	2	2	2	1	1	2	0	1	2	0	1	78
15	31	25	49	1	3	3	3	0	2	0	2	1	0	1	2	27
39	25	32	24	0	3	4	3	2	1	1	0	1	0	1	2	71
33	39	18	30	2	4	3	1	0	2	0	2	2	1	1	0	31
38	12	18	52	2	3	3	2	2	0	0	2	0	1	1	2	44
24	27	20	49	2	0	3	5	1	1	0	2	0	1	1	2	11
48	14	32	26	1	3	3	3	2	0	1	1	2	0	1	1	80
38	41	21	20	3	3	2	2	1	2	1	0	2	0	0	2	55
24	18	33	45	3	3	2	2	0	1	1	2	1	0	1	2	28
33	20	40	27	2	3	4	1	1	1	1	1	1	0	2	1	88
30	25	48	17	4	2	3	1	1	0	2	1	1	2	1	0	66
50	16	13	41	2	4	1	3	3	0	1	0	1	0	0	3	48
37	37	9	37	2	3	1	4	2	1	0	1	1	1	0	2	56
19	47	21	33	4	1	4	1	0	2	0	2	1	2	1	0	62
38	29	42	11	3	3	3	1	1	0	3	0	2	2	0	0	104
32	33	30	25	3	0	4	3	1	1	2	0	1	1	0	2	91
22	46	30	22	0	2	3	5	0	2	1	1	1	2	1	0	30
22	16	29	53	1	3	2	4	0	1	0	3	1	0	2	1	20
49	16	21	34	5	2	2	1	3	0	0	1	1	0	1	2	74
47	30	21	22	2	4	0	4	3	0	0	1	1	2	1	0	85
43	12	27	38	2	3	2	3	1	0	1	2	3	0	0	1	51
35	30	30	25	3	3	1	3	2	0	1	1	1	1	1	1	75
39	24	18	39	2	4	1	3	2	1	0	1	1	0	1	2	40
17	24	38	41	2	2	3	3	1	1	0	2	0	0	3	1	47
18	29	52	21	3	2	3	2	1	2	1	0	0	0	3	1	65
49	23	30	18	0	3	4	3	2	0	1	1	1	2	1	0	92
38	11	30	41	1	1	2	6	2	0	1	1	1	0	1	2	45
42	34	14	30	2	4	2	2	2	1	0	1	1	2	1	0	86
22	58	29	11	3	4	0	3	1	2	1	0	0	3	1	0	65
48	26	34	12	4	1	4	1	1	1	2	0	2	0	1	1	97
41	29	20	30	1	3	2	4	1	2	0	1	2	0	1	1	57
8	60	21	31	2	2	2	4	0	2	0	2	0	3	1	0	25
34	19	30	37	3	2	3	2	2	0	1	1	0	1	1	2	93
24	28	28	40	2	6	0	2	0	2	1	1	1	0	1	2	13
17	39	45	19	2	3	3	2	1	2	1	0	0	1	2	1	26
25	34	25	36	3	3	3	1	0	2	0	2	1	1	1	1	32
27	35	38	20	5	3	1	1	0	1	2	1	2	1	1	0	84
15	25	49	31	2	4	0	4	1	0	2	1	0	2	2	0	57
10	34	50	26	2	2	4	2	0	1	2	1	0	2	2	0	49
9	29	52	30	2	3	2	3	0	2	2	0	0	0	2	2	17
28	21	28	43	6	2	1	1	1	1	1	1	1	0	1	2	81
21	38	30	31	2	4	1	3	0	2	1	1	1	1	1	1	7
40	0	46	34	3	2	4	1	2	0	1	1	1	0	2	1	75
26	43	21	30	2	4	1	3	1	2	0	1	1	1	1	1	0
31	17	28	44	4	2	3	1	0	0	2	2	2	1	0	1	62
34	20	26	40	4	2	3	1	2	0	1	1	1	1	1	1	76
30	20	40	30	4	2	1	3	2	0	1	1	0	2	1	1	74
38	26	28	28	0	4	3	3	1	1	1	1	2	1	1	0	64
39	41	14	26	0	4	3	3	0	1	1	2	2	2	0	0	22
27	34	25	34	1	1	5	3	1	1	2	0	0	2	0	2	63
20	27	35	38	2	4	1	3	1	1	1	1	0	1	1	2	38
18	37	38	27	1	2	1	6	1	2	1	0	0	1	1	2	0
26	23	43	28	2	3	4	1	1	0	2	1	1	1	1	1	98
24	39	34	23	2	3	2	3	2	1	1	0	0	2	1	1	73
9	43	22	46	3	2	3	2	0	2	0	2	0	1	1	2	12
29	31	22	38	2	2	4	2	1	0	1	2	1	2	0	1	52
19	24	30	47	4	4	1	1	0	1	1	2	1	0	1	2	54
35	30	30	25	2	6	1	1	1	2	1	0	2	0	1	1	21
4	45	15	56	3	4	2	1	0	1	0	3	0	2	1	1	9
38	32	19	31	2	1	1	6	1	1	1	1	2	1	0	1	52
35	25	37	23	4	1	2	3	2	0	1	1	1	1	2	0	96
13	36	41	30	3	4	1	2	0	3	1	0	0	0	2	2	46
25	43	16	36	3	2	1	4	1	1	1	1	1	2	0	1	63
42	9	34	35	4	1	2	3	1	0	2	1	2	0	1	1	79
17	24	22	57	3	4	1	2	0	1	0	3	1	0	1	2	17
11	29	38	42	2	2	6	0	0	1	2	1	0	1	1	2	57
49	22	18	31	4	2	1	3	1	1	1	1	3	0	0	1	66
21	39	28	32	1	3	3	3	0	1	1	2	1	2	1	0	31
24	10	31	55	3	3	2	2	1	0	0	3	1	0	2	1	71
31	29	32	28	2	1	3	4	1	1	2	0	1	1	1	1	42
23	30	37	30	3	1	5	1	0	1	1	2	1	1	2	0	91
16	37	43	24	2	3	3	2	0	2	2	0	1	1	1	1	45
26	24	33	37	2	3	3	2	2	0	1	1	0	1	1	2	89
51	40	20	9	2	3	2	3	2	1	1	0	2	2	0	0	66
28	34	36	22	1	4	3	2	2	1	1	0	0	2	1	1	54
50	39	17	14	2	2	4	2	2	1	1	0	2	2	0	0	77
29	22	24	45	2	3	2	3	1	1	1	1	1	0	0	3	52
25	26	38	31	1	1	5	3	0	0	2	2	2	1	1	0	67
33	18	39	30	1	3	5	1	2	0	1	1	0	1	2	1	67
39	30	24	27	4	2	3	1	3	0	0	1	0	2	1	1	48
30	37	48	5	3	2	3	2	1	1	2	0	0	2	2	0	58
48	27	31	14	1	1	3	5	1	1	2	0	3	0	0	1	53
47	17	28	28	2	2	2	4	2	1	0	1	2	0	1	1	83
27	41	5	47	1	3	2	4	1	2	0	1	0	1	0	3	40
41	28	37	14	1	2	4	3	0	1	2	1	3	1	0	0	87
24	26	51	19	4	0	5	1	0	1	2	1	2	0	2	0	89
26	43	28	23	2	2	3	3	0	2	2	0	2	1	0	1	55
9	44	28	39	4	3	2	1	0	2	0	2	0	1	2	1	16
31	27	37	25	2	2	5	1	2	1	1	0	0	1	1	2	81
15	40	36	29	3	2	2	3	0	2	0	2	0	1	3	0	35
29	42	19	30	2	3	2	3	2	2	0	0	0	1	1	2	52
36	25	25	34	3	2	3	2	0	2	0	2	2	0	2	0	34
25	11	42	42	0	3	3	4	1	0	2	1	1	0	1	2	60
10	21	38	51	1	1	6	2	0	1	1	2	0	0	2	2	51
41	38	17	24	2	3	3	2	3	0	0	1	0	3	1	0	68
22	50	37	11	4	3	2	1	0	3	1	0	1	1	2	0	71
20	54	22	24	3	0	2	5	0	2	1	1	0	3	0	1	23
44	37	2	37	3	5	2	0	2	1	0	1	1	2	0	1	79
30	24	52	14	3	1	2	4	1	2	1	0	1	0	3	0	85
30	33	3	54	4	2	2	2	0	2	0	2	2	0	0	2	19
46	15	24	35	2	2	2	4	1	0	2	1	2	1	0	1	77
22	49	20	29	4	2	1	3	1	1	1	1	0	3	0	1	79
37	25	27	31	2	1	3	4	2	1	1	0	1	0	1	2	80
34	28	37	21	2	3	2	3	2	1	1	0	1	1	1	1	88
27	47	33	13	4	1	3	2	0	2	2	0	2	2	0	0	61
32	13	52	23	3	2	2	3	1	0	2	1	1	1	2	0	61
41	28	36	15	3	3	2	2	2	1	1	0	1	1	2	0	86
41	26	23	30	4	3	1	2	1	1	0	2	2	1	1	0	79
40	22	22	36	1	4	2	3	1	1	1	1	2	0	0	2	76
41	17	45	17	4	1	3	2	2	0	2	0	1	1	1	1	106
36	33	12	39	4	1	2	3	2	1	0	1	0	2	1	1	70
21	17	31	51	1	2	3	4	0	1	0	3	1	0	2	1	29
34	21	49	16	3	1	4	2	0	1	3	0	2	0	1	1	107
31	20	29	40	4	2	2	2	1	0	1	2	1	1	1	1	52
34	17	55	14	3	1	3	3	0	1	2	1	2	0	2	0	69
15	33	35	37	3	1	3	3	0	2	1	1	1	0	2	1	60
51	21	28	20	1	5	1	3	1	1	2	0	3	0	0	1	15
24	33	19	44	1	2	2	5	1	2	0	1	0	0	1	3	19
28	29	38	25	5	3	0	2	1	2	1	0	1	0	2	1	48
38	49	13	20	3	2	3	2	1	2	0	1	2	2	0	0	73
45	33	19	23	5	3	1	1	1	1	1	1	2	1	0	1	50
20	16	39	45	3	2	1	4	1	1	0	2	0	0	2	2	47
36	17	43	24	6	1	0	3	1	1	1	1	1	0	3	0	102
45	23	34	18	3	4	1	2	3	0	0	1	0	2	2	0	88
24	38	40	18	4	2	2	2	1	2	1	0	0	1	2	1	87
25	34	31	30	2	4	2	2	1	2	1	0	0	1	1	2	48
37	27	36	20	1	2	4	3	2	1	1	0	1	1	2	0	89
17	43	19	41	2	2	4	2	1	1	1	1	0	2	0	2	55
48	18	20	34	0	3	3	4	2	0	0	2	2	1	1	0	75
39	18	29	34	1	3	4	2	2	0	1	1	0	1	1	2	101
31	30	37	22	0	3	2	5	2	1	1	0	0	0	2	2	60
39	41	21	19	2	4	0	4	1	2	1	0	2	1	0	1	52
54	17	32	17	1	3	4	2	1	1	1	1	3	0	1	0	78
27	38	30	25	2	2	3	3	1	2	0	1	1	1	2	0	59
31	31	27	31	2	2	3	3	1	1	1	1	1	1	1	1	31
43	19	32	26	2	3	2	3	1	0	2	1	2	1	0	1	77
42	37	30	11	3	2	4	1	2	1	1	0	2	1	1	0	101
33	51	21	15	2	2	3	3	0	3	1	0	2	1	0	1	26
27	19	29	45	3	2	3	2	1	1	1	1	1	0	1	2	77
24	29	41	26	1	3	4	2	1	1	0	2	0	1	3	0	45
34	30	20	36	2	6	1	1	1	1	0	2	1	1	1	1	15
24	44	19	33	4	1	3	2	0	1	0	3	1	2	1	0	40
32	22	23	43	3	2	2	3	1	1	1	1	1	0	1	2	56
30	21	42	27	3	3	2	2	1	1	2	0	1	0	1	2	79
30	18	37	35	2	4	1	3	1	1	2	0	1	0	1	2	49
12	50	42	16	3	0	5	2	0	3	1	0	0	1	2	1	60
46	26	14	34	4	3	2	1	2	2	0	0	2	0	0	2	43
23	33	50	14	3	0	4	3	0	1	3	0	1	1	1	1	110
42	16	35	27	4	2	2	2	2	0	2	0	1	1	0	2	91
38	25	26	31	2	1	3	4	1	0	2	1	1	2	0	1	81
19	33	27	41	3	2	3	2	0	1	1	2	1	2	0	1	41
30	18	45	27	3	1	2	4	1	1	2	0	1	0	2	1	87
14	26	44	36	3	4	2	1	1	0	2	1	0	1	1	2	81
10	59	23	28	3	0	3	4	0	2	1	1	0	2	1	1	28
40	21	37	22	6	2	0	2	1	1	1	1	2	0	2	0	52
35	20	32	33	4	1	3	2	0	0	2	2	2	2	0	0	66
38	10	42	30	2	4	2	2	1	0	1	2	2	0	2	0	44
63	12	26	19	3	3	1	3	3	0	0	1	3	0	1	0	104
33	25	38	24	2	1	4	3	1	1	1	1	1	1	2	0	65
27	35	28	30	4	2	2	2	1	0	1	2	1	2	1	0	65
15	38	19	48	4	2	3	1	0	3	0	1	0	0	1	3	13
33	20	40	27	3	2	2	3	1	1	2	0	1	0	1	2	64
36	39	32	13	1	1	4	4	2	2	0	0	1	1	2	0	79
29	35	18	38	2	6	1	1	1	1	0	2	1	1	1	1	19
52	16	42	10	2	5	1	2	1	1	2	0	3	0	1	0	74
39	32	27	22	0	2	3	5	2	1	1	0	1	1	1	1	39
28	35	41	16	2	3	2	3	1	1	1	1	1	1	2	0	62
17	34	31	38	4	2	2	2	0	1	1	2	0	2	1	1	72
35	39	23	23	1	3	2	4	1	2	0	1	1	1	1	1	27
43	28	34	15	5	2	1	2	2	1	1	0	1	1	2	0	113
30	37	26	27	5	2	1	2	1	1	1	1	1	2	1	0	80
30	24	53	13	2	3	1	4	1	0	2	1	1	1	2	0	80
11	31	56	22	3	4	0	3	0	0	3	1	0	2	2	0	60
30	23	18	49	4	1	2	3	1	0	1	2	1	2	0	1	63
28	34	41	17	2	3	0	5	1	2	1	0	1	0	2	1	57
57	22	22	19	5	1	2	2	2	1	1	0	3	0	0	1	113
36	38	20	26	2	5	3	0	2	2	0	0	0	1	1	2	78
21	32	50	17	1	2	3	4	1	1	2	0	1	1	1	1	62
30	36	22	32	3	4	1	2	0	2	0	2	3	0	1	0	50
47	20	15	38	2	1	4	3	3	0	0	1	1	1	0	2	71
33	28	43	16	2	3	2	3	1	0	3	0	1	1	1	1	104
28	32	25	35	1	2	3	4	1	1	0	2	1	1	2	0	65
35	52	12	21	1	6	1	2	0	3	0	1	3	1	0	0	16
32	50	19	19	3	2	3	2	0	4	0	0	2	0	1	1	30
16	41	29	34	4	3	0	3	0	2	2	0	0	1	0	3	45
35	14	33	38	5	3	2	0	1	0	1	2	2	0	1	1	74
30	39	40	11	4	2	3	1	2	2	0	0	0	1	3	0	60
22	16	30	52	2	2	2	4	1	0	2	1	0	1	0	3	72
27	20	52	21	3	1	4	2	2	0	2	0	0	1	2	1	112
7	57	28	28	3	3	1	3	0	1	1	2	0	4	0	0	18
43	29	31	17	2	2	3	3	0	2	2	0	3	0	0	1	75
32	23	24	41	3	0	4	3	1	1	2	0	1	0	0	3	52
33	39	22	26	3	2	4	1	1	2	0	1	1	1	2	0	46
19	33	33	35	2	3	1	4	1	1	2	0	0	1	0	3	54
15	36	42	27	4	2	1	3	0	1	1	2	0	2	2	0	61
27	36	39	18	4	3	3	0	1	0	2	1	1	3	0	0	96
48	31	8	33	4	2	2	2	2	1	0	1	2	1	0	1	54
13	33	35	39	2	1	4	3	0	1	2	1	1	1	0	2	69
20	31	24	45	2	4	2	2	0	0	2	2	1	1	0	2	13
39	23	36	22	0	3	4	3	2	0	2	0	1	1	1	1	91
23	40	36	21	1	2	2	5	1	1	2	0	1	2	0	1	48
27	23	42	28	2	3	2	3	0	1	2	1	1	1	2	0	59
28	20	37	35	0	2	5	3	2	0	1	1	0	1	1	2	76
56	33	19	12	3	1	4	2	1	2	1	0	3	0	0	1	65
27	55	29	9	1	3	5	1	1	3	0	0	1	2	1	0	42
39	17	32	32	1	5	1	3	2	0	1	1	1	1	1	1	47
26	35	44	15	2	4	2	2	1	1	2	0	1	1	1	1	69
16	41	26	37	2	4	1	3	1	2	0	1	0	1	1	2	46
42	21	26	31	3	1	2	4	1	0	2	1	2	1	0	1	64
21	46	30	23	4	1	3	2	1	1	2	0	0	3	0	1	102
28	28	38	26	1	1	4	4	1	1	2	0	0	1	1	2	67
22	34	21	43	2	4	3	1	0	2	1	1	1	0	0	3	28
38	27	21	34	0	5	3	2	1	1	1	1	2	1	0	1	13
19	25	40	36	3	5	2	0	0	1	1	2	1	0	2	1	55
22	36	39	23	3	1	3	3	1	0	2	1	0	3	1	0	86
31	49	24	16	4	4	2	0	0	2	1	1	2	2	0	0	27
13	27	24	56	2	2	4	2	1	1	1	1	0	1	0	3	33
45	21	29	25	2	3	2	3	2	0	1	1	1	1	1	1	39
46	36	17	21	3	2	1	4	1	1	1	1	2	2	0	0	73
57	29	17	17	3	3	2	2	4	0	0	0	0	2	1	1	108
28	37	19	36	0	2	5	3	0	2	0	2	2	1	0	1	63
33	30	33	24	2	5	2	1	3	1	0	0	0	1	2	1	60
48	28	15	29	4	2	2	2	1	1	1	1	3	0	0	1	58
42	7	32	39	3	3	3	1	1	0	2	1	2	0	0	2	90
32	28	31	29	5	2	3	0	2	1	0	1	0	1	2	1	86
15	12	74	19	3	2	3	2	0	0	4	0	0	0	3	1	114
28	20	46	26	3	2	2	3	1	0	2	1	1	1	2	0	85
41	28	22	29	0	4	5	1	3	0	1	0	0	2	0	2	64
30	36	39	15	4	1	1	4	0	2	2	0	2	0	1	1	75
16	36	63	5	4	1	3	2	0	2	2	0	1	0	3	0	75
47	23	41	9	3	2	2	3	1	1	2	0	3	0	1	0	64
38	37	28	17	1	4	3	2	1	1	1	1	2	2	0	0	58
9	32	38	41	3	2	3	2	0	1	2	1	0	1	1	2	72
43	25	30	22	4	4	1	1	2	0	2	0	1	2	0	1	102
36	34	19	31	3	1	3	3	1	1	1	1	2	1	0	1	38
25	42	17	36	4	2	2	2	1	1	0	2	0	2	1	1	51
25	21	24	50	3	3	0	4	1	1	1	1	1	0	0	3	33
26	21	30	43	5	3	0	2	1	0	1	2	1	1	1	1	50
24	35	33	28	2	4	2	2	1	1	1	1	0	2	1	1	36
31	20	40	29	2	3	3	2	2	0	2	0	0	1	1	2	92
24	48	29	19	2	4	2	2	1	2	1	0	1	2	1	0	44
24	50	35	11	0	4	4	2	1	1	2	0	0	3	1	0	64
31	24	32	33	4	1	2	3	1	1	1	1	1	0	1	2	66
34	23	35	28	4	2	2	2	1	1	1	1	2	0	2	0	98
29	35	41	15	2	3	3	2	2	0	2	0	0	2	1	1	67
56	21	31	12	5	1	3	1	3	1	0	0	1	1	2	0	120
33	5	38	44	3	2	1	4	1	0	1	2	1	0	2	1	76
9	46	28	37	2	3	3	2	0	1	2	1	0	3	0	1	28
36	21	31	32	3	3	1	3	0	1	2	1	3	0	0	1	64
34	39	24	23	2	3	2	3	1	1	2	0	1	2	0	1	42
15	14	47	44	4	0	5	1	1	0	2	1	0	0	2	2	102
35	27	26	32	1	2	5	2	2	0	1	1	1	1	1	1	89
20	31	42	27	2	1	3	4	1	2	0	1	0	0	3	1	29
49	20	21	30	2	3	3	2	2	1	1	0	2	0	0	2	83
33	37	26	24	0	1	5	4	1	3	0	0	1	0	2	1	62
32	26	51	11	2	2	4	2	2	0	2	0	1	1	2	0	110
28	54	11	27	2	3	3	2	1	2	0	1	1	2	0	1	25
29	30	21	40	3	2	3	2	2	1	1	0	0	1	0	3	47
50	17	34	19	2	1	3	4	1	1	1	1	3	0	1	0	73
52	22	4	42	3	1	2	4	2	1	0	1	2	0	0	2	41
32	20	21	47	2	2	2	4	0	0	1	3	2	1	0	1	22
16	28	47	29	2	3	4	1	0	1	3	0	0	1	1	2	82
43	14	28	35	5	3	1	1	1	0	0	3	2	0	2	0	74
42	24	26	28	3	2	2	3	2	0	0	2	1	1	2	0	75
38	15	31	36	4	1	2	3	2	0	0	2	0	1	2	1	99
21	40	34	25	2	3	2	3	1	1	1	1	0	2	1	1	49
29	16	35	40	1	4	1	4	1	0	2	1	1	0	1	2	20
29	17	53	21	1	3	4	2	1	1	2	0	1	0	2	1	82
18	43	43	16	3	2	3	2	0	3	1	0	1	0	3	0	84
30	20	22	48	1	3	2	4	2	1	0	1	0	0	1	3	48
54	28	19	19	2	1	3	4	3	0	0	1	1	2	1	0	91
13	36	24	47	2	1	3	4	0	1	0	3	0	1	2	1	2
43	22	46	9	2	2	4	2	2	1	1	0	1	0	3	0	96
19	37	23	41	3	2	2	3	0	1	1	2	1	1	1	1	75
22	13	55	30	2	3	2	3	1	0	3	0	0	0	2	2	91
40	42	7	31	2	1	4	3	1	2	0	1	2	1	0	1	44
13	34	46	27	3	1	1	5	1	2	0	1	0	0	3	1	50
18	32	42	28	4	1	1	4	0	1	2	1	1	1	1	1	53
34	15	42	29	4	2	2	2	1	0	2	1	1	1	1	1	83
37	9	41	33	3	2	4	1	1	0	1	2	2	0	2	0	77
28	31	29	32	3	2	3	2	0	1	1	2	2	1	1	0	50
34	18	31	37	1	4	4	1	2	0	2	0	0	1	0	3	89
23	28	30	39	5	2	2	1	1	0	2	1	1	2	0	1	55
10	53	37	20	4	1	2	3	0	2	2	0	0	2	1	1	79
35	15	50	20	2	1	1	6	1	1	1	1	1	0	3	0	57
12	35	36	37	2	2	3	3	0	0	1	3	0	2	2	0	52
50	22	36	12	1	2	5	2	2	1	1	0	2	0	2	0	105
30	26	38	26	4	2	2	2	0	1	2	1	2	0	1	1	68
27	51	31	11	3	3	1	3	2	2	0	0	0	2	2	0	74
18	39	31	32	2	3	3	2	1	2	0	1	0	1	2	1	38
15	24	49	32	2	3	1	4	1	0	2	1	0	2	1	1	77
40	43	22	15	3	2	1	4	1	2	1	0	2	1	0	1	59
30	42	16	32	2	2	5	1	0	2	1	1	1	2	0	1	49
14	47	32	27	3	1	4	2	0	2	2	0	0	1	1	2	107
37	37	27	19	2	3	2	3	2	1	0	1	1	2	1	0	59
40	22	29	29	3	1	2	4	2	1	0	1	1	0	2	1	62
51	30	18	21	3	1	3	3	2	0	1	1	2	2	0	0	96
25	52	38	5	2	3	2	3	0	2	2	0	1	2	1	0	80
19	46	17	38	1	3	4	2	0	2	1	1	1	2	0	1	46
36	45	11	28	3	3	3	1	1	1	0	2	1	3	0	0	63
53	22	9	36	1	4	3	2	2	0	0	2	2	1	0	1	39
27	46	20	27	3	2	2	3	1	2	1	0	1	1	0	2	69
48	18	21	33	3	2	4	1	1	1	1	1	3	0	0	1	104
26	35	28	31	0	4	3	3	0	2	1	1	2	0	1	1	46
27	37	38	18	1	4	2	3	0	2	1	1	1	1	2	0	28
62	20	30	8	3	3	2	2	2	0	2	0	3	1	0	0	91
60	17	29	14	4	1	3	2	3	0	1	0	2	1	1	0	104
43	19	35	23	2	1	2	5	3	0	0	1	1	1	2	0	52
46	22	40	12	1	5	2	2	2	1	1	0	1	0	2	1	45
11	53	34	22	2	2	3	3	0	2	1	1	0	2	2	0	38
20	36	51	13	2	2	3	3	1	2	1	0	0	1	3	0	42
22	28	40	30	2	3	2	3	1	1	1	1	0	1	2	1	29
31	26	39	24	3	4	2	1	2	0	1	1	0	2	1	1	59
34	23	44	19	3	2	5	0	2	0	2	0	0	1	2	1	116
38	27	9	46	3	2	3	2	1	1	0	2	2	1	0	1	49
32	39	36	13	1	5	3	1	0	2	1	1	2	1	1	0	20
31	36	26	27	3	0	4	3	1	1	0	2	1	1	2	0	51
26	24	40	30	3	2	2	3	1	1	2	0	0	1	1	2	74
38	11	23	48	3	2	3	2	2	0	0	2	1	0	1	2	59
28	24	33	35	4	3	2	1	0	2	0	2	1	0	3	0	33
24	27	19	50	0	2	4	4	0	2	0	2	1	0	1	2	40
43	37	33	7	4	3	1	2	2	1	1	0	0	2	2	0	69
43	31	13	33	4	2	2	2	2	1	0	1	1	1	0	2	88
19	57	13	31	1	3	3	3	0	3	0	1	1	1	1	1	56
46	21	30	23	3	1	3	3	2	0	2	0	2	1	0	1	85
29	28	31	32	2	1	3	4	2	1	0	1	0	1	2	1	53
30	26	32	32	0	2	7	1	1	1	1	1	1	1	1	1	102
30	26	31	33	1	4	2	3	0	2	1	1	2	0	1	1	26
40	15	23	42	2	1	5	2	2	0	0	2	1	1	1	1	87
20	34	19	47	2	3	1	4	0	1	0	3	1	1	1	1	32
44	37	19	20	3	1	1	5	2	1	1	0	2	1	0	1	83
16	37	36	31	3	3	2	2	1	0	1	2	0	3	1	0	32
19	31	42	28	4	1	4	1	0	1	2	1	1	1	2	0	82
32	27	58	3	4	1	3	2	2	0	2	0	0	1	3	0	120
32	35	33	20	2	3	4	1	1	1	1	1	1	2	1	0	40
36	19	31	34	3	3	2	2	2	0	1	1	1	1	1	1	82
46	26	13	35	2	4	3	1	0	2	0	2	4	0	0	0	39
28	13	46	33	3	4	2	1	2	0	1	1	0	0	3	1	67
33	17	38	32	2	1	3	4	1	0	1	2	1	1	2	0	57
29	31	16	44	1	1	4	4	1	2	0	1	1	0	1	2	25
54	31	30	5	5	1	2	2	1	2	1	0	3	0	1	0	102
42	23	25	30	2	3	1	4	1	0	1	2	2	1	1	0	63
24	44	19	33	2	3	3	2	0	2	1	1	2	1	0	1	43
39	44	21	16	1	3	2	4	1	2	1	0	1	1	1	1	34
17	25	44	34	2	0	6	2	1	0	2	1	0	1	2	1	90
31	38	21	30	0	6	1	3	1	1	0	2	1	2	1	0	0
31	34	30	25	2	2	4	2	1	1	2	0	0	2	0	2	82
24	23	31	42	3	2	2	3	0	1	1	2	1	1	1	1	50
32	16	41	31	1	2	3	4	1	0	1	2	0	1	3	0	67
35	26	25	34	3	1	2	4	0	2	1	1	2	0	1	1	54
38	32	38	12	2	2	3	3	2	0	2	0	1	2	1	0	92
24	45	11	40	1	2	3	4	1	1	1	1	0	2	0	2	33
27	25	26	42	1	2	2	5	1	1	0	2	1	1	1	1	18
49	22	31	18	3	4	2	1	2	0	1	1	2	1	1	0	67
50	12	33	25	3	5	1	1	3	0	0	1	1	0	2	1	75
43	28	29	20	2	5	1	2	1	1	1	1	2	1	1	0	55
40	16	34	30	3	3	1	3	2	0	2	0	1	0	0	3	95
31	36	22	31	5	1	2	2	1	1	1	1	1	2	0	1	70
16	38	34	32	2	1	3	4	0	1	2	1	1	2	0	1	36
31	31	9	49	4	1	2	3	1	1	0	2	1	1	0	2	73
39	33	20	28	4	1	3	2	2	0	1	1	1	2	0	1	60
25	26	34	35	1	4	3	2	1	0	1	2	0	1	2	1	45
24	46	32	18	4	3	1	2	0	3	1	0	1	1	1	1	32
28	41	42	9	2	3	3	2	0	2	2	0	2	1	1	0	78
44	40	19	17	0	5	3	2	2	2	0	0	1	1	1	1	70
29	21	39	31	1	3	2	4	1	1	1	1	1	0	1	2	42
20	41	21	38	1	4	5	0	0	2	1	1	1	1	0	2	40
18	24	35	43	5	1	1	3	1	1	1	1	0	0	2	2	61
40	41	12	27	3	1	2	4	2	1	0	1	1	2	0	1	78
37	17	41	25	4	3	1	2	1	0	2	1	2	1	1	0	87
25	25	24	46	1	4	2	3	1	1	0	2	0	1	2	1	43
30	23	41	26	5	2	1	2	1	1	1	1	1	0	2	1	89
39	50	12	19	3	2	2	3	2	2	0	0	1	2	0	1	46
27	8	39	46	1	2	5	2	1	0	2	1	0	0	1	3	76
14	28	42	36	6	1	2	1	0	1	1	2	0	1	2	1	48
41	15	49	15	2	3	2	3	1	0	2	1	2	0	2	0	97
18	46	28	28	4	2	2	2	0	2	0	2	1	1	2	0	13
18	42	30	30	1	4	4	1	1	2	0	1	0	2	1	1	38
14	49	34	23	3	4	1	2	0	2	1	1	1	2	1	0	33
18	32	17	53	1	4	3	2	1	1	0	2	0	1	1	2	18
45	24	14	37	4	2	2	2	2	1	0	1	1	1	0	2	52
24	52	30	14	3	2	1	4	1	2	1	0	0	2	1	1	64
21	44	31	24	3	2	4	1	1	1	1	1	0	3	1	0	69
40	8	38	34	2	1	6	1	1	0	2	1	2	0	1	1	102
23	36	32	29	2	3	4	1	0	3	1	0	1	0	1	2	52
16	47	42	15	2	2	4	2	0	2	2	0	1	1	1	1	78
18	42	28	32	5	3	2	0	1	1	1	1	0	2	1	1	42
38	23	34	25	5	1	0	4	1	1	1	1	2	0	2	0	72
28	25	37	30	3	4	2	1	1	1	1	1	1	0	2	1	43
31	23	44	22	5	2	1	2	1	1	2	0	1	1	1	1	102
30	34	21	35	3	3	2	2	2	0	0	2	0	3	1	0	54
32	36	23	29	1	3	5	1	1	2	0	1	1	1	1	1	50
39	27	40	14	3	0	3	4	1	2	1	0	2	0	2	0	81
39	30	30	21	1	4	1	4	1	2	0	1	2	0	2	0	37
49	32	20	19	4	4	2	0	2	1	0	1	2	1	1	0	74
43	17	19	41	3	1	3	3	1	0	0	3	2	1	1	0	52
37	34	39	10	2	3	3	2	1	2	1	0	2	0	2	0	78
28	28	32	32	4	3	1	2	1	0	2	1	1	2	0	1	68
19	26	63	12	4	3	2	1	0	1	3	0	1	0	2	1	109
28	38	25	29	3	2	4	1	1	3	0	0	1	0	1	2	74
20	40	22	38	2	4	0	4	0	2	0	2	1	1	1	1	24
33	20	23	44	2	3	3	2	1	1	0	2	1	0	1	2	38
68	12	31	9	4	1	3	2	3	0	1	0	3	0	1	0	120
43	10	33	34	5	2	2	1	2	0	1	1	1	0	1	2	101
30	23	21	46	1	4	3	2	1	0	1	2	0	1	1	2	64
28	39	19	34	2	4	1	3	1	2	1	0	1	0	0	3	45
30	29	14	47	2	2	3	3	1	2	0	1	1	0	1	2	46
29	21	51	19	5	3	0	2	2	0	1	1	0	1	3	0	80
13	30	31	46	1	3	2	4	0	1	1	2	0	1	1	2	10
42	28	16	34	2	3	3	2	2	1	0	1	1	1	1	1	47
24	34	37	25	3	2	1	4	1	1	1	1	1	2	1	0	52
26	18	38	38	3	4	0	3	1	0	1	2	0	1	2	1	31
18	39	11	52	3	3	2	2	0	1	0	3	1	2	0	1	14
36	24	19	41	3	1	3	3	2	0	0	2	1	1	1	1	44
22	20	59	19	2	1	4	3	0	0	4	0	1	1	1	1	56
24	29	31	36	2	3	3	2	2	0	1	1	0	2	0	2	51
38	24	30	28	2	3	2	3	3	0	0	1	0	2	1	1	61
29	30	29	32	4	1	3	2	1	0	1	2	1	2	1	0	65
28	24	33	35	4	3	2	1	1	1	0	2	1	1	2	0	60
38	27	34	21	3	2	2	3	1	1	1	1	2	1	1	0	53
38	25	42	15	6	2	1	1	2	0	2	0	1	1	1	1	120
36	30	21	33	0	5	2	3	2	1	0	1	1	1	1	1	58
14	43	19	44	3	3	2	2	0	3	0	1	1	0	1	2	35
13	29	51	27	2	2	4	2	0	1	3	0	0	1	1	2	61
34	12	25	49	3	3	2	2	1	0	1	2	1	0	1	2	26
43	36	8	33	4	2	3	1	1	2	0	1	2	1	0	1	48
39	47	11	23	1	5	2	2	2	1	0	1	1	2	0	1	45
41	20	32	27	3	1	2	4	1	0	2	1	2	1	0	1	54
17	62	9	32	4	2	3	1	0	3	0	1	1	2	0	1	32
22	46	29	23	3	2	2	3	1	1	1	1	0	3	1	0	71
30	31	29	30	3	3	1	3	2	2	0	0	0	0	2	2	78
41	20	13	46	2	2	3	3	1	1	0	2	2	0	0	2	49
12	28	30	50	4	3	2	1	0	0	1	3	0	2	1	1	65
41	32	28	19	0	3	3	4	1	1	1	1	2	1	1	0	46
30	7	37	46	4	1	4	1	1	0	2	1	1	0	1	2	95
36	11	40	33	4	2	2	2	1	0	2	1	2	0	1	1	86
38	27	45	10	1	3	2	4	2	1	1	0	0	1	2	1	47
33	28	26	33	2	1	6	1	0	1	1	2	3	0	1	0	63
29	35	24	32	2	3	3	2	2	1	0	1	0	2	1	1	65
34	32	25	29	4	1	4	1	1	1	2	0	1	1	0	2	94
21	49	24	26	3	3	1	3	1	3	0	0	0	1	1	2	47
49	20	27	24	4	2	2	2	1	1	1	1	3	0	1	0	53
38	18	41	23	4	0	3	3	2	0	1	1	1	1	2	0	82
16	28	22	54	2	5	3	0	0	1	0	3	1	1	1	1	19
8	44	39	29	1	4	2	3	0	1	2	1	0	2	1	1	28
46	21	38	15	2	2	3	3	1	0	2	1	2	1	1	0	86
38	29	31	22	3	1	2	4	3	0	1	0	0	2	1	1	90
57	20	26	17	4	1	3	2	3	0	1	0	2	1	0	1	110
26	18	51	25	3	2	1	4	0	1	3	0	1	0	1	2	60
32	12	29	47	3	2	3	2	1	0	2	1	1	0	0	3	87
36	60	16	8	3	4	1	2	0	3	1	0	2	2	0	0	55
33	30	8	49	3	3	1	3	1	0	0	3	1	2	0	1	28
22	20	20	58	3	2	4	1	0	0	0	4	1	1	1	1	43
22	31	18	49	2	2	1	5	0	1	0	3	1	1	1	1	11
28	22	32	38	2	3	1	4	2	0	2	0	0	2	0	2	76
25	40	21	34	2	2	1	5	1	1	1	1	1	2	0	1	28
17	39	19	45	4	1	2	3	1	2	0	1	0	1	1	2	48
18	28	36	38	3	4	2	1	0	0	2	2	1	1	1	1	34
14	40	33	33	3	2	2	3	0	1	2	1	0	2	0	2	65
13	44	14	49	3	4	3	0	1	2	0	1	0	1	1	2	13
24	38	40	18	4	4	0	2	0	3	1	0	1	0	2	1	57
23	24	32	41	2	3	5	0	0	1	1	2	1	1	1	1	69
16	23	52	29	2	3	3	2	0	1	1	2	1	0	3	0	45
40	22	28	30	4	2	3	1	2	0	0	2	1	1	2	0	77
24	28	48	20	4	2	2	2	1	1	2	0	0	1	2	1	91
46	41	14	19	5	1	4	0	1	3	0	0	3	0	0	1	90
30	21	42	27	2	3	3	2	2	1	1	0	0	0	2	2	95
20	13	29	58	3	2	3	2	0	0	2	2	1	0	0	3	69
23	47	30	20	1	3	3	3	1	1	1	1	0	3	1	0	50
34	37	17	32	3	3	1	3	1	1	0	2	1	2	1	0	40
27	22	28	43	2	1	4	3	1	0	2	1	1	1	0	2	84
41	29	29	21	4	3	1	2	1	0	2	1	2	2	0	0	93
31	35	21	33	4	1	1	4	1	0	1	2	2	2	0	0	37
28	31	29	32	3	3	4	0	1	2	0	1	1	0	2	1	86
25	18	35	42	2	4	1	3	1	0	1	2	1	1	1	1	34
15	30	34	41	1	4	3	2	0	0	1	3	1	2	1	0	53
32	38	30	20	2	1	3	4	0	3	0	1	2	0	2	0	48
30	29	36	25	2	2	3	3	1	0	2	1	1	2	0	1	110
40	26	24	30	1	3	4	2	2	1	1	0	0	1	1	2	69
47	18	17	38	3	3	3	1	2	0	1	1	1	1	0	2	67
18	41	36	25	3	2	2	3	1	2	0	1	0	1	3	0	60
33	38	32	17	1	0	6	3	2	1	1	0	0	2	1	1	101
12	48	28	32	2	2	5	1	0	2	1	1	0	2	1	1	49
23	30	25	42	2	3	3	2	0	1	1	2	1	1	1	1	56
50	30	29	11	3	4	3	0	1	2	1	0	3	0	1	0	61
46	35	15	24	4	2	3	1	2	1	0	1	2	2	0	0	92
19	58	22	21	0	2	3	5	0	3	0	1	1	2	1	0	32
10	45	14	51	3	2	3	2	0	2	0	2	1	1	0	2	21
22	50	21	27	2	2	4	2	1	2	1	0	0	2	0	2	39
24	37	28	31	4	3	1	2	1	1	1	1	0	2	1	1	30
21	37	38	24	3	3	2	2	1	2	0	1	0	1	2	1	40
33	39	11	37	1	4	2	3	2	1	0	1	0	2	0	2	29
29	46	23	22	3	2	1	4	0	2	1	1	2	2	0	0	53
25	39	27	29	3	2	3	2	0	1	1	2	1	2	1	0	46
8	20	52	40	2	1	4	3	0	0	3	1	0	1	1	2	68
17	26	32	45	4	4	0	2	0	1	0	3	1	1	2	0	53
38	40	32	10	2	2	5	1	2	1	1	0	1	2	1	0	88
15	45	30	30	2	3	2	3	0	3	0	1	0	1	2	1	39
20	35	27	38	3	0	4	3	1	1	1	1	0	2	0	2	56
43	27	33	17	3	1	3	3	1	1	2	0	2	1	0	1	87
17	59	16	28	3	4	2	1	1	2	1	0	0	3	0	1	34
37	12	40	31	2	4	4	0	0	0	3	1	3	0	0	1	72
8	38	58	16	4	2	3	1	0	1	3	0	0	1	2	1	79
51	16	36	17	3	4	2	1	3	0	0	1	1	1	2	0	87
23	18	58	21	4	3	3	0	0	0	3	1	1	0	2	1	101
49	25	29	17	4	3	3	0	1	1	2	0	3	0	0	1	96
15	28	44	33	2	4	1	3	0	1	1	2	0	1	3	0	17
18	18	42	42	4	2	3	1	0	1	1	2	1	0	2	1	68
27	46	18	29	3	1	0	6	1	2	0	1	1	1	1	1	19
33	32	25	30	3	1	4	2	1	2	1	0	1	1	0	2	73
18	44	28	30	2	0	6	2	0	2	1	1	1	1	1	1	63
23	39	20	38	2	2	3	3	0	2	1	1	1	1	0	2	16
39	38	17	26	3	3	2	2	2	1	0	1	1	2	0	1	57
4	34	40	42	4	3	0	3	0	1	0	3	0	1	3	0	16
25	33	26	36	2	3	2	3	0	1	2	1	2	1	0	1	25
32	20	30	38	2	3	2	3	0	1	1	2	2	0	1	1	33
33	31	31	25	3	2	2	3	0	2	0	2	2	0	2	0	60
32	19	19	50	2	2	2	4	1	1	0	2	1	0	1	2	33
19	52	39	10	3	4	1	2	0	2	2	0	1	2	1	0	67
20	37	40	23	3	3	1	3	1	0	2	1	0	3	1	0	73
17	58	19	26	2	1	3	4	0	3	0	1	0	2	1	1	19
23	39	27	31	3	2	4	1	1	2	1	0	0	1	1	2	43
9	47	36	28	4	3	1	2	0	3	1	0	0	1	1	2	46
26	22	29	43	1	4	2	3	2	0	2	0	0	1	0	3	66
27	36	35	22	1	4	3	2	1	2	1	0	1	1	1	1	86
18	42	29	31	4	3	0	3	0	2	1	1	1	1	1	1	30
52	34	6	28	2	4	1	3	2	1	0	1	2	2	0	0	57
45	23	25	27	3	4	2	1	0	1	1	2	3	1	0	0	39
39	25	22	34	1	3	3	3	1	1	0	2	2	0	2	0	23
23	27	41	29	3	3	2	2	1	1	1	1	0	1	2	1	87
48	29	20	23	2	4	4	0	3	0	1	0	1	2	0	1	88
26	36	42	16	1	1	6	2	1	0	3	0	1	3	0	0	104
57	30	22	11	1	3	3	3	2	0	1	1	2	2	0	0	75
35	21	22	42	1	1	1	7	2	0	1	1	1	1	0	2	17
47	10	37	26	4	2	1	3	2	0	1	1	2	0	1	1	103
