Mode: 5 (N=200,HP) #Games: 1000
p0_0	p0_1	p0_2	p0_3	p0_4	p0_5	p0_6	p0_7	p0_8	p0_9	p2_0	p2_1	p2_2	p2_3	p2_4	p2_5	p2_6	p2_7	p2_8	p2_9	trump	first	fp	t_t0	t_t1	t_t2	t_t3	t_t4	t_t5	t_t6	t_t7	t_t8	t_t9
34	13	3	18	12	19	4	14	36	33	31	16	11	5	37	1	38	30	22	20	0	0	58	708	0	491	470	443	510	197	190	0	0	
34	13	3	18	12	19	4	14	36	33	31	16	11	5	37	1	38	30	22	20	0	0	81	693	0	497	470	443	610	286	185	0	0	
19	11	8	6	0	4	20	18	1	2	25	17	9	36	21	38	33	27	28	22	1	1	66	0	314	196	0	414	295	194	187	0	0	
32	18	29	26	7	21	1	8	6	2	11	16	0	28	9	38	39	23	36	14	3	1	81	318	221	0	0	514	0	291	187	0	0	
2	17	36	24	18	8	14	26	3	13	15	7	4	39	10	31	20	25	11	23	3	2	34	220	0	0	615	503	0	197	0	175	0	
30	4	11	3	15	20	17	39	31	12	23	35	34	32	0	6	14	25	13	37	2	3	19	221	0	0	0	0	0	280	274	174	0	
7	39	24	26	35	13	18	30	27	38	25	5	37	23	9	8	2	22	0	6	0	2	74	0	967	409	713	599	459	359	265	0	0	
25	29	15	20	23	9	14	2	28	31	6	33	39	27	13	1	34	5	22	18	0	0	104	1120	211	0	189	0	448	292	193	178	0	
18	16	20	28	38	22	23	26	15	7	4	34	39	24	33	2	35	11	9	5	0	3	86	327	212	0	629	0	400	282	174	0	0	
14	26	17	8	39	9	29	1	16	24	5	30	18	22	11	34	23	27	6	20	1	1	60	319	212	0	660	177	0	361	260	178	0	
20	13	4	8	37	18	24	23	30	6	0	2	11	9	36	19	1	32	16	31	2	0	55	972	212	0	0	601	478	0	184	0	0	
2	38	25	32	22	13	35	26	4	19	30	16	9	6	3	33	37	11	5	24	1	2	55	217	0	345	236	0	477	374	271	172	0	
7	28	10	23	26	0	38	27	14	6	39	9	12	33	29	20	3	19	25	15	0	1	89	320	214	0	699	316	206	194	262	173	0	
20	3	25	22	23	15	28	30	1	11	36	0	4	16	9	39	17	6	12	14	3	3	32	446	383	254	0	220	0	365	0	176	0	
31	38	33	26	25	22	30	23	1	16	14	15	4	28	2	20	0	11	34	6	3	2	51	337	0	667	510	417	302	291	185	0	0	
34	5	22	6	3	36	35	31	9	13	29	17	27	23	39	33	25	24	14	10	1	0	30	1100	377	255	0	587	0	366	268	172	0	
10	31	15	2	12	30	3	32	18	6	28	24	25	23	19	17	26	0	35	34	2	3	69	446	371	0	0	510	386	0	0	172	0	
17	3	36	6	39	31	2	23	30	25	0	10	37	14	13	35	24	5	29	12	1	1	65	0	725	582	0	388	0	273	184	167	0	
6	25	7	28	1	13	15	20	17	19	2	23	12	14	38	35	22	29	8	37	0	0	31	1099	323	200	322	309	205	365	270	175	0	
25	6	5	1	2	12	8	22	34	7	15	11	16	21	17	10	0	20	33	39	1	2	34	217	0	757	442	326	0	0	182	169	0	
23	22	33	39	16	6	13	1	35	10	24	37	8	2	21	5	15	31	7	19	2	3	18	0	0	287	185	0	291	196	0	168	0	
35	25	14	22	5	23	9	18	12	16	37	26	2	38	34	31	21	28	3	8	3	1	47	0	869	214	0	576	380	0	261	166	0	
13	27	7	4	16	14	19	20	1	5	2	39	17	3	33	28	30	38	32	15	3	0	98	1008	209	841	715	578	206	0	187	0	0	
30	3	7	22	35	9	19	4	31	34	38	12	13	16	29	27	11	21	1	26	2	2	61	0	725	749	716	0	490	0	280	167	0	
16	39	14	21	18	17	27	30	38	35	9	0	5	7	24	29	33	26	32	23	1	1	65	488	362	856	712	594	213	0	0	176	0	
27	29	26	39	38	4	32	34	12	3	9	35	6	22	20	2	36	25	18	11	0	3	77	0	844	827	0	569	0	374	273	172	0	
32	14	5	21	8	37	28	19	15	35	36	23	27	0	7	12	2	31	18	25	3	2	41	315	207	295	191	0	212	0	267	0	0	
14	6	39	22	17	0	31	3	9	10	4	5	30	21	33	23	24	1	20	19	0	0	68	1065	359	339	232	0	491	375	273	0	0	
24	4	6	19	28	27	3	20	5	21	12	39	26	29	23	14	36	1	18	16	1	3	91	452	373	257	343	225	492	370	0	183	0	
37	4	13	22	12	38	36	31	29	20	11	28	32	2	1	17	9	6	24	5	3	1	23	431	319	253	0	490	0	269	0	166	0	
15	30	38	7	12	22	11	3	24	8	33	10	14	6	39	32	19	2	34	27	2	2	26	214	199	0	599	216	0	203	0	0	0	
28	8	20	16	1	33	7	22	21	9	12	2	24	3	26	36	32	27	6	14	3	0	23	899	413	313	240	0	298	0	198	0	0	
19	3	24	13	12	14	15	1	16	0	37	33	38	31	21	25	30	10	8	5	1	1	90	0	607	610	488	218	0	365	270	0	0	
4	16	17	37	3	14	7	0	18	6	31	34	11	9	30	8	1	23	35	20	3	3	71	427	314	250	0	511	380	279	262	171	0	
37	32	15	6	0	11	10	16	13	30	9	12	38	31	18	7	19	33	36	17	2	2	18	330	208	0	430	509	378	276	187	176	0	
11	21	24	25	8	9	17	15	10	28	20	7	31	14	0	32	12	34	13	22	1	0	63	992	315	731	591	547	0	327	0	173	0	
6	38	15	23	37	34	25	1	28	3	19	39	32	31	2	20	35	17	9	26	1	3	71	325	212	300	196	0	0	370	0	174	0	
19	13	30	22	35	10	15	3	17	8	12	34	32	16	11	0	4	6	33	36	1	1	79	0	262	0	517	591	483	0	264	177	0	
15	16	35	24	6	0	18	9	32	21	10	33	8	25	12	17	29	28	19	34	3	0	69	1108	0	201	0	553	470	367	0	169	0	
19	13	12	34	37	25	23	17	22	7	24	10	39	36	18	15	3	20	5	30	0	2	26	220	0	207	0	479	0	367	259	175	0	
20	22	39	1	16	13	34	2	26	6	11	24	25	28	21	31	27	30	10	3	2	1	62	218	0	730	329	0	402	0	190	0	0	
7	1	29	14	33	36	24	32	11	9	35	5	34	30	16	27	8	23	20	3	3	3	46	328	217	0	236	227	0	198	0	165	0	
2	29	23	10	38	36	39	26	21	18	9	16	13	22	4	25	20	14	3	1	1	2	72	0	921	813	329	224	0	364	258	0	0	
20	18	33	32	23	17	28	25	12	8	16	15	3	4	6	2	22	31	11	26	3	0	19	954	0	838	714	312	282	198	254	176	0	
9	16	34	21	39	18	0	24	5	6	19	14	23	30	1	28	4	7	37	22	1	3	67	216	0	196	0	180	0	327	263	169	0	
30	15	21	0	36	19	7	17	20	24	34	33	12	39	6	14	25	35	1	22	3	1	57	220	209	0	571	182	376	0	179	164	0	
8	5	31	23	21	3	37	15	11	12	1	35	9	24	13	36	19	2	16	39	2	0	44	973	0	733	191	0	206	0	0	170	0	
20	26	32	34	15	5	7	25	10	16	2	21	24	36	0	9	12	33	22	28	2	2	56	312	217	0	723	224	467	0	262	177	0	
15	29	34	25	33	11	14	7	22	30	6	24	31	23	28	19	12	38	13	21	1	1	40	0	855	206	640	513	0	288	191	0	0	
5	6	1	9	39	21	15	12	0	26	13	37	38	20	10	29	25	31	24	27	1	2	69	212	0	730	418	391	0	370	0	178	0	
25	8	3	9	37	26	20	6	2	4	32	7	28	12	17	14	10	21	39	16	3	3	22	0	762	746	617	500	0	282	266	174	0	
20	33	31	35	9	30	25	23	5	18	19	13	29	15	37	14	6	0	22	21	1	3	74	0	835	0	549	269	171	190	182	176	0	
3	5	32	29	11	4	16	14	27	34	36	7	24	38	0	17	9	28	15	22	0	0	77	975	0	702	237	232	0	0	192	176	0	
10	28	36	31	20	12	32	4	39	11	8	0	14	13	29	6	18	27	30	19	3	0	72	740	205	0	481	224	0	199	0	0	0	
20	13	18	30	7	33	26	21	38	23	6	15	32	37	17	16	9	22	3	31	2	1	40	212	0	685	595	481	0	289	189	173	0	
4	19	6	8	27	37	24	30	0	36	5	13	31	7	16	21	33	25	29	23	0	1	66	474	371	0	730	0	200	0	251	164	0	
35	22	11	1	14	32	31	18	27	21	0	16	23	39	34	37	8	4	10	33	1	2	21	218	0	714	598	212	0	269	0	0	0	
3	5	19	14	23	25	4	35	6	38	37	9	12	17	21	26	27	13	11	24	3	3	40	333	214	0	197	0	489	0	268	180	0	
21	6	28	24	29	39	3	17	26	23	36	37	9	38	10	1	27	8	15	22	3	2	72	0	850	456	229	0	395	282	188	175	0	
13	24	28	35	25	36	6	31	21	9	14	12	38	23	39	4	5	19	20	33	1	3	73	0	949	0	687	189	0	370	264	181	0	
17	4	27	16	8	34	38	7	32	1	2	39	11	21	29	20	0	18	9	10	1	0	79	1076	202	0	726	0	0	376	280	175	0	
21	8	0	15	24	39	3	11	10	32	12	5	6	34	26	13	37	18	27	35	0	0	42	1002	0	297	190	183	0	0	194	0	0	
8	24	23	17	9	7	11	39	28	31	37	27	36	3	18	32	4	25	26	20	0	1	109	308	206	0	625	0	384	198	0	176	0	
4	18	15	2	39	30	21	27	24	3	7	23	19	28	34	5	0	13	37	17	0	2	71	0	0	192	0	546	180	162	0	154	0	
10	39	5	15	13	19	20	16	12	28	17	21	25	31	38	22	2	32	18	36	1	1	79	0	821	436	230	0	466	365	270	176	0	
31	20	36	17	4	5	16	30	11	3	7	18	2	37	34	35	39	33	29	13	0	3	32	0	215	312	201	0	210	0	268	176	0	
4	39	1	36	34	28	18	21	14	6	33	27	17	11	22	10	7	35	26	29	0	2	61	217	0	869	333	222	0	377	0	176	0	
19	27	8	14	4	30	26	23	15	1	37	22	7	29	3	20	34	28	2	21	1	0	30	1068	270	0	344	226	0	380	181	0	0	
32	33	11	5	16	20	18	30	27	4	36	2	10	39	34	25	24	31	21	6	3	1	44	312	210	245	0	214	0	278	0	0	0	
26	27	29	30	11	38	14	31	37	20	17	8	4	9	34	33	19	36	23	35	1	3	90	441	310	346	324	222	0	361	260	179	0	
8	12	9	16	39	34	28	35	13	38	7	29	14	18	5	10	21	24	26	32	3	2	72	224	0	832	284	223	0	365	0	176	0	
0	5	17	21	8	37	27	38	11	26	13	4	25	1	31	20	16	9	39	14	1	3	65	321	212	0	232	0	208	0	256	174	0	
27	29	1	20	10	19	37	35	22	18	21	11	32	17	13	6	14	25	26	9	3	0	30	1102	952	413	300	218	0	370	184	0	0	
2	38	34	31	15	19	3	30	12	20	11	17	22	25	28	24	5	39	26	14	3	0	80	906	345	242	0	0	0	276	186	178	0	
15	31	6	8	19	10	0	16	20	26	28	23	22	1	17	12	4	18	38	3	1	1	44	422	321	249	236	0	0	364	268	173	0	
2	34	27	22	23	25	37	14	3	24	21	13	6	10	17	38	9	32	28	31	0	1	61	0	0	0	521	404	282	192	0	0	0	
31	16	39	4	25	3	8	12	27	18	23	29	19	5	1	37	2	22	14	24	3	2	59	223	206	0	625	480	365	0	251	0	0	
29	0	1	20	24	9	7	12	8	25	19	23	11	4	31	27	3	37	38	13	2	2	94	432	309	0	589	548	425	239	182	0	0	
2	9	1	3	38	20	8	34	18	29	28	14	10	7	27	4	25	33	0	39	2	3	104	0	720	0	523	218	0	201	0	0	0	
5	1	0	14	3	12	10	37	19	21	7	32	34	15	16	24	31	20	33	38	0	3	24	315	0	775	666	0	474	365	264	171	0	
24	14	26	9	20	0	10	22	16	5	36	13	4	7	19	1	32	30	38	2	0	0	90	1056	372	348	235	0	480	380	271	181	0	
7	4	23	20	26	27	5	28	12	15	34	22	8	33	38	10	16	36	17	24	0	0	19	1084	468	353	234	600	476	374	0	171	0	
25	5	38	13	36	28	19	39	7	2	8	18	22	11	1	15	10	12	31	30	2	1	31	206	0	349	234	0	469	360	0	180	0	
9	35	34	22	1	14	16	5	4	15	7	32	26	33	20	24	39	19	11	13	0	1	68	423	315	354	237	0	478	369	0	159	0	
17	16	1	35	9	5	27	22	21	30	37	15	10	4	6	11	12	32	0	36	1	2	55	338	210	194	0	512	0	193	181	0	0	
17	38	4	19	3	31	18	1	6	32	16	39	5	8	29	36	23	7	13	12	1	2	91	326	212	0	532	0	380	271	175	0	0	
29	36	2	6	5	9	37	31	21	33	39	0	23	14	38	25	3	16	8	17	3	3	97	436	302	374	324	215	200	0	256	174	0	
28	19	3	21	4	12	36	31	1	39	26	29	9	14	20	16	2	23	38	37	2	3	103	207	0	702	187	0	443	195	0	167	0	
15	7	19	0	38	23	37	5	29	39	1	26	8	13	24	32	11	33	18	22	3	0	95	1076	202	0	709	0	202	0	260	172	0	
30	16	11	10	4	22	3	1	21	38	34	26	32	9	31	5	2	15	18	25	3	1	52	206	0	485	0	182	173	272	185	0	0	
18	30	13	12	25	38	35	39	32	29	0	14	15	5	11	9	26	23	17	36	2	0	44	953	849	729	580	0	479	369	0	164	0	
16	22	31	18	12	14	6	25	2	3	7	30	20	21	35	38	32	29	28	26	3	2	91	0	812	777	0	215	0	364	260	172	0	
18	4	27	32	39	30	5	15	7	36	3	19	24	8	26	21	11	22	31	2	1	1	31	0	934	815	439	316	207	0	0	175	0	
31	15	18	34	8	7	20	32	35	39	5	25	4	6	1	36	33	28	14	17	0	2	48	427	310	236	0	594	209	0	261	172	0	
16	3	18	13	10	17	6	22	34	5	28	26	4	24	12	39	36	7	9	23	2	3	76	561	0	793	0	589	470	364	0	168	0	
27	31	12	2	35	16	21	0	15	13	38	8	24	34	37	32	39	28	30	19	3	3	75	223	0	739	327	216	0	371	0	176	0	
5	22	23	26	19	0	11	38	7	3	8	13	15	17	34	14	32	36	1	4	0	0	83	1000	879	245	0	404	479	0	271	166	0	
37	31	24	6	32	14	16	18	19	28	38	1	39	3	0	5	29	20	17	10	2	0	51	1003	0	0	635	0	459	347	264	171	0	
9	13	27	18	29	19	28	31	20	34	39	30	14	21	36	23	26	3	24	37	0	1	39	0	978	211	0	602	481	381	0	175	0	
36	15	8	32	33	31	22	29	5	35	37	13	27	14	24	6	17	26	12	19	3	1	71	321	0	200	0	513	386	287	0	171	0	
25	4	16	2	21	34	32	19	14	27	30	20	12	15	0	26	3	24	36	18	3	2	8	335	212	204	0	273	180	163	0	150	0	
32	9	0	18	25	15	35	20	5	7	8	16	22	4	3	24	23	27	36	30	2	2	53	213	0	204	193	0	462	356	258	170	0	
19	12	23	34	29	31	30	21	32	6	2	3	0	8	1	10	17	4	33	18	0	3	86	225	0	667	228	215	0	367	189	175	0	
39	27	16	9	36	38	30	4	3	25	5	17	24	19	7	2	32	12	11	33	0	3	80	441	324	208	235	0	216	0	270	173	0	
9	26	22	6	5	27	3	23	0	38	12	11	25	36	8	4	7	17	19	34	1	0	71	994	846	203	614	0	386	282	270	172	0	
28	18	21	9	27	15	6	10	8	24	14	34	0	17	31	26	37	35	1	33	3	0	27	1089	935	811	386	548	462	354	262	171	0	
21	2	18	8	10	34	9	19	32	7	25	35	26	28	27	39	24	0	29	37	2	1	94	370	0	855	720	580	465	0	267	165	0	
1	26	7	4	6	0	17	12	28	32	36	5	18	38	29	21	22	2	33	24	0	1	79	426	212	0	735	219	467	368	0	178	0	
10	5	16	25	8	14	20	7	4	2	17	21	0	13	11	39	38	22	1	34	1	2	49	326	210	807	0	576	461	356	263	163	0	
1	8	33	38	2	0	15	7	19	32	23	6	12	17	20	25	27	28	13	34	1	2	26	212	321	205	236	499	392	290	272	163	0	
8	13	39	25	6	35	23	19	14	15	4	26	28	21	29	36	32	37	30	20	0	3	16	210	0	760	347	575	200	0	0	172	0	
16	34	22	25	11	12	28	20	23	31	33	27	2	19	1	5	8	35	14	29	3	3	33	443	362	251	644	516	491	0	183	169	0	
1	9	36	12	11	6	35	15	28	38	5	23	25	3	29	14	39	33	26	24	2	0	106	991	209	197	286	229	0	366	0	172	0	
2	13	35	8	30	9	26	27	16	34	24	36	20	1	5	23	33	39	38	14	2	0	84	1083	217	237	0	309	210	0	178	0	0	
27	4	5	11	34	15	2	38	36	0	24	9	14	35	7	1	19	32	17	23	2	1	32	323	214	0	675	270	438	364	267	0	0	
21	38	19	33	29	31	39	36	5	16	3	10	4	2	6	0	37	27	13	12	2	1	15	211	209	0	695	593	465	364	264	166	0	
31	6	29	26	12	11	33	9	36	34	32	28	21	10	23	19	7	13	20	37	1	2	74	220	0	614	190	190	0	200	0	0	0	
3	33	5	15	30	22	32	38	13	37	21	16	29	39	36	35	24	25	0	12	1	2	49	212	0	0	614	514	297	281	0	0	0	
27	15	28	7	13	39	37	24	32	8	34	23	36	2	3	9	35	14	10	4	3	3	42	324	211	0	230	0	464	273	180	0	0	
7	31	22	24	19	6	39	8	4	28	36	38	25	15	13	9	12	30	37	21	3	3	87	438	0	812	191	182	0	357	257	167	0	
26	1	2	15	10	27	19	31	37	11	28	21	14	8	7	18	30	4	34	36	0	0	47	884	0	198	0	401	385	0	263	170	0	
21	27	23	18	16	4	10	19	28	30	6	34	11	35	22	38	8	15	24	29	3	0	97	1110	941	0	666	550	486	203	0	177	0	
20	16	3	33	2	5	15	27	38	32	31	25	1	39	24	11	14	21	10	37	2	1	43	266	269	0	226	215	0	198	0	175	0	
14	18	16	5	25	2	9	21	34	12	13	23	36	0	15	31	27	22	8	33	1	1	34	432	324	247	0	567	212	0	266	175	0	
26	31	20	28	35	22	18	36	7	14	21	19	13	24	25	34	38	15	29	16	1	2	103	436	316	0	750	0	458	350	175	0	0	
25	20	17	31	16	8	18	28	12	23	2	36	37	7	29	35	14	15	3	34	2	2	39	439	416	0	666	572	0	0	270	173	0	
28	12	0	13	24	15	29	4	21	11	31	34	32	35	19	30	16	14	5	33	3	3	69	428	255	240	0	226	0	368	259	168	0	
10	35	30	16	14	2	26	19	20	32	17	29	12	0	13	5	9	27	24	7	1	3	25	437	366	241	0	586	0	0	260	164	0	
26	27	37	29	4	3	21	34	7	22	0	1	12	25	19	31	33	24	14	35	3	0	20	889	207	0	595	0	367	267	257	170	0	
26	19	24	12	22	37	33	15	29	21	23	39	13	7	38	30	10	35	36	27	1	0	101	997	844	200	0	506	212	0	261	171	0	
27	10	14	4	37	12	35	21	15	23	24	26	25	33	19	29	34	16	7	18	2	1	60	426	356	255	0	0	207	375	187	170	0	
13	0	26	16	36	1	6	15	38	25	5	30	11	29	14	3	34	17	2	7	2	2	40	319	209	201	0	476	0	193	0	0	0	
39	12	18	38	26	0	36	11	37	27	1	25	21	5	29	24	35	16	19	7	3	1	79	411	306	242	0	505	0	0	178	169	0	
34	21	16	19	27	28	3	29	37	2	38	24	36	32	6	12	14	20	8	13	3	3	60	217	0	199	0	500	299	267	175	0	0	
5	12	29	38	9	17	11	35	13	10	36	24	4	23	25	34	31	32	15	14	2	2	60	220	0	563	429	0	210	189	0	0	0	
0	19	38	37	13	33	3	20	30	27	1	35	32	11	16	15	9	25	28	4	1	0	69	1054	319	201	0	186	0	336	275	176	0	
28	15	16	14	26	20	7	2	13	25	31	8	39	23	5	34	1	35	36	6	3	3	65	426	315	738	622	223	0	268	0	174	0	
39	19	17	0	21	27	16	11	34	33	20	29	1	32	26	38	35	18	25	7	3	1	75	215	211	0	0	568	289	188	0	172	0	
23	15	11	39	8	32	9	12	17	2	10	25	37	3	31	19	4	34	35	27	0	0	86	1003	209	0	0	480	371	187	179	0	0	
36	2	10	37	28	15	18	13	1	8	3	32	12	9	7	17	23	29	39	22	3	1	58	209	0	194	189	0	372	267	270	171	0	
30	27	32	2	38	34	9	3	28	21	16	1	8	26	18	33	35	31	24	0	3	2	87	417	355	737	701	0	483	203	0	174	0	
31	33	10	1	24	28	14	11	22	25	15	6	9	38	3	21	7	0	37	36	1	3	26	216	0	0	571	214	0	0	259	163	0	
15	26	38	31	23	20	22	5	35	29	7	2	34	11	3	25	39	19	28	4	3	2	83	0	839	315	629	506	0	0	184	171	0	
38	37	17	27	29	22	23	24	15	4	2	16	21	5	9	39	13	6	12	0	0	3	63	212	0	195	0	0	297	276	183	0	0	
27	3	10	22	25	16	20	29	18	39	15	6	32	33	23	9	37	7	31	12	1	0	72	1104	412	0	721	312	0	369	0	178	0	
9	34	26	35	36	31	27	21	16	11	32	3	33	22	7	29	5	14	2	39	2	0	67	1109	205	0	680	181	0	354	271	169	0	
2	36	35	38	20	9	30	33	10	32	19	7	23	25	27	11	39	6	14	37	0	1	32	206	0	750	600	0	375	276	253	157	0	
12	0	38	23	15	18	2	5	32	7	13	25	27	34	4	16	31	1	9	3	1	1	22	328	206	0	0	575	200	0	261	171	0	
17	5	30	9	27	10	38	32	0	34	11	6	12	26	39	20	33	24	13	1	2	2	48	0	954	205	0	556	464	194	268	176	0	
8	32	0	27	11	31	39	2	14	22	25	36	21	19	3	20	17	15	6	24	3	2	59	320	210	204	0	190	0	201	267	178	0	
23	32	0	19	28	31	1	27	20	16	10	4	12	37	35	17	8	5	2	14	1	3	89	430	0	0	0	0	477	377	0	175	0	
33	37	18	32	17	23	1	21	35	26	0	38	9	27	7	20	13	34	22	28	0	3	44	325	0	693	626	0	386	193	254	159	0	
1	34	32	2	37	20	8	26	12	6	23	19	27	4	31	17	11	18	35	22	3	0	23	1010	206	0	320	214	0	196	0	0	0	
22	34	19	21	33	23	12	17	26	20	37	35	14	7	38	0	30	9	32	15	1	0	34	641	257	442	326	307	0	198	0	176	0	
19	20	17	29	36	5	22	37	1	31	4	39	8	6	24	30	15	9	7	13	1	1	45	331	322	209	0	229	0	384	0	176	0	
25	15	39	6	22	12	20	29	36	16	4	9	0	28	38	3	14	13	26	35	2	2	79	0	924	394	329	594	471	0	0	172	0	
5	25	38	34	4	0	24	18	26	36	13	39	22	2	29	21	8	20	14	10	0	1	64	0	937	805	692	576	289	199	0	174	0	
17	14	2	0	16	36	18	25	21	6	8	13	24	11	12	35	1	39	32	23	0	3	43	224	0	831	229	0	0	372	269	168	0	
38	29	36	15	20	2	16	5	31	23	9	24	3	22	17	34	13	10	14	33	0	2	31	319	209	0	334	229	212	199	0	173	0	
16	32	29	38	28	33	22	3	19	10	11	0	13	27	14	23	12	18	4	35	2	0	48	981	251	0	619	0	300	200	0	178	0	
32	2	33	27	24	8	29	39	22	1	14	34	12	10	37	18	25	4	21	6	1	3	32	842	710	199	0	460	389	194	0	0	0	
26	17	35	6	19	27	25	36	24	21	23	39	7	32	13	15	12	28	8	9	2	1	95	542	404	0	683	565	474	0	0	176	0	
1	30	36	27	17	19	38	7	25	16	2	34	4	11	0	20	18	6	9	32	0	0	84	1102	214	311	198	186	0	203	0	174	0	
25	0	19	33	20	5	34	9	14	30	27	12	1	16	15	31	17	3	22	29	2	1	44	266	0	768	236	226	0	291	191	0	0	
31	24	39	23	28	0	4	27	17	9	26	21	16	2	34	1	14	32	8	29	0	2	96	224	0	710	304	230	301	197	0	174	0	
25	17	38	20	28	32	7	2	36	27	12	9	15	31	33	13	35	37	16	6	2	2	51	326	213	0	0	561	465	367	280	0	0	
31	20	33	14	36	5	38	11	8	15	35	19	2	21	16	12	7	22	6	0	3	3	26	0	207	0	706	614	302	203	181	0	0	
36	21	0	6	22	39	17	12	18	38	8	27	19	34	9	23	29	30	13	10	0	3	77	329	211	0	225	0	0	0	259	169	0	
2	25	35	1	30	13	8	21	31	24	34	4	9	36	38	26	6	20	14	10	1	0	23	888	718	593	530	0	203	0	0	0	0	
1	33	28	19	17	11	12	32	10	27	36	34	4	18	16	3	7	9	14	8	2	0	70	758	0	546	232	311	200	190	177	0	0	
23	39	12	28	0	34	15	18	9	4	2	35	37	26	8	1	11	5	17	21	2	1	44	213	0	793	324	214	0	346	0	169	0	
13	12	14	1	19	30	31	18	21	35	8	0	28	16	26	39	2	23	9	37	0	2	106	0	654	0	515	410	298	202	0	0	0	
13	20	27	18	38	35	17	34	37	30	29	4	19	28	39	33	23	1	11	36	1	1	109	1075	957	813	190	0	464	276	184	0	0	
19	14	31	7	27	16	26	1	39	20	38	36	23	30	13	10	8	15	9	29	2	2	98	326	214	0	230	0	211	361	185	0	0	
12	24	37	39	34	13	23	4	15	1	17	20	9	22	18	3	27	38	7	19	1	3	74	213	0	0	229	0	297	0	0	174	0	
31	17	12	30	14	32	20	18	15	25	9	23	13	22	28	4	24	7	11	21	0	3	28	0	880	856	720	318	0	357	0	174	0	
0	6	16	31	8	3	30	27	20	2	38	25	4	22	28	7	14	10	33	1	2	0	18	874	0	628	0	0	0	287	182	0	0	
8	34	35	19	37	1	29	20	12	15	16	18	25	10	30	27	3	0	39	26	1	0	86	1091	0	839	197	274	177	0	262	175	0	
26	35	27	1	6	31	38	18	3	5	22	33	34	19	28	21	7	9	25	29	2	1	100	205	0	857	327	319	210	0	265	164	0	
27	7	20	17	14	33	34	4	12	3	2	1	36	13	31	8	6	5	19	30	2	1	0	269	0	653	601	497	378	279	183	0	0	
8	26	4	15	18	9	10	20	2	22	39	35	0	16	19	5	23	25	3	27	1	2	63	431	311	246	742	599	0	0	275	178	0	
32	14	24	36	23	5	10	38	4	28	3	27	8	13	6	33	0	11	12	16	0	2	26	329	222	253	231	0	371	278	182	0	0	
17	13	7	15	9	22	19	28	3	35	27	2	30	23	25	5	10	31	33	4	2	3	44	445	322	245	0	599	480	194	0	164	0	
0	33	2	27	37	28	9	21	6	11	7	31	19	30	16	20	15	39	26	10	0	3	60	427	212	0	697	594	200	0	258	168	0	
38	3	31	36	27	6	19	11	22	15	20	34	9	16	0	33	8	18	12	29	0	0	66	1116	0	206	0	536	204	0	260	166	0	
39	34	20	28	3	19	22	13	8	12	31	26	24	7	27	36	37	5	23	18	3	0	53	992	0	314	193	224	0	283	0	0	0	
26	38	3	5	10	36	19	18	34	14	23	7	1	6	20	24	37	25	11	4	2	1	60	320	215	399	295	0	477	0	268	0	0	
26	4	0	33	34	17	16	11	21	14	12	38	5	3	6	35	13	29	8	10	2	1	11	203	469	343	233	219	0	0	0	166	0	
5	3	35	24	39	28	16	31	12	38	6	1	13	9	36	22	29	37	8	0	3	2	64	223	0	861	324	592	482	0	191	0	0	
38	23	1	4	29	19	26	21	18	17	15	20	13	8	34	7	6	16	25	33	2	2	89	0	964	302	194	0	485	0	263	172	0	
2	5	24	37	14	31	25	12	36	10	8	22	39	28	27	6	35	16	15	30	0	3	17	216	0	192	0	578	473	373	269	179	0	
29	18	5	0	1	2	33	4	16	13	38	8	31	3	25	34	9	32	17	20	3	3	67	0	743	307	335	0	386	283	258	171	0	
9	27	26	39	24	1	4	7	11	32	18	16	22	38	15	37	31	14	21	29	1	0	82	1097	206	0	0	598	213	0	268	175	0	
17	12	18	7	21	32	31	8	27	10	0	24	26	33	1	22	34	38	15	2	0	0	31	970	0	767	335	219	0	0	181	175	0	
27	16	19	33	12	38	0	18	7	22	35	2	26	3	21	32	29	36	14	8	2	1	72	218	0	847	224	0	203	0	263	170	0	
20	37	25	12	3	29	10	7	16	1	2	19	28	0	22	24	11	14	17	38	2	1	84	316	0	305	297	185	0	361	0	170	0	
11	5	39	15	22	36	2	38	10	30	37	28	27	34	6	9	8	16	14	23	0	2	74	211	0	0	0	599	495	373	187	171	0	
31	14	37	2	4	23	8	28	39	11	15	21	19	18	33	34	5	29	13	0	0	2	59	327	212	0	738	314	207	0	262	171	0	
13	3	25	35	20	32	2	36	21	28	31	1	5	16	9	24	15	34	11	10	3	3	17	323	211	0	0	0	402	295	0	0	0	
35	34	18	36	26	32	4	16	12	1	3	27	0	37	30	29	28	38	14	11	0	3	30	429	365	240	0	596	481	369	261	171	0	
21	17	35	18	3	2	16	20	12	5	37	1	33	36	14	38	13	7	23	34	1	0	44	883	0	0	629	416	297	0	0	171	0	
16	9	36	23	38	15	13	14	33	21	10	18	34	27	6	7	1	24	17	26	1	0	44	986	301	243	0	508	208	0	258	170	0	
19	16	26	0	13	28	18	22	1	12	24	15	17	20	3	21	36	37	2	27	1	1	41	406	314	0	0	596	489	0	274	164	0	
38	23	13	9	7	36	22	12	15	0	21	16	26	17	24	25	5	37	18	27	1	2	32	0	0	246	0	0	288	190	0	177	0	
17	1	7	19	21	25	33	12	26	24	37	35	5	23	29	20	6	0	18	10	3	3	29	338	219	0	227	0	0	360	265	170	0	
13	10	25	36	12	19	23	35	16	33	15	0	18	4	2	32	17	5	24	21	1	1	56	437	310	346	321	208	453	365	270	172	0	
27	20	14	38	22	35	34	8	3	33	18	11	0	2	17	12	39	16	1	29	0	2	42	0	832	196	231	317	0	288	0	0	0	
26	18	25	16	28	29	21	17	27	0	22	33	11	7	1	9	36	4	23	8	1	0	41	1082	212	0	606	567	0	353	258	159	0	
8	28	39	6	4	19	0	36	3	14	27	17	35	2	9	15	37	7	33	29	2	3	69	222	0	411	0	554	293	197	0	167	0	
28	26	35	38	9	29	0	16	34	36	15	14	6	10	2	39	8	23	5	25	2	1	107	326	218	0	717	0	207	0	265	171	0	
2	19	9	23	8	1	32	22	4	37	24	21	18	39	30	27	20	0	38	3	2	0	86	892	0	731	339	221	0	282	0	0	0	
17	37	5	30	31	15	0	25	27	29	24	3	12	8	36	35	2	18	21	19	0	2	77	215	0	765	334	227	0	372	279	178	0	
36	35	1	20	37	26	2	8	21	14	19	10	24	17	32	22	11	38	39	13	3	1	30	322	211	0	0	410	388	0	178	0	0	
8	32	10	27	2	36	6	7	21	22	12	29	28	35	24	17	38	3	23	11	1	3	27	450	312	0	621	219	0	283	179	166	0	
36	28	26	4	14	20	10	30	2	16	0	5	33	3	13	24	23	9	27	12	0	2	27	214	309	0	731	592	208	0	181	170	0	
12	11	31	21	27	7	3	37	36	14	8	33	16	20	26	15	30	10	32	23	3	0	35	998	301	195	227	0	201	0	0	169	0	
34	27	17	25	24	4	11	32	30	21	20	12	15	19	2	3	7	39	5	0	2	3	55	327	0	786	702	595	213	0	272	169	0	
10	28	18	19	3	5	14	20	39	22	11	23	6	37	32	4	1	31	7	38	1	1	48	415	316	254	0	609	0	355	0	172	0	
2	18	19	17	23	35	29	15	28	3	26	34	5	25	10	8	30	31	9	38	3	0	80	1000	208	443	347	0	0	283	0	175	0	
16	9	32	1	20	7	19	23	35	3	28	34	13	12	4	31	0	21	8	17	3	2	45	212	0	825	242	218	0	289	191	0	0	
2	38	5	13	20	34	27	14	19	7	15	37	6	9	0	22	35	24	36	10	1	3	41	210	0	329	231	0	204	0	264	0	0	
22	7	2	0	3	24	32	5	10	27	28	31	33	25	34	39	26	21	30	15	2	1	79	0	855	0	642	506	301	198	261	174	0	
11	26	7	13	12	6	36	23	21	24	39	9	32	10	8	17	29	19	25	30	0	2	77	0	0	344	332	0	484	0	262	173	0	
4	30	34	5	32	10	28	17	3	6	21	26	15	33	23	13	25	36	9	31	2	0	39	1012	868	304	188	451	176	0	182	0	0	
1	15	16	22	38	6	4	10	29	14	33	9	7	3	24	27	5	13	36	25	3	3	15	322	208	453	234	0	295	369	0	175	0	
2	34	21	14	28	13	29	11	16	10	35	22	39	5	32	3	24	19	15	9	0	1	79	0	710	612	532	0	299	195	179	166	0	
14	23	16	3	12	18	4	34	38	21	0	39	8	7	15	1	31	5	37	13	2	2	19	427	322	0	0	215	0	195	261	167	0	
11	16	28	26	36	5	39	27	32	25	29	6	22	15	17	34	38	20	10	1	1	0	54	1119	0	874	335	218	0	358	189	0	0	
3	12	24	13	39	16	11	22	6	14	33	2	27	7	23	15	10	32	17	36	3	3	17	226	0	0	403	190	0	162	0	0	0	
26	9	14	1	33	39	11	36	23	24	34	8	20	15	28	29	0	32	38	25	2	1	77	212	0	0	694	214	0	363	0	174	0	
32	5	35	19	17	6	11	28	20	10	31	15	14	29	0	33	24	27	7	13	0	2	69	216	206	0	239	0	397	205	184	174	0	
6	0	17	14	10	13	8	9	36	5	27	25	37	31	35	3	11	20	1	26	1	0	49	1004	0	731	642	522	391	287	179	0	0	
29	37	28	13	4	9	15	38	20	19	32	6	1	23	17	7	36	31	12	18	3	3	73	330	203	0	668	221	0	368	190	0	0	
24	1	31	7	21	16	23	20	34	36	39	13	17	22	4	11	3	37	8	26	2	1	49	0	794	345	237	486	369	268	187	0	0	
9	3	22	33	35	1	13	12	38	5	21	34	20	27	29	6	30	2	11	4	2	0	19	996	211	400	0	0	0	370	267	173	0	
14	18	38	27	26	22	17	21	7	29	39	16	12	2	9	15	5	33	8	11	0	2	105	324	217	0	646	502	313	202	263	173	0	
21	30	18	32	13	25	17	12	24	6	8	4	31	29	3	38	7	28	11	23	2	1	83	324	319	255	0	618	204	0	185	167	0	
3	15	39	16	1	22	32	20	38	23	36	24	33	29	10	9	34	8	30	17	3	3	89	230	0	211	193	0	0	353	271	0	0	
5	19	39	12	23	24	22	34	28	17	11	36	35	27	29	15	25	4	1	2	0	2	69	0	756	203	0	404	207	0	0	0	0	
27	3	19	37	9	20	34	0	2	33	1	13	6	31	36	28	14	26	35	38	0	3	59	217	0	292	191	221	0	285	185	170	0	
38	20	8	15	6	0	25	5	21	2	37	34	23	22	9	27	14	35	10	3	1	0	47	996	419	0	652	238	209	0	185	0	0	
24	37	10	21	39	1	6	27	0	7	11	12	29	13	8	2	15	18	9	36	2	1	43	210	0	763	335	313	0	200	0	172	0	
3	4	20	30	27	19	36	25	11	29	24	16	28	37	18	22	2	10	26	32	0	0	33	984	0	241	0	402	312	200	0	177	0	
18	31	9	17	38	33	8	2	19	26	0	39	25	3	12	15	32	22	24	20	1	1	79	307	209	0	717	309	214	0	0	175	0	
3	4	2	0	30	34	7	5	20	31	36	6	39	16	26	8	1	28	11	25	2	2	58	428	691	552	0	314	293	0	0	0	0	
4	2	26	13	33	8	12	18	27	31	6	24	14	37	32	20	39	38	21	19	0	3	45	312	205	0	0	217	0	375	0	174	0	
15	5	8	35	20	24	4	33	2	37	13	7	0	29	6	12	10	36	28	27	1	2	24	0	216	0	672	593	468	353	256	170	0	
28	13	8	17	34	32	4	18	12	2	24	38	1	30	0	26	27	31	22	15	2	3	36	325	315	199	0	225	0	360	0	180	0	
13	37	1	28	6	26	10	3	5	8	16	35	30	20	19	22	11	31	25	7	0	0	75	1112	0	852	0	621	484	352	267	179	0	
29	37	23	32	25	0	16	3	19	2	8	27	28	5	6	35	38	30	33	1	2	1	57	324	206	245	0	0	207	0	187	0	0	
18	1	16	27	22	33	12	4	21	36	20	0	24	29	8	37	7	23	3	6	1	0	42	1004	264	242	0	510	475	369	254	163	0	
35	17	39	14	2	1	23	7	18	27	20	33	24	13	12	19	36	6	31	10	3	1	81	206	0	702	0	491	205	0	195	172	0	
0	32	34	38	30	8	21	3	19	10	31	5	23	20	39	18	15	27	14	36	3	2	68	218	0	836	666	407	300	203	266	177	0	
21	7	11	27	1	31	33	39	0	28	9	37	20	14	15	36	30	13	26	10	2	2	61	322	203	0	632	238	0	194	0	0	0	
1	38	13	37	19	3	27	10	14	9	34	8	31	28	24	12	35	39	22	26	3	3	74	318	212	0	658	606	0	377	195	0	0	
11	35	19	34	27	28	0	25	8	18	37	1	33	7	23	6	10	39	32	36	3	3	93	334	218	262	0	221	0	290	197	187	0	
17	5	10	19	23	26	28	30	6	4	14	39	27	37	35	22	2	31	9	33	3	0	79	1153	213	0	0	342	215	374	271	0	0	
39	22	33	13	23	38	1	2	35	18	12	32	28	6	20	21	17	8	16	27	2	0	61	916	332	251	0	0	0	284	182	0	0	
31	34	37	36	35	13	6	20	8	4	39	23	9	30	18	5	10	21	22	25	3	1	95	551	323	243	0	612	0	366	267	0	0	
4	1	19	17	6	33	32	14	16	9	31	29	13	28	15	11	24	30	38	21	0	1	104	485	371	237	633	507	298	196	177	0	0	
32	0	16	36	23	9	12	29	1	6	39	35	20	4	13	2	33	28	37	19	0	2	93	221	0	301	195	177	0	330	0	176	0	
7	1	34	18	39	35	6	2	4	0	19	21	8	38	30	23	25	11	10	22	2	2	74	0	772	603	580	465	347	170	0	0	0	
13	22	7	0	16	37	11	4	39	26	32	33	9	20	2	21	28	36	10	38	3	3	103	219	0	305	199	371	235	213	0	187	0	
21	32	30	11	39	20	3	18	15	1	26	0	16	2	27	24	31	4	17	37	2	3	33	0	0	876	262	309	204	0	185	0	0	
8	14	10	4	12	13	9	1	24	2	11	16	19	7	0	33	30	22	18	31	2	0	30	825	371	247	0	310	208	208	178	0	0	
35	33	26	36	19	0	12	22	21	1	25	14	4	9	16	27	5	24	32	39	3	0	80	908	0	641	192	0	0	279	193	0	0	
5	32	34	33	28	24	22	0	17	10	31	9	8	26	15	27	20	29	3	4	0	1	59	263	0	666	515	0	0	0	192	0	0	
6	38	29	21	14	7	23	33	3	11	20	32	1	18	35	31	39	16	25	0	0	1	55	225	0	852	332	215	203	0	270	0	0	
3	24	28	27	16	31	29	9	19	18	33	37	34	7	22	32	25	12	38	35	1	2	69	332	215	0	738	575	479	194	0	176	0	
4	16	18	21	32	5	33	13	7	19	28	24	0	38	2	27	14	36	8	22	1	2	96	333	215	0	643	516	217	0	190	0	0	
1	5	23	33	22	0	21	34	30	29	27	24	4	31	36	35	13	16	17	20	2	3	43	223	0	0	436	410	0	201	0	0	0	
10	36	31	2	7	6	37	18	1	3	5	34	11	19	20	23	17	29	0	38	0	3	74	881	210	0	192	0	298	214	0	0	0	
16	24	19	1	6	15	32	38	14	25	0	17	4	9	2	20	36	39	23	26	2	0	54	1130	0	456	304	0	533	372	271	0	0	
2	7	35	24	20	22	3	38	14	28	34	27	32	1	17	11	15	0	19	9	3	0	42	1072	881	0	570	317	209	0	0	168	0	
17	29	38	0	32	9	35	5	8	24	39	16	11	14	25	34	4	2	19	13	1	1	116	0	966	209	0	618	308	367	266	173	0	
9	16	8	20	17	31	37	14	21	12	26	13	33	15	36	2	3	39	25	34	0	1	23	211	0	775	339	217	369	270	175	0	0	
24	15	8	11	34	31	38	1	28	7	3	17	14	23	20	39	29	26	2	22	0	2	60	223	316	202	0	222	0	364	187	0	0	
24	9	35	34	11	23	7	22	10	8	21	17	26	5	1	4	13	12	32	27	2	3	21	222	0	587	238	0	0	0	0	0	0	
6	34	32	8	36	5	14	15	19	24	0	13	25	29	3	33	1	17	12	23	0	2	55	376	269	0	723	219	0	374	271	173	0	
4	33	23	29	7	30	14	16	5	32	26	17	3	9	36	15	25	0	27	2	2	3	27	332	207	0	610	0	182	313	225	0	0	
23	17	29	12	39	22	11	34	31	10	26	5	20	37	25	14	7	28	0	33	2	0	54	800	218	818	697	227	486	374	191	180	0	
26	39	7	37	27	12	17	2	4	9	33	23	3	13	29	15	32	34	24	5	2	0	43	1157	0	211	0	589	210	0	259	177	0	
11	4	27	5	37	7	22	24	28	14	2	23	26	13	32	3	18	6	39	1	1	1	37	221	0	0	708	555	262	171	0	171	0	
26	20	34	32	23	11	16	38	33	8	14	18	36	22	7	12	28	6	4	10	2	1	71	0	753	214	192	362	284	0	163	171	0	
10	21	14	2	15	4	32	6	30	22	19	17	25	36	37	38	28	26	8	24	3	2	36	0	322	206	224	0	275	337	0	0	0	
7	29	15	32	10	13	28	2	31	30	38	34	25	17	4	11	16	35	14	9	2	2	71	222	0	375	554	0	0	380	273	173	0	
9	12	11	4	37	29	27	36	33	23	38	25	7	24	5	8	10	32	31	0	3	3	51	356	226	0	659	538	406	0	0	0	0	
26	34	6	11	0	7	28	17	9	16	25	27	5	36	29	23	18	8	31	19	2	3	106	217	0	871	298	203	0	434	0	172	0	
11	12	27	5	31	33	1	23	21	18	29	19	38	39	17	13	8	16	0	4	3	0	44	1097	0	221	0	524	204	372	303	0	0	
29	34	21	10	35	8	0	4	36	9	15	20	37	5	3	32	24	39	31	23	1	0	40	1169	365	328	494	338	219	0	282	173	0	
24	19	28	27	4	2	0	9	33	25	35	11	37	6	18	30	32	16	8	1	2	1	53	524	485	275	0	627	0	380	267	165	0	
36	6	25	26	23	24	8	11	17	30	32	18	14	10	35	28	12	4	15	33	3	1	36	224	0	694	328	0	381	201	0	201	0	
3	12	10	1	30	8	14	15	7	13	17	19	27	39	37	28	24	5	11	35	2	2	87	328	746	639	534	222	205	371	269	173	0	
38	3	12	6	24	21	9	8	29	27	22	26	19	30	35	34	11	14	4	7	0	2	107	0	1021	315	245	0	482	273	190	0	0	
22	10	28	3	37	33	18	6	8	35	13	38	0	29	36	30	25	24	34	19	1	3	64	222	210	0	692	266	172	0	256	0	0	
9	29	17	15	12	14	8	38	33	39	32	25	5	35	36	28	18	23	3	22	3	3	117	215	0	819	677	550	438	0	268	182	0	
8	37	11	33	0	14	16	9	17	2	4	25	18	29	26	15	31	23	21	38	1	0	58	1102	0	403	302	594	381	281	262	176	0	
20	2	6	10	27	12	32	31	17	4	13	5	29	26	9	14	25	34	7	3	0	0	43	1012	0	727	198	0	304	199	0	0	0	
2	24	36	12	17	38	29	6	14	23	7	5	20	35	8	27	25	0	28	21	0	1	44	208	0	306	243	0	396	206	0	186	0	
26	4	22	15	37	38	27	13	35	29	3	1	25	5	9	30	0	33	17	34	2	1	46	334	233	263	0	594	392	316	282	184	0	
9	21	10	22	35	34	33	8	28	1	30	27	38	18	32	25	26	20	39	12	0	2	62	0	779	316	243	0	436	0	190	177	0	
9	17	3	12	2	0	30	35	22	8	4	26	20	1	19	7	21	18	5	38	0	3	97	219	0	452	0	600	493	284	190	0	0	
27	25	8	10	34	38	24	11	26	33	32	6	23	22	37	31	5	14	0	4	0	2	27	436	0	307	510	485	473	0	0	169	0	
17	21	12	6	4	19	33	31	22	26	16	34	0	8	27	18	3	39	1	32	1	3	68	216	0	0	229	0	298	201	0	169	0	
6	24	28	12	1	23	35	7	29	18	32	30	8	14	34	37	10	0	25	27	0	0	59	976	206	0	598	0	369	208	0	170	0	
34	8	13	14	4	7	5	6	0	18	2	3	24	36	28	29	10	25	26	38	2	0	64	1013	843	691	633	513	379	0	195	0	0	
14	13	28	2	38	12	9	33	25	37	30	11	29	15	3	0	27	31	26	22	1	1	60	0	0	0	230	0	476	365	0	187	0	
37	21	20	29	7	11	13	17	38	4	12	0	3	35	6	23	16	36	9	39	3	1	61	212	0	726	231	0	295	205	184	0	0	
31	12	29	4	11	36	3	1	38	28	8	9	23	26	30	35	32	25	7	10	3	2	83	316	209	192	0	364	174	0	0	0	0	
6	31	26	13	35	9	14	5	23	24	15	28	18	37	27	2	8	10	34	30	1	3	43	330	212	0	552	0	304	206	0	0	0	
15	4	18	35	11	28	13	38	10	34	39	31	1	0	22	2	19	17	7	16	0	2	84	0	869	698	680	236	0	365	263	166	0	
18	33	31	7	24	38	14	39	6	28	34	32	17	4	3	9	12	11	15	23	3	3	83	218	0	440	318	214	0	365	0	177	0	
30	35	13	29	11	14	9	16	25	37	6	21	18	0	19	1	24	8	17	27	2	0	74	985	856	703	575	461	418	208	0	176	0	
34	36	20	18	38	6	29	13	32	21	15	22	31	9	4	8	1	16	26	0	1	0	57	971	204	0	587	250	412	280	0	0	0	
14	24	17	23	22	27	19	8	36	6	21	33	32	15	9	37	1	35	28	5	1	1	60	326	208	0	529	0	303	199	0	0	0	
39	0	35	17	12	13	33	18	9	10	23	26	24	21	3	31	2	6	8	37	3	1	61	321	209	0	229	0	385	274	260	166	0	
7	20	13	9	26	36	32	2	10	31	21	33	29	1	14	16	12	39	27	0	2	2	61	328	219	0	240	0	206	0	188	168	0	
10	36	4	24	18	21	0	16	9	20	11	8	32	2	39	25	30	13	38	34	1	2	86	329	214	0	620	312	0	284	186	170	0	
2	29	12	30	25	22	38	17	6	5	23	28	7	35	26	3	37	8	20	16	2	3	48	321	211	0	229	0	299	208	0	170	0	
12	33	30	3	17	16	0	14	22	18	7	23	38	19	1	36	32	28	35	11	0	3	39	213	0	795	725	584	459	191	177	0	0	
6	2	37	34	25	14	39	16	35	36	20	7	26	17	5	22	9	15	32	19	3	0	81	1081	0	0	696	369	297	196	0	182	0	
3	35	30	28	12	17	2	25	38	7	22	32	15	9	18	31	13	14	27	11	2	0	74	990	0	720	191	184	355	362	0	0	0	
29	17	6	12	27	25	14	26	38	8	18	15	9	11	35	37	31	19	33	39	2	1	91	470	367	246	0	592	468	195	0	173	0	
12	22	34	29	4	28	10	35	0	21	6	2	8	16	24	33	3	18	13	36	1	1	53	223	324	214	0	226	202	0	260	169	0	
10	15	28	23	32	33	13	3	1	31	2	25	24	37	22	34	5	4	0	18	2	2	18	216	0	196	0	274	298	200	0	0	0	
25	15	4	5	8	21	10	17	2	29	24	16	11	33	18	27	38	30	20	19	3	2	57	1080	424	362	238	586	474	199	0	0	0	
15	26	16	37	28	4	8	23	35	19	27	36	10	20	0	13	22	21	39	11	2	3	61	333	218	0	237	0	299	203	187	0	0	
32	26	8	18	37	35	15	22	24	6	34	9	19	29	0	4	27	30	20	11	3	3	76	315	202	0	220	0	200	0	271	176	0	
7	15	17	36	5	34	23	24	25	2	3	13	14	20	28	26	21	32	6	18	3	0	22	1003	0	254	0	308	383	0	178	166	0	
6	5	14	38	29	20	19	16	30	9	27	26	39	4	33	23	36	32	11	34	0	0	84	1108	207	0	714	309	213	0	180	0	0	
7	15	39	6	10	9	31	38	30	3	13	32	18	34	25	35	5	36	17	4	0	1	97	210	0	751	642	229	0	366	266	164	0	
39	24	2	29	20	23	36	17	4	30	5	19	8	18	34	25	10	12	37	15	3	1	72	322	214	0	0	472	257	365	271	173	0	
22	24	33	17	13	7	37	35	20	2	1	32	8	36	39	10	9	21	26	19	1	2	93	322	315	206	0	220	0	199	0	168	0	
23	14	21	9	30	24	39	0	7	1	11	20	18	27	25	12	37	38	35	3	1	2	59	0	747	307	236	226	391	284	0	0	0	
11	9	12	6	5	39	31	32	15	38	1	21	36	33	29	23	26	30	22	25	0	3	21	875	764	0	533	0	0	277	253	164	0	
19	30	16	18	12	31	2	8	29	14	36	37	23	4	11	5	39	35	9	7	3	3	74	223	0	775	0	0	458	371	267	163	0	
16	15	14	26	17	11	7	27	5	25	0	1	13	39	3	2	30	36	24	8	0	0	75	1118	437	342	247	220	482	365	0	170	0	
37	38	5	27	8	1	9	0	6	4	33	36	39	12	32	14	20	7	30	15	1	0	49	1029	0	893	0	646	469	375	266	171	0	
17	3	37	8	38	32	5	14	22	27	24	31	11	12	16	25	10	20	36	7	1	1	63	343	226	237	0	610	492	199	0	162	0	
3	16	13	2	32	9	7	28	31	33	25	15	35	5	38	24	21	34	37	10	0	2	98	216	0	0	433	218	212	218	0	0	0	
27	38	35	34	12	24	9	14	6	2	32	18	39	8	0	28	16	13	5	30	3	3	90	231	312	203	291	189	0	381	0	0	0	
39	10	21	15	19	16	8	0	23	3	29	33	9	18	5	22	17	12	36	20	3	1	76	0	968	311	240	630	478	364	272	174	0	
3	1	27	10	28	35	25	32	34	33	14	7	9	17	0	26	11	18	19	4	3	2	44	219	312	203	0	422	216	209	0	0	0	
31	13	10	22	9	26	27	2	16	32	29	14	0	21	30	5	18	37	34	7	2	0	20	998	317	209	236	0	205	0	0	163	0	
37	33	24	3	25	26	30	6	11	14	2	32	8	0	1	38	23	20	31	28	3	1	37	317	211	243	0	593	0	380	181	0	0	
12	18	5	9	36	39	17	38	35	10	1	37	16	32	7	11	28	15	23	0	0	3	81	455	323	455	342	227	214	0	268	168	0	
34	8	22	21	6	16	27	37	38	24	18	1	19	28	35	32	0	23	25	20	1	2	39	327	212	204	0	469	0	280	258	177	0	
13	20	18	0	34	22	38	4	23	7	8	1	10	11	28	26	27	36	14	17	0	0	67	970	0	774	234	213	0	269	185	164	0	
38	6	1	30	36	2	31	8	27	15	32	19	11	4	10	0	20	22	24	21	3	3	44	0	749	305	232	322	213	0	262	176	0	
15	24	0	9	18	37	34	32	17	4	30	38	19	22	14	12	16	20	39	1	1	1	92	374	264	0	744	222	0	273	177	0	0	
6	36	1	22	33	30	9	32	25	34	31	3	0	11	18	7	37	19	26	17	0	2	62	321	207	0	518	494	471	369	184	0	0	
31	2	37	17	0	12	6	39	4	36	38	21	15	29	13	20	27	24	22	19	1	0	63	1130	203	0	716	586	471	356	174	0	0	
24	26	33	14	20	29	4	5	25	22	12	30	0	15	27	38	32	37	16	34	1	3	77	665	0	817	659	555	0	331	275	178	0	
16	3	10	15	19	11	1	5	20	9	30	28	22	14	2	34	12	0	4	13	1	1	78	0	825	706	574	469	365	287	187	165	0	
29	36	4	1	20	15	7	0	27	13	11	19	37	23	39	31	5	28	30	26	3	0	45	1008	210	0	298	226	0	364	257	0	0	
26	38	8	2	33	4	9	6	1	24	0	16	13	18	32	37	21	35	11	27	2	2	38	212	0	494	427	411	480	361	260	165	0	
9	14	20	21	35	13	24	15	2	36	31	18	26	5	17	8	1	39	11	7	3	3	54	223	0	206	0	0	209	197	0	0	0	
26	15	29	31	1	32	21	39	23	19	27	9	20	28	6	18	3	36	16	7	2	1	113	431	324	240	0	498	389	0	180	0	0	
6	39	17	25	36	35	28	30	16	3	34	15	9	33	2	1	26	32	13	29	1	0	26	1111	0	195	0	557	176	0	258	173	0	
36	16	1	34	39	28	18	15	27	37	30	9	7	6	21	38	33	23	2	32	0	2	59	431	322	350	243	0	482	373	259	0	0	
31	34	32	35	25	14	26	3	7	13	30	39	16	22	11	36	21	9	5	15	3	3	91	219	0	685	564	228	0	0	183	0	0	
20	5	22	16	7	29	23	38	33	8	36	3	14	6	2	24	26	10	11	25	2	1	47	0	856	218	0	530	325	0	272	175	0	
10	0	26	14	19	8	28	20	27	39	13	30	31	34	29	1	16	23	5	7	3	2	49	335	205	0	427	322	0	391	193	0	0	
13	1	18	3	11	38	33	30	7	31	37	39	15	27	4	36	29	5	2	21	0	0	63	993	216	350	238	580	206	0	255	172	0	
32	6	9	22	39	30	29	3	23	15	21	31	26	35	14	0	19	12	2	10	2	3	42	330	215	0	650	222	0	353	271	174	0	
38	39	22	31	35	23	5	32	10	36	26	33	2	14	27	28	30	29	0	12	3	1	99	0	0	761	632	511	395	279	190	0	0	
3	11	12	7	34	38	0	16	6	27	18	8	29	1	5	17	23	21	36	24	3	0	50	1008	0	0	753	0	462	356	266	177	0	
33	39	18	14	20	37	7	1	12	17	4	5	2	36	9	23	32	38	6	3	1	2	63	335	220	0	0	420	307	205	0	173	0	
22	25	37	4	11	29	2	38	5	14	3	30	34	33	1	23	12	13	6	16	2	1	52	322	206	0	723	211	0	354	0	165	0	
38	34	39	32	6	4	8	30	9	2	13	21	36	17	25	26	27	0	28	31	1	3	22	552	942	789	660	524	431	269	190	0	0	
22	2	16	32	19	15	20	33	28	10	34	29	13	11	25	17	37	4	18	0	1	2	87	425	0	690	575	183	378	0	262	165	0	
12	19	24	13	27	23	15	34	4	5	37	39	22	6	36	30	9	10	29	7	3	3	95	320	211	241	0	0	0	191	187	0	0	
29	7	23	18	26	12	30	5	24	35	25	2	34	27	36	33	4	22	39	3	0	0	43	994	0	245	615	222	0	366	272	167	0	
16	10	5	35	31	27	24	9	12	36	20	38	15	25	29	19	7	2	32	39	2	0	71	1137	0	325	204	0	483	375	269	173	0	
21	6	27	13	18	35	24	1	7	22	20	8	11	4	3	30	39	15	16	33	2	1	27	220	0	737	348	218	202	0	256	179	0	
13	33	36	29	0	16	24	10	18	8	39	38	25	3	7	34	26	2	37	9	1	1	78	222	0	447	324	220	203	0	183	0	0	
35	30	25	18	33	0	23	26	36	19	2	7	21	13	16	11	24	6	31	4	0	2	45	443	367	242	0	628	321	209	0	186	0	
2	21	5	0	28	17	34	38	26	1	29	3	6	36	16	4	11	24	13	33	1	2	53	222	264	243	0	328	237	0	290	168	0	
27	28	19	38	0	29	4	36	6	10	15	11	21	37	18	35	17	39	2	8	1	3	88	327	217	250	0	605	208	0	0	173	0	
14	1	6	11	24	20	4	10	29	7	36	31	23	15	21	27	2	28	32	26	3	3	13	331	261	252	621	0	488	0	263	170	0	
4	12	17	3	5	7	6	21	23	39	1	13	27	2	9	26	32	28	0	29	1	0	48	993	247	0	614	224	0	268	182	0	0	
38	11	28	15	24	3	37	9	14	19	16	0	13	8	23	29	33	17	26	12	3	0	82	1109	0	854	224	0	497	380	190	0	0	
14	37	22	11	32	38	4	7	24	12	21	13	17	19	9	25	35	31	6	36	1	1	57	218	0	361	249	0	391	201	0	166	0	
34	36	16	3	38	10	5	27	18	35	7	14	22	21	0	1	6	8	20	29	3	1	73	488	366	249	0	307	212	200	0	0	0	
30	37	21	4	10	39	6	33	31	7	1	18	38	24	32	14	23	19	36	29	2	2	51	443	376	356	342	234	0	0	265	173	0	
33	11	7	10	12	30	6	32	24	39	2	29	21	3	8	27	26	25	14	38	0	2	84	0	673	0	233	0	399	281	0	169	0	
26	13	17	12	35	5	8	2	18	23	33	36	15	4	29	7	27	21	22	39	3	3	37	226	0	782	331	219	0	286	0	0	0	
17	18	24	7	25	1	19	32	3	9	31	2	38	4	14	27	5	37	10	16	3	3	79	226	0	0	719	587	294	198	179	0	0	
0	17	14	37	18	26	19	6	22	23	31	8	34	10	13	4	36	33	28	1	1	0	61	997	324	245	0	487	0	186	249	163	0	
14	34	18	16	7	9	22	39	26	23	17	21	8	28	3	25	5	38	27	12	3	0	48	989	0	748	220	210	0	371	193	173	0	
23	29	35	32	20	26	16	24	3	37	30	34	33	7	27	17	18	22	13	0	2	1	71	0	829	345	234	0	0	374	187	0	0	
20	21	29	27	8	32	22	36	4	5	23	14	12	38	39	25	24	11	3	30	2	1	99	222	0	653	531	418	294	292	0	0	0	
9	19	6	3	23	17	29	20	30	39	12	37	24	5	32	36	15	27	10	34	2	2	65	220	0	831	719	612	218	0	0	171	0	
3	19	2	28	6	30	31	25	32	18	34	9	23	24	12	27	14	36	15	22	3	3	52	223	217	0	0	0	0	206	0	182	0	
39	30	7	17	37	10	1	18	36	27	15	0	9	29	34	26	5	38	6	14	2	2	58	442	369	251	243	0	312	197	0	0	0	
39	6	36	23	10	29	3	20	2	32	9	19	7	16	0	26	31	24	1	21	0	3	70	324	208	0	619	316	214	0	271	179	0	
7	28	21	25	15	6	8	22	13	5	39	20	29	3	19	33	2	16	14	4	2	0	86	981	211	400	191	0	476	352	250	177	0	
26	2	7	23	35	38	10	5	14	34	27	6	37	3	20	12	4	21	29	11	2	1	80	209	314	204	192	0	444	0	0	170	0	
5	27	12	7	28	32	9	23	39	16	24	33	6	29	4	8	30	3	36	31	2	0	72	1118	0	866	242	0	289	208	262	0	0	
34	39	18	29	11	35	14	8	26	12	6	28	10	21	4	9	5	2	33	7	0	2	115	332	259	0	0	502	381	0	264	166	0	
16	37	9	20	5	19	15	27	4	28	14	34	18	32	21	36	0	7	26	38	1	1	67	323	215	0	0	590	463	275	0	175	0	
23	9	31	24	34	19	14	17	20	5	25	16	27	18	39	10	37	38	13	3	2	3	71	215	208	0	723	217	0	352	181	0	0	
33	21	3	16	12	14	23	25	15	20	9	1	13	37	39	22	36	18	0	28	0	2	64	335	329	0	671	0	429	321	265	173	0	
20	3	22	9	25	2	28	6	18	19	34	12	1	39	13	24	29	27	31	0	1	0	61	977	320	258	626	598	205	0	277	171	0	
28	19	1	9	33	8	17	13	23	36	18	4	12	25	20	5	14	34	32	3	1	3	88	224	0	832	765	316	213	0	272	0	0	
3	23	39	32	13	26	24	16	27	35	12	17	38	28	4	2	29	7	1	6	0	1	81	0	217	743	601	301	381	274	0	0	0	
3	29	35	20	38	7	22	10	12	34	4	1	39	21	26	14	6	8	28	0	2	0	61	1083	0	357	721	607	210	201	0	180	0	
19	32	24	34	10	14	38	26	37	23	28	29	6	20	25	9	33	3	35	11	0	2	82	330	214	0	622	506	0	0	259	170	0	
11	0	38	34	28	22	29	16	32	14	24	3	12	21	19	4	37	9	39	2	1	1	68	326	322	200	0	537	169	0	232	165	0	
11	25	32	39	18	16	35	28	33	10	36	6	24	14	17	30	2	34	21	29	3	3	43	858	730	202	483	375	0	167	0	0	0	
22	2	4	30	19	12	33	9	18	24	5	13	21	34	32	15	0	23	25	3	1	2	29	215	0	809	0	587	478	282	185	0	0	
35	0	2	17	21	29	11	38	33	25	28	8	1	5	4	6	27	36	19	12	0	0	85	1119	216	237	231	0	0	0	262	170	0	
13	8	31	26	14	39	16	29	7	12	30	15	18	4	32	6	2	1	38	22	1	1	87	212	0	683	0	421	212	283	273	0	0	
21	3	24	32	26	4	8	1	22	29	33	2	28	12	6	36	31	23	19	10	3	3	18	447	0	318	700	564	456	375	273	169	0	
37	36	10	7	21	38	17	9	13	24	28	3	18	1	11	31	26	20	39	35	3	2	60	323	205	0	223	0	469	355	258	169	0	
39	19	6	21	7	14	17	3	18	22	32	35	31	0	8	15	11	16	2	25	3	0	62	1003	324	212	402	281	0	0	255	0	0	
24	6	29	11	12	34	13	4	25	26	19	16	0	1	33	35	3	5	23	32	1	3	43	437	325	249	0	0	0	363	269	0	0	
27	13	18	29	26	3	15	10	31	17	34	7	22	32	25	0	36	14	2	38	2	1	38	322	212	0	666	440	346	364	251	163	0	
36	26	30	19	6	37	21	14	24	29	20	1	11	9	23	8	0	35	31	16	2	0	70	1070	0	315	205	379	0	0	262	176	0	
28	38	33	3	18	11	27	37	36	14	12	35	4	5	25	6	39	13	7	23	1	2	45	222	0	0	688	555	210	0	260	178	0	
35	24	20	3	17	21	25	16	10	39	9	15	37	31	18	30	23	27	11	2	3	1	69	320	212	305	197	189	0	346	0	0	0	
34	18	7	26	36	13	32	0	33	39	22	6	4	12	35	25	30	27	2	24	2	3	49	0	735	0	521	217	210	280	180	0	0	
10	26	21	36	35	19	24	4	18	33	37	17	29	1	0	30	12	13	9	34	2	2	54	317	206	0	745	599	491	278	0	170	0	
33	1	30	12	37	31	0	15	20	6	22	19	4	28	24	35	25	9	7	11	2	3	60	324	250	246	231	0	0	357	266	0	0	
34	14	1	17	3	21	28	25	24	5	0	11	33	2	27	10	37	39	9	15	2	0	11	1104	212	206	0	0	464	0	270	178	0	
21	29	6	32	31	1	2	28	10	7	39	16	35	25	22	11	3	17	23	38	2	1	72	308	0	604	487	189	0	203	0	0	0	
13	25	19	6	32	38	5	7	16	28	35	34	24	37	22	14	12	15	2	39	0	0	49	1083	0	860	741	227	213	0	189	0	0	
13	0	10	16	5	20	8	12	25	33	30	14	27	22	34	6	2	39	38	9	2	2	49	331	207	0	685	229	0	367	263	168	0	
24	17	21	4	5	12	6	32	7	0	38	14	15	36	8	23	34	16	33	9	2	1	21	216	544	452	240	0	479	290	0	180	0	
31	7	38	23	37	27	12	1	34	17	24	10	30	20	9	11	19	3	21	5	2	3	41	217	206	0	715	0	482	362	0	171	0	
22	15	11	27	16	36	4	32	31	8	24	26	0	20	1	3	23	18	25	39	1	2	45	221	215	208	0	278	176	0	259	164	0	
36	35	6	24	2	28	21	14	12	5	8	25	39	29	9	20	30	23	27	32	0	3	80	219	0	303	201	0	512	0	265	173	0	
5	32	39	30	14	33	12	25	23	18	7	9	10	28	21	37	2	35	34	17	1	0	85	1014	873	254	0	613	475	364	186	0	0	
16	21	34	20	38	33	27	6	5	26	12	25	18	30	0	36	8	17	13	11	0	0	41	887	0	0	486	184	0	270	261	170	0	
17	8	34	32	16	1	19	23	15	30	25	37	9	27	6	36	38	28	11	20	1	1	52	421	322	258	336	222	208	0	305	185	0	
28	4	2	38	22	10	23	20	15	36	9	13	11	1	39	26	17	31	3	16	2	1	41	331	212	264	0	236	0	283	191	0	0	
9	4	31	19	21	12	30	15	29	13	25	35	6	7	8	14	2	34	11	28	2	2	50	226	0	671	241	0	0	0	0	178	0	
26	3	33	20	34	32	22	21	2	6	36	27	38	17	29	8	5	23	19	10	3	3	13	0	0	199	191	0	346	253	179	0	0	
28	37	29	20	1	3	32	4	38	36	24	13	18	25	21	27	39	8	26	12	1	2	72	334	219	257	0	595	488	283	0	168	0	
10	28	6	34	13	20	2	0	38	14	4	19	29	24	11	16	9	27	7	12	0	3	84	317	203	0	230	0	379	200	0	0	0	
37	38	2	25	39	3	27	20	1	12	28	8	4	36	26	34	29	31	10	5	0	0	82	897	221	0	559	232	0	0	0	0	0	
2	15	18	12	35	1	4	11	10	0	24	9	7	22	23	26	3	20	6	34	3	0	31	673	261	0	0	226	0	293	186	0	0	
8	21	0	29	39	23	6	11	38	20	2	3	15	12	24	19	16	18	1	36	0	1	90	0	863	735	0	173	0	285	179	0	0	
7	11	38	30	21	8	2	1	5	27	24	19	39	37	25	22	26	16	15	13	0	1	36	0	844	718	0	228	0	287	185	176	0	
26	28	30	38	32	33	9	1	13	7	0	3	22	11	4	31	35	21	20	39	0	2	34	213	0	717	195	0	404	277	191	174	0	
13	12	16	37	32	35	39	24	22	9	19	18	34	11	27	1	2	23	28	6	0	2	53	221	214	0	0	610	0	367	272	166	0	
27	15	12	21	13	14	6	32	31	9	18	34	24	19	8	4	16	2	38	7	1	3	80	0	0	618	548	437	0	0	0	0	0	
34	27	9	13	39	3	0	8	37	30	19	28	18	25	35	2	16	29	10	17	1	3	84	445	0	825	374	281	204	366	269	174	0	
31	32	26	6	9	14	22	18	37	39	10	25	15	35	2	17	20	12	13	27	2	0	65	992	262	249	0	234	0	379	0	180	0	
29	31	35	16	17	22	13	5	15	6	36	23	2	3	34	32	20	9	33	25	3	0	56	1090	376	251	240	0	217	0	272	0	0	
10	21	19	0	38	11	20	32	35	28	26	9	22	33	6	15	12	1	8	2	1	1	43	208	204	299	193	0	378	278	182	0	0	
11	20	23	8	34	32	12	14	39	25	16	2	26	1	4	17	29	9	33	36	1	1	67	0	867	201	300	190	177	168	237	176	0	
19	0	29	21	2	24	25	31	14	1	13	30	17	10	33	3	39	18	28	22	2	2	114	271	0	646	341	230	0	204	0	0	0	
0	34	20	13	15	5	33	30	6	18	37	21	11	26	14	12	1	16	4	25	1	2	39	325	210	0	332	229	0	298	181	0	0	
14	12	25	33	5	29	36	22	8	18	24	34	26	1	7	31	13	11	38	39	2	3	72	325	207	200	0	276	174	0	269	0	0	
16	35	20	5	32	4	34	15	13	12	19	22	33	37	0	8	24	1	29	10	1	3	58	323	0	711	688	223	0	378	268	184	0	
17	26	9	38	6	20	36	21	39	10	25	7	3	27	19	4	15	23	2	1	0	0	107	1003	271	250	0	216	0	283	0	169	0	
36	6	9	13	7	20	30	24	17	37	38	39	4	32	0	23	1	5	28	10	1	0	65	1122	206	0	231	0	488	205	186	0	0	
13	1	5	8	32	28	0	30	22	25	14	33	19	9	18	6	24	23	35	10	1	1	81	0	863	309	337	236	0	385	290	0	0	
26	28	2	5	12	11	8	34	7	31	9	39	35	16	32	38	33	6	21	30	0	2	78	231	0	0	230	0	400	286	0	176	0	
16	37	32	35	24	4	31	8	34	17	36	26	28	33	11	12	2	5	9	25	1	1	29	217	0	766	438	411	0	352	252	168	0	
17	14	12	24	35	32	7	1	20	18	27	30	6	5	39	2	28	0	21	13	2	3	36	452	219	0	679	220	209	0	186	0	0	
37	29	7	39	1	0	11	24	31	35	23	3	33	19	8	4	2	13	9	30	3	2	111	421	305	207	0	515	0	287	0	169	0	
3	5	25	34	33	20	17	35	2	21	13	30	1	8	36	24	23	0	16	12	3	0	32	794	215	0	227	211	0	0	191	0	0	
27	0	18	32	22	25	9	34	23	30	37	26	2	15	3	5	29	11	21	35	3	3	43	0	898	209	590	0	208	294	192	0	0	
34	12	38	35	9	27	8	23	39	10	5	14	16	2	26	19	24	15	20	33	3	1	100	415	318	253	236	0	471	404	0	172	0	
32	22	29	5	2	6	21	14	17	18	26	13	7	34	16	38	19	30	0	20	0	0	47	1054	218	351	232	0	391	293	216	0	0	
27	7	35	21	13	38	20	16	11	33	5	3	8	28	30	32	26	9	10	34	2	2	50	329	222	0	616	227	0	396	323	192	0	
21	23	37	1	7	16	18	13	14	17	20	12	36	19	10	32	26	30	35	29	2	3	48	243	0	537	374	0	223	0	197	0	0	
19	18	38	4	26	13	29	39	24	17	0	37	33	15	30	20	23	16	14	5	1	1	100	350	230	0	784	251	0	396	277	175	0	
36	23	37	32	22	15	17	0	21	10	4	12	18	20	39	29	6	11	16	25	3	0	43	900	315	0	0	0	474	0	271	0	0	
32	24	2	36	37	5	19	6	39	22	31	16	38	23	26	30	20	28	10	21	3	2	66	475	359	246	0	614	214	198	0	172	0	
29	37	28	36	31	0	39	10	12	32	24	34	33	9	17	20	6	11	19	14	2	1	67	454	329	249	0	582	208	0	274	0	0	
39	8	5	37	9	16	38	36	12	2	11	19	27	32	20	29	25	31	22	21	1	3	69	446	325	209	431	230	500	393	282	179	0	
21	30	37	2	0	4	38	14	10	22	36	12	13	1	9	6	19	34	33	31	3	2	35	380	0	0	772	236	218	0	178	0	0	
38	13	32	7	3	20	36	31	22	10	25	12	15	8	30	24	33	21	37	6	2	3	19	327	206	0	189	0	352	203	0	0	0	
11	19	4	13	28	2	7	1	21	16	33	17	31	38	18	10	39	27	9	30	1	0	57	969	319	247	334	509	398	0	186	0	0	
7	9	10	26	19	38	35	20	1	27	34	15	32	23	6	13	2	4	36	39	1	0	32	1150	269	0	753	221	0	200	0	170	0	
33	13	27	31	25	30	39	1	22	29	4	20	12	28	11	9	34	24	2	38	3	1	112	329	326	0	694	595	311	204	0	176	0	
8	32	24	0	11	6	10	7	14	27	15	2	13	1	19	23	12	5	36	31	0	1	79	436	211	0	632	516	396	288	0	172	0	
22	9	29	19	2	31	12	39	14	26	1	18	28	11	5	36	17	3	24	37	2	2	76	340	262	252	0	221	0	394	201	182	0	
31	4	6	37	16	9	11	26	34	0	10	29	7	38	25	32	28	23	13	18	1	2	63	349	226	0	239	0	0	404	281	180	0	
29	28	5	11	15	13	9	25	16	6	0	23	34	32	19	24	30	37	1	2	0	3	63	351	231	0	352	244	0	396	267	173	0	
38	9	12	23	22	4	20	0	31	24	37	6	25	3	36	11	39	2	34	28	2	0	46	932	218	217	0	421	316	0	0	0	0	
25	16	1	8	21	14	24	19	29	18	23	35	11	27	2	22	0	32	30	3	2	3	70	470	332	249	0	642	508	382	280	179	0	
30	2	19	29	31	6	17	1	27	11	7	22	39	34	21	24	8	26	15	12	3	1	67	0	0	202	0	187	0	250	163	0	0	
5	37	22	33	23	26	20	35	10	4	0	2	24	9	28	8	18	21	19	1	1	2	38	222	376	254	0	334	221	369	0	178	0	
18	19	34	23	7	4	32	3	26	1	14	15	12	0	30	11	31	24	9	38	0	0	62	1019	0	784	777	225	0	400	187	0	0	
19	5	16	6	30	26	29	34	1	4	33	2	14	15	39	27	10	0	25	8	1	1	63	217	0	811	0	603	0	366	268	170	0	
16	38	27	28	12	14	24	26	36	10	18	4	25	20	1	15	21	30	0	39	1	3	37	462	430	302	710	589	480	372	275	167	0	
6	20	22	21	17	8	2	37	28	5	31	9	13	0	36	32	24	29	1	27	1	2	81	451	327	0	511	494	468	191	0	178	0	
2	4	30	7	25	23	36	22	27	17	0	31	15	3	10	28	8	18	35	37	1	0	41	1004	0	0	600	288	178	257	161	149	0	
21	29	14	32	23	6	8	35	16	3	18	5	39	1	7	2	12	9	10	33	1	3	98	327	268	246	0	310	214	0	184	177	0	
31	0	30	34	1	20	9	21	15	13	37	26	28	24	3	10	29	27	7	36	3	1	41	217	0	201	0	182	0	290	192	0	0	
16	21	17	36	19	22	5	31	38	20	35	23	0	32	2	9	6	18	1	7	3	0	34	870	202	0	0	0	287	0	269	0	0	
13	0	20	15	37	24	16	14	30	31	9	3	28	35	8	36	12	26	18	34	1	2	63	0	730	615	245	0	403	378	0	166	0	
14	12	11	31	5	25	9	0	39	30	34	17	28	22	18	27	13	20	36	35	1	1	50	395	268	0	547	0	208	195	257	0	0	
23	26	24	21	27	14	15	4	35	2	20	0	16	1	10	34	17	33	22	6	2	3	40	0	850	195	377	271	215	195	0	175	0	
36	18	35	38	25	5	13	26	37	4	39	10	21	23	2	24	11	3	32	34	1	2	5	421	311	243	0	577	0	363	0	173	0	
9	37	0	18	20	31	16	19	3	7	27	26	34	33	32	30	12	2	14	6	2	0	24	1109	217	0	0	587	299	193	0	169	0	
34	36	21	35	3	4	23	8	0	13	11	5	19	9	18	20	28	26	15	17	1	3	120	320	364	355	0	602	476	367	0	172	0	
2	15	39	28	16	27	20	33	0	32	9	5	25	22	23	3	38	21	30	18	0	1	34	213	0	736	0	211	0	362	177	165	0	
17	8	3	33	10	7	26	28	24	30	2	25	11	36	22	21	4	6	32	15	2	0	66	1127	207	0	327	234	0	367	0	181	0	
23	20	24	36	37	8	25	17	39	7	10	2	14	16	9	0	1	12	21	26	0	2	55	0	311	315	238	0	505	194	187	170	0	
37	39	26	14	28	32	25	9	2	10	1	20	33	34	3	18	11	15	21	38	3	1	73	349	227	0	738	320	214	0	275	187	0	
28	18	2	6	29	35	32	26	30	39	27	24	11	37	23	8	20	5	16	22	2	3	58	444	0	841	329	250	0	403	0	169	0	
12	26	18	3	0	8	4	30	11	9	17	38	32	36	28	2	31	15	13	27	1	2	32	461	325	0	622	0	200	0	0	173	0	
14	33	7	21	17	18	5	34	15	39	26	31	16	25	23	11	24	28	35	36	0	0	7	996	319	245	224	213	0	373	0	168	0	
29	9	14	8	4	24	1	10	25	38	2	35	33	6	15	27	7	36	11	5	0	3	79	0	971	214	0	414	393	232	0	218	0	
25	18	12	30	4	10	7	24	21	13	39	28	2	34	23	5	26	38	35	11	2	1	38	347	251	0	0	332	271	260	0	182	0	
16	23	19	25	34	5	15	11	7	38	39	1	32	31	8	28	6	24	26	21	3	0	46	1169	380	250	239	0	209	0	278	0	0	
30	14	34	7	31	17	5	15	16	38	36	1	35	19	33	10	21	2	20	32	3	2	61	371	249	239	0	494	381	368	213	0	0	
5	2	25	36	3	31	21	30	20	35	11	17	37	13	23	38	6	8	9	29	1	3	41	243	0	0	272	228	0	292	188	0	0	
27	8	25	33	20	39	16	2	12	10	7	36	26	0	14	28	9	31	29	34	2	1	75	332	257	0	278	0	497	0	264	173	0	
32	5	7	12	9	6	19	35	10	37	14	13	22	24	27	30	0	36	1	26	1	0	51	1083	325	251	0	317	212	376	276	0	0	
12	36	7	23	26	19	13	3	21	17	2	18	34	5	35	38	9	15	8	11	0	2	60	206	0	729	711	583	472	187	0	172	0	
19	26	7	14	22	9	30	32	17	37	39	38	12	2	3	4	27	8	6	0	3	3	85	216	308	192	277	180	0	371	0	0	0	
23	24	3	12	9	21	29	27	1	26	7	39	2	4	19	34	11	37	28	0	2	1	118	0	830	800	202	589	486	365	266	0	0	
10	27	7	39	17	11	31	3	35	26	14	9	33	23	15	38	0	29	36	24	3	2	48	219	210	200	0	187	0	247	165	0	0	
27	21	20	22	39	5	34	35	31	12	19	18	37	16	28	2	29	32	15	38	3	0	102	870	747	640	539	0	0	0	266	172	0	
37	29	28	14	21	24	26	5	20	30	9	39	13	23	6	22	34	10	31	17	0	3	22	225	0	755	0	519	382	0	264	164	0	
8	19	2	33	4	15	36	13	38	35	9	32	22	10	27	1	7	28	30	23	0	1	59	324	214	890	749	321	208	0	264	171	0	
12	17	21	2	34	39	1	23	29	26	20	13	9	31	36	7	19	14	25	6	1	0	79	1007	0	728	0	0	0	321	228	178	0	
6	4	24	11	9	13	10	5	25	8	22	18	14	23	17	15	30	35	12	2	0	2	79	523	410	353	235	218	0	365	265	177	0	
7	35	13	2	23	26	12	9	6	4	28	10	22	14	39	16	17	15	29	33	0	1	97	587	480	352	0	0	470	369	271	175	0	
30	17	36	35	5	2	16	37	24	13	0	12	31	11	3	20	15	39	32	7	0	3	62	0	988	310	197	0	474	278	183	0	0	
11	39	27	38	35	29	14	9	21	32	30	10	17	20	33	31	6	1	5	23	1	2	77	213	0	810	324	224	280	199	0	178	0	
36	19	12	2	17	30	13	22	5	0	31	8	24	26	38	39	20	32	1	3	0	0	44	1031	261	0	0	501	198	0	180	0	0	
15	20	8	33	23	2	14	1	39	26	29	13	38	37	31	28	3	11	10	32	2	3	45	222	0	209	0	481	173	278	188	0	0	
25	32	20	26	1	35	18	6	34	38	15	7	31	17	33	39	8	24	37	9	2	1	93	0	972	198	0	589	0	358	263	170	0	
37	3	29	17	9	38	25	6	13	39	10	34	4	1	2	5	33	32	7	24	2	0	57	1105	0	879	0	597	303	215	0	175	0	
3	22	14	20	31	33	17	19	34	27	36	30	24	15	38	35	37	6	16	12	2	2	18	332	226	0	333	222	0	279	0	174	0	
1	32	5	29	21	10	30	8	12	35	11	33	20	7	18	13	27	24	9	0	0	1	65	323	207	0	227	0	198	269	186	0	0	
25	6	34	4	17	28	30	23	7	1	19	8	36	20	2	3	29	24	13	15	1	3	76	328	223	0	751	310	475	378	0	0	0	
22	13	36	33	12	37	27	20	6	11	2	32	9	17	15	30	24	38	28	8	2	2	66	330	259	0	321	218	0	200	0	169	0	
7	19	15	0	24	32	33	4	30	18	17	31	29	14	12	20	8	11	39	21	1	3	93	327	0	702	599	0	209	0	277	188	0	
19	24	27	3	6	14	0	12	28	21	30	38	7	2	1	11	26	22	17	36	3	0	29	1103	262	0	718	621	483	365	187	0	0	
23	37	34	18	7	17	8	24	22	11	33	36	35	4	20	2	19	39	5	30	2	1	32	333	216	0	236	0	312	0	0	169	0	
22	6	5	29	34	3	8	20	37	15	28	7	25	13	0	2	33	16	31	9	2	0	62	1092	377	254	0	618	0	375	0	176	0	
18	4	3	22	14	38	0	10	5	32	36	11	24	2	20	25	8	28	15	23	3	2	38	340	215	0	0	510	343	212	0	204	0	
14	5	9	23	27	28	1	15	20	3	34	17	6	7	21	38	31	8	0	35	1	1	27	494	368	277	0	243	0	412	263	163	0	
18	19	34	27	25	15	2	11	8	35	33	32	28	29	30	16	37	14	9	38	3	3	104	239	480	359	247	0	224	0	271	175	0	
25	9	11	6	20	34	12	24	0	15	26	28	7	16	31	8	21	2	39	30	3	2	46	330	263	0	232	224	0	373	0	170	0	
15	37	18	16	6	33	20	10	7	3	22	32	27	5	39	21	36	30	13	25	2	3	19	428	358	248	322	227	0	0	272	0	0	
12	13	33	23	25	8	6	28	27	15	19	14	26	11	30	34	7	22	37	18	0	0	25	994	874	210	0	0	456	353	251	176	0	
4	16	23	29	15	19	25	32	21	1	30	7	24	31	12	26	35	11	39	27	0	1	51	322	215	0	442	216	0	357	259	175	0	
22	15	35	7	19	16	17	37	6	26	9	30	27	13	2	0	4	14	31	28	1	0	70	1083	0	204	711	415	471	375	0	175	0	
23	21	13	6	5	11	24	3	39	27	14	38	32	31	29	22	15	19	36	12	1	2	80	336	204	198	299	0	391	0	354	0	0	
26	7	39	0	27	34	32	25	19	14	9	12	29	21	8	13	3	33	16	20	2	1	72	311	209	0	230	0	504	322	193	167	0	
24	20	37	17	7	25	29	16	5	27	22	19	4	11	39	8	18	38	15	23	3	2	50	229	0	847	0	584	0	368	261	169	0	
15	33	17	29	19	26	27	23	10	8	3	31	20	24	38	14	11	1	6	30	0	3	50	0	995	302	191	586	474	200	273	0	0	
18	39	28	16	36	9	38	4	24	3	23	12	17	31	35	7	11	26	19	33	2	3	49	218	0	723	202	0	242	0	195	0	0	
1	31	23	18	6	13	2	29	19	17	36	33	9	7	24	16	25	37	15	34	2	0	66	977	406	252	233	0	221	394	286	202	0	
34	0	29	10	15	11	1	31	35	39	13	17	2	5	24	6	37	20	14	33	3	0	53	906	0	0	621	282	180	0	0	171	0	
4	37	34	8	24	38	12	7	29	11	17	5	1	20	22	39	9	21	19	32	0	1	71	323	217	208	0	278	177	289	0	0	0	
22	11	37	33	0	15	7	18	24	36	32	12	4	31	23	2	14	19	13	1	2	1	24	214	317	254	232	0	0	372	272	169	0	
29	2	14	15	34	31	16	28	11	13	26	6	23	18	21	36	37	38	33	39	3	2	75	220	221	0	618	0	386	365	258	176	0	
22	27	28	1	12	35	8	20	30	0	31	23	3	15	17	33	34	32	4	6	0	2	22	449	211	0	588	227	202	0	0	160	0	
36	28	23	24	33	11	16	22	34	39	25	2	20	18	7	29	5	13	12	4	2	3	63	330	262	239	0	501	371	272	0	0	0	
8	10	3	25	28	2	21	22	30	4	29	13	36	24	1	37	19	7	17	39	2	3	88	0	650	550	544	416	392	286	0	0	0	
22	18	37	35	32	1	25	15	16	2	14	5	23	27	10	9	4	28	13	0	2	0	20	987	0	690	333	307	212	0	264	168	0	
18	17	11	16	9	24	13	33	19	20	15	28	8	29	26	22	25	23	21	32	3	0	58	1091	534	466	347	228	0	380	267	0	0	
10	22	2	23	1	32	30	36	12	5	21	18	9	3	15	16	0	19	27	35	1	1	74	211	208	208	296	0	408	404	0	268	0	
5	14	22	16	34	31	20	17	26	19	30	11	3	13	9	10	38	25	6	15	0	1	35	0	979	207	0	430	500	243	398	0	0	
6	37	36	29	24	39	31	3	32	16	11	38	20	22	9	12	2	14	4	35	2	2	44	244	0	299	0	491	364	250	182	164	0	
37	30	19	25	29	24	21	32	18	4	9	35	28	0	36	13	15	27	2	20	0	2	57	471	400	256	359	227	217	0	294	167	0	
0	31	36	25	23	29	38	16	9	39	1	24	17	12	8	27	26	14	15	32	0	3	71	225	0	810	327	227	0	0	276	178	0	
2	14	32	39	11	6	35	13	17	31	37	19	30	12	8	15	10	18	26	16	3	3	90	222	364	247	643	226	381	373	272	176	0	
9	0	3	12	14	30	38	8	36	18	5	17	1	22	39	13	24	34	10	23	0	0	70	1079	324	210	300	586	469	0	280	0	0	
16	15	29	23	33	25	3	14	20	32	1	30	13	12	36	6	17	31	37	5	0	0	3	1007	830	858	330	313	484	373	194	0	0	
34	20	11	23	33	1	3	31	25	24	8	36	15	2	5	35	39	37	17	26	3	1	67	268	253	0	227	340	0	299	283	0	0	
4	25	31	37	23	34	5	26	39	32	35	24	11	30	17	19	33	16	38	29	0	1	63	273	0	807	474	379	221	0	306	197	0	
14	4	39	19	29	8	9	25	20	6	26	2	0	17	3	22	30	38	23	27	1	2	65	536	405	265	0	629	233	228	0	185	0	
1	26	18	10	39	36	13	7	23	5	37	12	30	15	17	9	8	11	34	29	2	2	68	344	218	364	246	259	216	0	0	154	0	
23	10	39	34	26	32	24	11	36	18	27	28	1	12	20	21	37	25	29	19	2	3	113	441	205	201	0	514	0	0	261	172	0	
33	36	20	31	11	12	19	27	35	29	28	4	17	3	16	0	8	30	15	7	2	3	35	429	306	203	0	507	210	0	183	0	0	
7	39	19	16	33	31	27	32	0	29	34	21	8	11	10	4	28	13	35	17	3	0	81	865	0	202	0	413	0	197	0	0	0	
15	21	2	18	39	9	32	33	10	6	19	25	27	3	26	16	37	7	0	35	3	0	87	987	208	307	0	471	452	0	242	0	0	
20	39	26	18	19	2	24	6	30	34	33	11	9	17	15	1	35	14	21	28	2	1	74	320	207	200	0	0	195	0	264	164	0	
31	9	2	21	36	16	23	33	27	4	14	35	8	11	19	15	18	1	37	6	3	1	84	323	211	304	228	0	286	197	0	166	0	
33	24	23	16	0	26	31	8	13	39	28	19	20	30	37	35	6	4	17	9	1	2	53	333	212	0	234	0	0	202	0	176	0	
26	12	4	15	13	24	32	17	0	20	22	7	23	8	16	31	28	10	38	14	0	2	43	332	328	212	0	611	497	374	0	161	0	
2	23	31	15	9	12	3	27	11	10	34	18	29	4	37	35	26	7	38	20	3	3	70	220	211	0	546	0	1256	0	195	185	0	
29	33	24	6	37	34	26	7	14	9	13	8	0	28	12	22	15	23	39	20	1	3	67	229	315	310	204	0	0	1402	272	179	0	
17	32	24	26	14	10	8	23	0	7	18	13	6	3	2	5	22	25	37	20	1	0	34	968	269	0	336	0	219	200	189	174	0	
17	32	24	26	14	10	8	23	0	7	18	13	6	3	2	5	22	25	37	20	1	0	25	977	371	0	234	222	0	371	0	176	0	
33	38	19	6	17	31	7	1	35	4	2	11	39	14	18	21	32	12	26	27	3	1	55	1067	306	245	739	624	217	203	0	185	0	
33	38	19	6	17	31	7	1	35	4	2	11	39	14	18	21	32	12	26	27	3	1	56	1069	309	245	744	622	217	202	0	184	0	
17	21	28	10	3	25	20	4	22	15	23	34	13	30	18	0	29	5	6	38	1	2	0	322	307	195	0	314	0	0	0	0	0	
17	21	28	10	3	25	20	4	22	15	23	34	13	30	18	0	29	5	6	38	1	2	14	327	0	0	478	386	207	0	0	0	0	
6	24	1	17	0	31	23	20	29	10	2	38	22	34	33	25	39	7	37	36	0	3	29	220	202	0	317	223	0	0	262	165	0	
38	2	18	15	34	11	20	19	17	33	12	32	1	37	10	16	26	7	24	5	1	3	79	220	220	0	759	416	302	198	0	175	0	
27	6	33	20	31	16	21	35	24	26	30	34	4	39	18	29	23	12	9	11	1	0	44	1015	839	0	560	440	169	268	270	0	0	
39	1	2	26	36	24	25	32	22	34	20	13	6	16	19	31	15	23	0	4	1	0	49	970	306	687	577	499	388	199	0	0	0	
3	24	13	0	18	6	39	16	20	25	10	37	11	30	31	21	7	2	19	32	0	1	48	315	210	0	331	221	0	0	271	168	0	
30	26	35	14	21	19	34	15	3	23	8	32	36	31	28	9	2	27	13	24	3	1	54	336	312	202	0	320	0	380	0	181	0	
22	5	11	16	19	3	32	18	35	8	27	29	13	39	10	0	31	33	36	34	0	2	60	429	323	214	337	228	0	0	260	0	0	
26	18	36	19	16	34	31	12	24	0	23	3	35	21	27	20	39	1	7	2	2	2	49	223	0	0	387	305	213	359	266	167	0	
14	17	13	37	30	20	36	38	6	32	9	19	0	27	11	33	24	4	8	3	0	3	94	217	0	519	406	0	486	0	264	0	0	
30	16	14	29	7	20	39	24	15	31	0	27	28	1	2	33	17	37	6	35	0	3	39	338	215	203	0	553	483	0	256	170	0	
11	10	5	23	21	1	9	28	6	8	25	22	27	17	33	3	24	37	20	2	3	0	4	991	271	773	622	0	0	0	254	177	0	
0	21	17	15	3	28	9	35	38	1	31	6	29	11	22	37	12	30	2	7	2	0	65	1008	269	0	745	224	215	0	262	185	0	
5	32	4	29	38	39	1	14	30	26	18	8	10	34	28	11	23	7	35	0	0	1	46	0	316	245	0	591	483	202	0	170	0	
7	8	28	25	2	11	12	31	19	24	39	1	36	14	13	5	30	22	32	23	0	1	17	331	215	0	639	0	382	0	0	176	0	
13	14	10	1	6	32	16	30	8	4	22	37	3	7	23	5	0	27	34	33	0	2	55	482	364	353	343	221	210	373	277	0	0	
17	27	36	6	7	22	14	28	39	35	20	13	26	30	32	23	10	29	3	34	2	2	97	327	219	258	0	616	506	0	278	182	0	
28	22	4	13	12	31	19	26	38	2	11	37	27	10	25	18	39	34	24	21	1	3	69	343	268	0	238	222	216	363	273	171	0	
26	39	31	10	28	25	27	6	0	11	15	23	21	29	36	7	8	9	3	2	0	0	118	987	328	0	236	0	492	0	268	177	0	
22	9	7	20	28	1	27	10	32	24	13	39	30	0	14	21	38	15	23	18	1	3	57	0	536	818	694	317	488	380	271	171	0	
29	20	10	35	16	17	34	14	11	4	23	39	3	1	33	7	25	15	28	18	2	1	61	220	418	341	229	0	378	288	0	0	0	
35	26	34	10	20	39	36	14	2	24	1	32	7	31	0	6	3	18	30	29	2	0	21	1112	317	0	225	0	0	347	258	169	0	
11	28	35	3	39	0	37	4	13	21	30	2	6	8	29	15	33	14	25	24	0	2	72	226	212	0	0	218	0	285	187	0	0	
1	29	12	18	32	26	34	0	22	11	37	28	7	8	38	25	15	19	35	17	0	1	64	227	0	0	234	0	0	280	188	0	0	
0	31	10	8	36	5	1	20	21	17	9	2	6	11	37	29	35	13	18	23	0	3	75	329	214	0	593	311	208	0	277	0	0	
3	38	37	24	11	15	5	23	25	7	21	32	29	34	28	39	26	13	31	27	3	2	85	216	0	241	0	519	215	0	264	165	0	
0	31	33	19	38	17	8	32	24	14	12	20	10	21	2	6	36	16	29	13	1	3	40	216	0	611	502	224	0	202	189	0	0	
37	5	7	26	17	34	36	9	3	25	27	14	23	32	30	24	19	20	16	28	3	0	26	1113	205	0	734	0	486	0	257	165	0	
38	4	29	36	18	8	3	23	12	27	34	31	24	7	37	0	9	22	35	17	3	0	84	1014	0	766	223	0	477	370	0	183	0	
26	23	11	38	25	18	0	28	16	22	39	29	21	13	6	37	7	4	1	34	2	1	76	0	850	727	597	220	294	357	265	171	0	
6	23	30	39	34	4	9	22	17	8	2	18	10	12	14	11	21	29	33	25	0	2	68	425	310	248	0	509	209	0	189	0	0	
17	19	14	35	37	0	6	8	11	16	23	20	38	3	36	22	4	28	1	27	1	1	81	1082	206	0	675	0	478	383	278	175	0	
1	19	18	15	29	5	28	30	11	24	31	26	32	33	23	16	39	7	27	36	0	2	25	325	211	0	438	0	487	196	269	0	0	
2	17	22	25	26	28	18	10	14	21	12	15	34	35	29	19	8	27	5	31	1	3	117	0	836	727	338	230	387	284	190	0	0	
38	32	15	31	8	34	21	18	37	33	39	26	0	12	16	7	10	17	24	28	3	3	99	332	212	0	0	314	207	0	0	0	0	
39	38	12	20	32	14	18	9	23	34	29	11	2	7	37	24	28	10	13	27	3	0	88	1074	211	0	434	320	224	0	278	0	0	
12	29	17	28	6	34	33	30	16	35	5	24	25	32	22	39	3	0	7	37	3	0	70	983	0	784	246	225	0	370	184	172	0	
24	12	26	6	32	8	28	3	27	2	7	11	17	38	20	33	18	15	35	36	2	1	47	436	327	238	0	501	0	281	184	0	0	
34	23	1	9	7	22	28	31	25	12	19	29	8	18	17	39	2	3	4	10	3	1	94	215	318	206	0	500	459	350	266	0	0	
9	11	31	36	18	35	1	6	30	10	37	12	13	26	14	27	28	8	34	38	0	2	65	218	318	240	0	222	476	368	273	0	0	
10	2	38	18	30	36	35	33	9	5	32	17	13	34	25	12	22	23	29	28	2	2	92	1086	931	207	0	575	0	378	258	168	0	
15	31	5	19	35	37	6	10	27	32	9	20	11	38	16	13	25	33	29	7	0	3	65	340	218	0	238	0	0	282	186	0	0	
27	0	23	30	7	33	38	18	29	39	11	28	5	22	9	16	13	25	21	4	1	3	39	338	221	0	440	216	0	358	252	168	0	
31	10	2	27	18	11	16	15	13	28	21	5	14	17	29	33	3	19	32	37	2	0	69	1019	490	0	645	0	391	205	0	181	0	
21	34	22	25	5	24	2	35	8	17	1	18	10	14	13	31	32	30	36	28	2	0	14	1005	224	0	348	0	512	211	0	181	0	
5	1	39	23	19	35	13	32	27	26	28	25	22	9	14	31	8	4	36	11	0	1	74	224	0	868	230	0	474	195	189	0	0	
30	39	21	1	4	10	19	22	26	33	9	2	7	17	36	8	16	23	14	13	3	1	64	320	218	0	650	225	0	199	0	170	0	
8	1	16	24	13	39	28	21	15	22	18	20	17	30	34	36	9	32	4	14	0	2	68	342	309	237	228	0	482	0	261	0	0	
8	23	18	6	7	27	20	1	39	24	36	2	9	26	19	28	29	5	13	30	3	2	83	433	0	724	246	0	394	268	183	174	0	
15	20	31	14	25	23	26	4	12	0	19	27	28	3	2	33	34	29	22	18	1	3	61	443	215	0	686	610	212	198	0	0	0	
35	37	22	20	34	7	31	4	23	21	32	5	6	13	14	26	28	24	19	2	3	3	20	421	314	550	442	0	201	0	0	0	0	
18	23	13	24	7	39	22	35	9	37	1	17	34	12	27	5	11	38	4	3	3	0	54	880	314	205	0	421	0	212	189	0	0	
31	26	27	36	24	3	21	22	7	37	33	11	9	5	8	34	32	12	4	17	2	0	82	992	363	244	0	597	498	381	272	184	0	
28	26	15	7	2	6	33	5	32	10	38	36	29	22	1	18	9	37	11	14	2	1	51	0	213	0	434	326	206	0	256	174	0	
0	1	22	31	14	28	6	23	8	15	9	37	11	5	18	27	26	33	36	38	0	1	106	328	217	205	0	0	250	250	150	0	0	
26	19	9	2	30	10	36	14	33	17	32	23	21	12	13	29	7	31	4	1	0	2	38	0	941	197	371	284	176	0	255	0	0	
21	23	11	35	4	16	3	37	6	31	1	32	33	13	8	38	18	29	7	14	2	2	27	221	200	292	191	0	381	202	0	175	0	
1	7	0	30	2	23	12	31	39	16	9	38	19	18	5	20	34	32	33	27	0	3	113	219	0	197	0	0	252	193	0	0	0	
36	22	11	27	21	15	4	24	13	29	28	37	18	14	31	33	1	23	0	5	2	3	103	0	830	251	0	506	300	275	267	165	0	
31	8	17	3	34	10	5	28	12	4	16	30	25	19	7	35	21	2	13	27	0	0	58	1004	211	0	674	180	0	190	0	170	0	
18	23	22	17	24	33	16	32	36	4	11	37	27	6	7	39	26	30	25	0	1	1	29	313	207	0	434	0	0	280	181	0	0	
3	28	19	14	30	11	16	38	9	8	13	15	35	29	0	10	17	34	21	6	3	0	90	1111	323	0	763	226	211	0	270	180	0	
39	4	14	23	13	20	18	6	33	25	1	32	9	15	38	8	17	35	0	19	0	2	106	223	0	208	0	186	481	366	192	0	0	
38	9	18	21	6	11	8	28	36	31	12	3	25	10	2	27	23	15	32	1	3	1	45	322	216	0	233	0	468	203	0	176	0	
19	28	2	17	9	27	24	39	26	5	7	0	33	15	32	23	37	34	30	35	0	3	76	223	0	885	345	610	0	381	282	0	0	
35	2	12	16	33	14	11	37	39	0	13	32	17	36	21	31	29	9	27	34	0	2	38	443	365	761	245	226	210	193	272	177	0	
9	13	3	19	2	32	27	12	26	1	16	5	34	38	29	10	11	22	7	8	1	3	58	217	0	0	234	0	389	291	199	182	0	
17	8	36	23	14	37	16	22	38	13	19	34	4	39	10	32	31	35	24	33	2	0	34	907	319	318	205	0	0	368	284	179	0	
24	13	3	10	21	33	28	38	34	37	0	7	22	5	18	9	1	15	4	6	2	1	37	215	0	302	616	495	0	282	265	174	0	
8	6	30	1	22	25	36	33	9	3	28	0	5	17	13	14	27	34	39	7	2	0	35	1112	214	516	710	542	168	0	227	167	0	
7	4	21	24	33	9	37	35	32	12	16	11	28	0	5	34	13	27	20	30	1	2	20	0	809	684	190	0	0	248	156	0	0	
8	35	10	15	5	24	0	39	21	11	23	38	36	27	22	30	1	4	29	13	0	1	40	309	207	0	612	216	0	187	0	174	0	
5	22	8	21	9	6	7	18	37	20	33	2	31	28	23	34	32	4	38	15	3	3	68	0	769	465	355	0	0	364	0	182	0	
10	11	32	12	9	33	7	17	5	3	39	27	22	15	2	24	38	16	26	36	3	2	57	441	368	253	235	220	394	286	0	0	0	
5	18	1	12	17	13	0	2	29	26	4	7	20	10	8	11	30	6	16	35	3	0	22	798	785	652	0	418	213	198	0	0	0	
32	39	18	3	26	1	5	22	29	23	20	10	4	11	19	7	13	17	30	9	2	3	93	222	0	760	236	0	394	291	266	176	0	
12	7	1	3	14	4	19	29	26	5	0	27	38	9	18	8	2	34	6	28	1	1	39	322	206	0	593	476	371	267	177	0	0	
29	17	4	32	7	18	21	23	28	34	3	11	39	30	33	0	14	24	20	37	1	0	87	1113	0	846	307	186	476	378	268	177	0	
25	34	39	0	30	23	21	29	9	7	27	19	6	10	17	33	11	15	1	3	2	2	83	1097	417	297	232	0	475	270	188	0	0	
32	30	11	8	9	22	29	35	24	25	12	7	28	23	6	38	13	3	10	37	3	1	71	314	212	202	0	567	266	0	229	134	0	
16	17	2	10	23	13	20	26	11	0	28	24	19	37	22	21	1	18	39	5	2	2	56	313	205	0	383	270	210	353	0	170	0	
7	29	22	20	33	13	16	31	17	26	10	37	35	8	25	36	6	27	32	19	1	3	67	0	957	197	187	535	447	242	183	0	0	
20	14	21	18	11	38	26	33	2	30	0	6	10	16	37	28	22	13	34	39	0	3	30	0	317	198	0	494	206	351	258	168	0	
34	24	31	18	14	22	21	12	27	29	19	17	23	36	0	25	13	15	10	5	3	0	2	996	206	0	637	490	0	275	189	174	0	
20	32	0	7	21	26	1	28	27	30	25	4	23	24	14	12	5	8	6	22	1	0	0	897	490	639	605	583	479	198	0	171	0	
37	30	3	8	33	7	34	35	39	19	1	38	18	6	0	16	12	13	24	20	3	1	91	524	0	700	580	475	0	286	192	0	0	
38	14	19	23	26	13	6	22	5	20	25	24	36	8	1	9	4	37	15	33	3	1	33	0	730	0	0	495	474	360	260	0	0	
38	14	19	23	26	13	6	22	5	20	25	24	36	8	1	9	4	37	15	33	1	2	41	0	719	0	529	510	398	293	0	162	0	
13	24	12	35	32	14	11	19	38	18	17	25	22	20	16	28	4	21	26	37	1	3	75	0	304	198	0	0	0	0	273	168	0	
32	29	20	2	18	34	4	16	8	1	36	35	21	3	26	12	0	15	6	38	3	2	22	226	316	307	234	0	0	373	255	0	0	
33	20	10	35	32	7	5	22	34	39	36	17	37	28	8	13	29	0	14	21	0	0	60	883	251	0	227	219	206	0	0	0	0	
34	5	4	39	23	2	13	32	35	37	14	24	8	26	10	1	36	25	31	17	1	3	3	543	0	828	666	0	257	195	267	0	0	
32	15	35	8	16	20	24	22	11	3	30	27	6	13	37	19	34	7	21	31	3	1	69	320	205	0	737	0	299	192	0	168	0	
29	30	33	24	37	8	17	11	38	13	0	32	12	35	23	9	5	10	20	25	2	2	63	207	0	852	318	225	0	372	190	0	0	
35	29	19	13	15	9	25	20	2	36	27	4	23	32	11	1	6	17	34	30	1	0	64	1117	217	0	754	225	0	377	184	0	0	
3	15	33	34	13	14	20	38	27	16	22	32	30	5	37	0	29	7	6	4	2	3	30	334	269	0	244	0	0	197	0	179	0	
34	12	3	0	18	29	31	33	28	2	26	19	21	8	1	9	37	30	4	11	3	1	85	212	0	0	235	0	400	196	0	164	0	
11	29	3	18	37	24	33	20	17	32	21	28	12	16	0	7	26	8	4	27	3	0	43	995	0	0	328	221	0	269	187	0	0	
13	11	39	30	22	0	32	15	24	26	28	29	35	21	37	38	4	5	17	3	1	2	34	0	942	856	718	597	0	204	0	184	0	
5	23	2	14	36	17	38	34	35	11	15	22	25	9	1	31	8	29	30	18	0	1	46	215	0	849	432	221	0	376	187	0	0	
33	10	17	32	29	25	0	9	23	12	28	13	15	7	39	2	24	35	1	37	2	3	84	0	0	866	319	218	204	202	0	0	0	
31	34	17	7	28	30	39	8	3	16	14	4	0	9	23	36	13	38	24	18	2	2	56	0	856	207	0	496	372	266	0	0	0	
27	10	13	17	14	39	1	19	28	32	3	24	12	30	22	33	11	38	5	23	0	3	61	221	0	777	0	508	389	202	0	173	0	
18	37	0	23	34	7	33	12	30	17	15	35	21	11	20	22	10	25	19	8	3	0	71	1001	850	839	239	230	0	369	262	179	0	
13	8	19	5	1	27	17	23	33	38	36	24	6	21	7	30	26	32	15	29	1	1	56	328	212	203	0	604	293	199	0	173	0	
20	6	9	2	18	11	15	12	0	19	14	26	21	24	29	13	31	39	7	28	1	0	86	1010	952	823	0	541	492	198	0	181	0	
0	18	37	10	31	22	8	16	3	39	25	35	21	7	23	27	32	4	36	13	1	2	32	324	0	303	201	287	188	0	274	0	0	
10	16	2	7	0	11	23	34	39	12	28	27	26	30	20	19	6	8	1	25	1	1	57	219	208	0	333	216	0	0	0	0	0	
13	4	35	8	11	5	19	22	30	3	24	2	38	25	39	23	10	36	32	37	2	2	27	336	260	0	238	0	0	289	192	185	0	
16	19	37	2	9	23	10	3	13	35	11	1	21	29	7	30	27	39	32	6	1	3	77	0	855	441	344	218	0	293	187	170	0	
18	0	16	27	37	12	15	10	25	31	20	14	33	36	6	23	35	34	4	24	1	0	39	1101	212	0	199	0	0	342	249	181	0	
38	9	14	15	21	39	19	0	11	7	26	3	20	17	35	5	28	10	4	2	2	3	89	225	0	879	0	585	487	378	186	0	0	
19	0	39	36	38	25	21	24	29	28	23	32	2	14	13	33	31	9	22	18	1	1	93	0	948	504	198	0	472	367	280	175	0	
25	5	23	13	3	9	28	27	20	11	2	33	7	4	19	39	8	12	30	34	0	0	94	1075	598	461	349	235	209	0	258	181	0	
33	16	26	28	34	22	32	31	2	30	20	29	17	4	5	27	38	9	39	36	3	1	107	325	217	0	0	0	0	0	0	0	0	
14	2	25	1	19	7	39	26	11	8	4	33	24	35	15	28	36	23	10	30	2	2	67	341	220	0	641	0	0	291	190	0	0	
9	10	33	1	24	26	31	8	30	23	6	4	17	28	14	13	20	19	29	22	1	2	89	340	217	0	519	222	0	277	195	0	0	
27	2	32	5	6	18	34	38	39	10	7	24	28	3	29	25	9	36	8	15	0	3	103	440	318	207	0	606	0	377	270	181	0	
7	4	18	16	6	37	9	11	12	31	33	13	23	10	35	20	24	25	29	22	3	3	50	464	383	251	0	316	311	202	0	183	0	
7	13	11	35	33	36	12	20	29	31	2	4	21	39	25	30	28	9	3	37	1	0	55	927	324	0	0	0	0	371	0	181	0	
39	36	22	20	11	38	5	10	4	17	6	28	35	0	26	32	30	9	14	7	2	0	47	1023	217	209	0	0	214	0	271	0	0	
32	39	31	23	36	14	6	20	35	0	30	26	27	1	4	11	25	2	19	10	3	1	68	212	208	406	350	226	0	0	0	179	0	
18	23	8	7	12	26	20	24	37	2	28	9	21	1	25	17	3	13	32	39	1	1	61	220	0	349	233	0	396	0	192	177	0	
7	0	33	18	15	17	9	10	5	36	23	32	21	16	30	12	22	29	24	1	0	2	38	442	319	255	0	215	0	353	254	164	0	
33	23	8	0	29	24	19	9	5	39	11	10	3	16	12	20	34	37	27	32	1	2	80	225	0	740	0	524	221	202	0	169	0	
1	34	31	13	14	8	15	24	23	17	5	16	11	38	29	19	36	37	27	25	0	3	81	215	0	656	536	505	392	0	0	0	0	
17	12	29	22	37	23	21	28	6	8	14	1	15	9	34	33	13	18	19	5	1	3	115	334	274	247	241	0	300	0	0	0	0	
16	21	23	0	27	22	29	39	30	10	19	37	12	1	18	9	20	6	31	24	1	0	63	890	0	615	0	360	206	0	182	0	0	
38	33	19	25	28	9	20	2	6	27	10	1	39	17	24	4	11	22	36	31	3	0	88	1098	0	797	328	220	0	377	0	178	0	
34	27	11	10	19	32	33	29	3	0	16	35	20	1	37	9	30	7	6	21	3	1	73	0	0	0	612	218	0	371	181	0	0	
9	4	19	39	7	37	28	5	13	36	31	0	35	18	25	26	17	16	21	29	0	1	93	223	0	840	295	228	0	382	190	0	0	
1	23	35	38	2	20	25	5	4	22	9	39	18	24	12	17	3	21	7	6	1	2	42	378	363	773	634	492	0	274	183	0	0	
23	29	18	5	24	3	30	32	1	39	11	37	15	26	36	12	2	10	0	4	2	2	51	338	0	734	596	216	308	204	0	0	0	
2	39	37	34	12	21	7	13	31	22	4	19	5	24	32	18	25	28	33	17	0	3	47	221	0	652	438	328	0	0	269	0	0	
17	15	23	12	38	13	36	10	33	20	7	1	16	21	19	18	4	27	30	35	0	3	17	439	332	359	341	597	478	385	0	179	0	
0	14	35	15	33	11	4	3	21	32	20	30	24	9	31	13	37	34	36	17	0	0	24	854	202	293	185	0	259	247	175	0	0	
10	18	37	39	26	17	12	11	38	2	14	3	23	19	6	25	29	28	31	24	1	1	84	321	209	335	234	0	297	0	0	179	0	
32	9	8	29	34	7	6	21	25	16	20	1	17	23	31	24	13	33	15	30	3	0	30	1092	1028	859	743	620	227	203	0	173	0	
26	17	38	31	4	19	13	39	8	37	36	5	6	22	27	12	10	11	18	9	1	2	104	0	990	0	736	316	221	365	266	183	0	
15	22	11	37	1	25	17	14	16	33	23	10	18	31	4	6	32	29	21	30	1	1	57	221	0	210	0	626	501	0	265	180	0	
27	23	16	31	32	12	18	5	0	39	38	13	17	36	20	7	29	22	30	10	3	3	94	222	0	200	592	236	0	202	0	0	0	
9	15	11	32	0	18	23	30	34	13	8	38	19	21	4	26	7	33	35	10	2	2	29	217	424	357	240	325	213	0	287	0	0	
30	37	2	35	31	5	19	4	29	28	0	36	39	18	34	25	1	38	9	17	1	0	53	1029	216	221	0	519	404	381	0	179	0	
19	16	24	37	39	13	15	7	36	27	5	31	32	28	6	25	0	17	14	38	0	3	40	236	0	0	741	286	218	363	265	179	0	
19	15	6	8	1	30	25	24	4	31	14	12	2	10	17	3	38	32	37	35	1	1	52	269	256	0	0	0	387	295	0	171	0	
19	15	6	8	1	30	25	24	4	31	14	12	2	10	17	3	38	32	37	35	2	0	11	1029	0	212	0	595	477	202	0	171	0	
32	34	10	26	33	13	25	15	7	29	1	27	19	23	6	20	8	28	30	11	0	2	57	0	0	0	728	603	0	355	180	0	0	
30	4	2	37	25	31	39	5	24	35	23	33	13	10	32	38	36	3	12	27	3	1	100	221	0	316	201	521	400	381	281	174	0	
14	0	35	36	15	34	30	3	8	6	9	27	13	20	31	16	5	12	25	7	0	3	45	224	0	848	433	332	304	201	0	204	0	
33	25	19	21	12	20	4	11	38	31	27	2	32	18	29	36	14	5	26	0	1	2	50	343	231	0	0	466	212	198	0	0	0	
39	13	7	21	12	29	0	34	11	16	26	24	33	14	22	27	37	20	1	23	3	0	51	922	0	251	0	410	211	0	186	0	0	
0	31	27	9	20	16	15	28	36	12	10	21	6	30	38	8	22	11	4	2	0	1	43	362	225	0	238	227	0	375	184	0	0	
36	39	5	26	14	11	6	12	29	23	33	27	21	17	13	25	30	22	8	19	3	3	26	223	0	795	351	549	395	373	0	179	0	
21	35	22	36	5	30	6	23	15	33	27	0	26	39	11	12	28	34	31	24	3	0	57	896	214	0	652	0	404	285	275	184	0	
23	35	14	26	38	19	10	34	37	24	5	8	6	32	21	7	33	12	27	30	2	2	37	495	367	249	625	509	418	198	196	0	0	
10	14	27	7	17	16	11	2	32	31	1	23	30	24	34	29	21	18	15	39	0	3	49	212	0	625	413	0	309	282	0	182	0	
2	10	0	25	17	13	16	22	37	14	38	36	18	31	29	32	35	9	39	1	0	1	68	443	210	0	0	471	305	378	275	0	0	
26	38	19	4	23	10	16	0	1	25	3	30	22	27	14	12	20	39	37	18	3	2	76	325	255	0	0	526	388	383	0	196	0	
32	22	0	37	31	6	27	18	5	3	2	7	9	25	38	30	29	33	35	21	1	0	25	1009	0	0	633	618	513	356	0	175	0	
10	27	39	25	31	7	19	18	2	35	9	22	34	24	1	33	11	20	37	3	0	3	65	353	231	245	0	590	458	350	179	0	0	
10	38	23	26	14	15	37	20	1	33	2	34	8	7	0	6	17	24	22	31	1	1	6	0	977	306	188	0	453	189	0	172	0	
29	25	17	28	39	34	24	13	3	18	6	10	14	12	4	37	16	5	26	35	0	2	37	330	217	462	0	225	0	0	264	173	0	
22	13	37	25	10	32	27	21	29	39	34	26	3	24	12	16	14	4	33	19	0	0	0	1002	0	446	632	516	388	287	0	166	0	
9	10	6	24	35	0	33	11	38	2	17	20	37	21	39	15	31	4	22	18	1	3	31	0	0	855	689	304	217	0	264	168	0	
26	4	2	18	20	11	5	16	3	32	29	7	9	33	13	36	12	17	23	19	2	1	53	0	749	643	0	389	175	276	190	0	0	
12	32	25	7	22	30	39	16	8	36	17	27	13	31	37	5	3	1	0	26	1	0	44	1124	0	245	0	224	0	371	271	183	0	
39	30	0	15	38	32	11	18	26	33	17	12	19	36	27	20	25	2	10	1	0	2	14	0	872	0	588	507	379	0	180	0	0	
24	17	23	5	2	14	8	21	36	1	22	39	32	37	19	3	29	33	38	25	2	1	93	220	324	209	0	220	0	361	275	217	0	
9	17	5	26	29	27	13	8	34	6	35	14	12	2	32	23	31	15	25	16	3	3	32	451	332	295	0	250	0	301	192	0	0	
24	33	12	13	16	34	7	23	1	4	8	18	26	20	15	35	9	19	36	21	3	2	47	0	242	316	201	0	0	195	187	0	0	
27	24	35	34	19	38	15	0	7	32	31	16	20	5	9	26	8	18	2	23	3	3	77	217	0	202	0	563	261	201	0	182	0	
35	3	28	15	31	7	9	12	0	16	24	38	20	4	17	39	23	1	6	29	3	0	37	1114	0	842	0	234	0	370	259	168	0	
39	4	35	5	17	0	28	12	10	38	32	37	31	18	6	11	3	15	21	13	2	0	32	1142	215	390	243	0	0	385	189	183	0	
6	14	28	29	9	35	16	12	5	24	8	37	21	4	18	23	38	32	26	31	0	1	84	319	214	341	205	0	499	0	282	0	0	
34	4	31	27	0	13	30	18	10	20	15	9	36	39	25	33	3	14	21	32	1	2	41	222	215	0	297	201	195	0	0	0	0	
26	0	6	4	1	12	35	37	19	3	11	28	27	9	29	33	16	7	32	31	2	1	63	221	0	656	0	553	386	199	0	173	0	
17	24	26	1	29	21	20	13	11	35	33	37	16	5	12	2	7	31	15	34	3	3	44	334	223	0	0	513	385	296	198	0	0	
8	29	33	36	15	17	30	3	0	20	28	5	7	4	39	23	26	6	38	2	3	2	59	335	214	0	339	224	207	0	259	0	0	
35	10	11	27	26	6	36	24	2	19	17	20	5	16	21	28	23	25	30	32	1	0	47	987	265	244	0	224	0	287	193	0	0	
23	29	33	27	34	16	31	26	7	13	17	10	39	12	22	18	14	38	30	0	1	3	45	437	257	0	650	500	0	0	256	171	0	
31	25	6	36	12	15	38	33	23	32	4	30	18	29	13	20	21	19	8	37	3	1	97	317	215	0	592	0	379	0	178	0	0	
25	37	1	8	16	21	11	29	18	12	14	0	32	24	30	10	35	17	15	13	2	2	29	322	209	0	227	0	392	289	259	180	0	
16	25	29	13	37	27	3	21	22	39	20	8	35	0	28	36	23	34	24	32	0	0	29	1008	0	781	0	518	411	364	261	181	0	
1	20	6	25	29	8	4	36	13	11	26	33	2	35	38	34	30	17	19	22	2	3	68	454	377	261	234	0	495	289	197	0	0	
3	27	34	1	6	18	9	0	19	4	32	25	31	24	35	2	22	36	5	30	0	1	72	271	0	662	344	0	0	288	188	174	0	
22	12	19	28	3	2	23	11	7	30	8	0	9	29	32	20	33	25	14	17	3	2	78	214	0	578	512	214	0	197	186	0	0	
1	20	29	35	31	19	10	9	17	11	27	6	8	7	0	12	30	34	38	18	2	0	39	999	0	734	653	0	0	294	260	175	0	
24	16	1	36	27	18	17	0	4	26	34	37	14	39	8	6	13	33	3	7	2	1	48	371	259	0	228	0	293	203	0	176	0	
12	23	31	19	25	28	20	17	39	18	13	22	8	11	21	10	16	26	32	9	1	3	102	1129	979	248	225	0	462	283	194	175	0	
18	26	7	27	36	14	17	3	20	6	11	19	5	31	12	38	28	22	39	1	2	2	82	335	219	0	339	232	0	360	253	0	0	
19	16	37	18	9	30	21	6	4	3	15	8	24	29	36	35	14	1	10	38	3	0	77	1003	893	351	246	0	216	0	188	0	0	
27	5	17	8	0	30	22	2	39	20	33	36	38	7	29	16	12	31	11	19	3	3	73	328	0	804	0	592	488	203	0	169	0	
20	23	16	17	37	25	26	12	36	4	11	10	30	34	22	24	33	6	9	35	0	0	27	1114	322	209	0	226	0	286	283	0	0	
6	16	35	38	28	7	0	23	30	3	25	15	29	1	31	22	27	11	8	2	0	1	55	0	951	339	711	223	216	0	258	169	0	
5	38	19	24	29	25	7	37	16	9	22	26	21	8	17	28	14	23	3	6	1	2	60	328	267	0	343	233	212	194	0	175	0	
21	24	30	9	35	5	6	20	22	1	16	15	13	4	0	39	28	31	10	8	2	1	36	221	203	864	712	586	477	0	0	173	0	
15	18	29	4	34	38	10	35	37	21	5	2	14	26	1	11	8	33	24	30	0	3	63	334	218	213	0	597	484	277	282	173	0	
2	21	11	22	39	14	7	37	26	24	5	34	38	32	36	35	4	17	16	19	2	2	82	219	0	737	657	218	0	198	0	168	0	
38	36	5	28	22	20	9	6	7	37	29	12	4	17	35	31	2	19	0	27	2	3	87	318	207	404	283	280	220	0	273	179	0	
8	35	27	15	31	34	13	7	37	5	26	20	1	17	28	18	22	11	29	0	1	0	93	1130	368	0	737	233	0	373	269	180	0	
25	11	10	3	14	5	26	13	33	38	31	18	16	6	36	0	17	12	23	22	2	1	60	209	0	586	0	400	217	0	190	171	0	
12	22	5	36	0	27	10	32	37	39	9	7	29	30	4	19	34	14	17	6	1	0	114	1106	384	258	239	0	477	366	0	0	0	
3	34	7	11	18	22	25	31	5	28	13	10	9	16	12	20	24	35	8	33	3	2	26	222	0	314	197	308	207	0	181	0	0	
3	0	4	38	2	5	23	25	31	28	11	39	13	10	34	30	37	21	1	22	0	1	37	330	324	195	228	0	287	195	0	0	0	
38	4	5	30	17	9	29	7	2	3	19	13	28	11	32	10	12	35	14	36	1	3	83	218	0	0	513	0	392	270	256	167	0	
38	18	34	36	28	25	29	8	7	4	6	26	19	27	35	30	20	9	0	1	3	0	94	1085	204	291	238	0	462	0	180	0	0	
25	24	22	20	29	38	33	28	4	1	31	14	15	8	5	9	30	3	27	17	3	2	14	1115	930	809	682	598	463	357	263	175	0	
18	8	20	22	9	14	35	36	28	27	5	16	4	30	10	24	32	11	29	17	1	1	49	209	0	195	0	556	476	371	263	167	0	
20	6	5	0	10	12	35	32	38	25	3	34	16	9	17	37	39	24	21	11	0	3	74	227	0	298	190	180	0	360	277	174	0	
37	16	8	30	3	25	39	26	1	14	4	18	13	27	31	28	6	12	0	23	0	2	91	326	304	198	0	218	206	0	263	168	0	
10	17	16	34	29	36	33	0	28	18	14	22	26	4	11	35	31	32	7	19	1	3	80	422	312	249	0	523	0	0	271	180	0	
22	21	28	37	11	17	2	7	26	19	20	24	38	32	35	15	36	34	6	27	3	0	67	992	325	212	0	621	0	0	262	168	0	
15	39	27	6	9	16	5	23	24	4	36	0	22	17	20	28	13	10	21	35	1	1	19	209	0	696	0	507	210	195	0	170	0	
3	30	9	36	38	19	14	12	21	0	35	29	26	22	20	17	18	8	32	39	0	0	85	1111	318	207	0	0	482	379	185	0	0	
34	4	19	26	39	8	3	35	1	29	23	27	36	17	31	22	2	18	15	25	1	2	64	335	211	0	632	306	204	286	190	171	0	
33	6	16	17	3	27	12	14	38	34	39	4	31	18	37	29	28	13	32	30	3	1	70	0	842	732	0	217	0	371	257	169	0	
17	36	35	38	10	23	13	31	0	4	2	32	1	16	27	18	19	37	34	20	0	3	30	337	220	0	225	0	464	282	0	167	0	
0	12	24	4	10	23	22	30	35	15	28	18	8	27	7	16	1	32	26	2	1	2	27	222	0	658	631	0	0	361	0	172	0	
16	37	15	0	18	17	29	26	4	8	24	23	7	30	35	33	39	32	28	19	2	3	68	428	0	302	192	0	219	0	270	167	0	
11	7	32	10	16	30	27	26	35	21	12	37	8	34	2	1	22	23	5	33	1	0	29	1001	0	793	234	224	0	362	183	0	0	
31	37	15	32	34	16	27	10	11	3	13	30	36	39	20	26	23	22	24	14	0	0	23	881	0	696	0	505	380	271	188	0	0	
13	11	15	19	38	5	25	17	30	21	39	34	26	18	29	31	12	3	36	28	1	1	115	0	920	0	730	605	204	0	262	180	0	
12	13	34	20	4	38	39	8	31	23	24	29	32	30	35	5	37	6	28	27	1	1	60	0	0	859	234	0	0	360	262	180	0	
20	38	24	28	39	26	23	10	8	2	1	29	22	16	12	31	32	17	11	0	1	2	48	437	218	206	0	485	0	0	184	168	0	
2	23	6	14	27	25	39	17	26	16	32	9	36	19	29	1	30	7	11	34	3	2	62	222	0	298	191	584	0	376	263	173	0	
14	9	21	0	4	34	39	7	5	23	16	35	36	11	31	17	2	24	29	18	1	3	80	0	949	447	715	211	0	194	0	172	0	
34	15	11	19	33	26	37	18	21	4	39	27	12	14	13	20	36	32	30	9	3	3	81	218	0	419	343	222	0	371	258	0	0	
19	13	35	38	17	39	2	8	21	10	23	1	32	24	33	37	0	11	12	9	2	0	53	1127	0	820	0	580	471	371	185	0	0	
34	29	1	25	6	7	39	22	27	9	32	4	10	36	18	8	19	16	26	14	0	0	57	1085	314	246	0	595	458	356	0	161	0	
21	4	7	1	35	28	14	27	13	9	31	10	8	25	17	12	29	2	3	37	2	1	39	318	209	0	622	0	0	271	256	0	0	
34	4	15	3	22	39	9	0	2	14	38	6	19	1	32	23	8	27	12	30	1	2	54	221	0	236	0	309	213	0	0	0	0	
21	10	3	29	19	8	12	22	38	7	17	35	5	15	39	20	1	0	33	37	2	1	37	0	862	245	0	521	208	0	0	166	0	
17	5	35	13	9	30	22	7	36	21	34	32	33	3	14	37	38	20	6	29	3	3	105	222	0	0	334	222	291	0	184	0	0	
15	4	2	25	19	0	17	35	16	30	9	22	7	6	39	1	27	11	13	29	1	2	87	421	214	303	236	0	455	363	0	172	0	
19	36	24	5	23	4	26	11	21	17	37	20	6	31	32	34	25	12	16	22	0	0	20	1002	207	240	0	497	0	354	264	178	0	
4	17	11	8	3	6	25	23	5	29	38	16	15	39	31	1	2	7	13	33	3	3	55	216	0	706	623	219	0	292	267	168	0	
6	32	33	4	8	15	30	37	28	20	14	5	35	22	16	27	1	10	3	21	0	1	32	366	261	0	599	208	0	280	178	162	0	
6	38	29	32	30	34	25	26	13	18	2	24	35	7	37	39	11	0	21	5	1	0	39	1116	0	837	320	210	0	347	250	159	0	
22	16	27	1	14	8	38	34	0	15	18	19	35	28	39	11	37	21	20	33	0	2	41	217	0	715	745	0	208	0	252	170	0	
27	35	10	3	36	1	28	8	19	4	32	9	15	6	33	2	37	30	5	29	2	1	45	213	356	240	0	509	387	0	178	165	0	
16	32	28	20	7	26	35	30	1	37	23	24	25	12	22	9	34	2	3	38	2	3	76	440	365	251	0	306	0	378	265	180	0	
18	7	11	17	13	36	2	6	30	32	37	8	1	28	0	35	22	4	26	12	3	2	26	335	463	338	238	306	214	0	256	166	0	
18	32	3	21	2	30	8	17	29	31	7	15	13	33	39	25	36	27	9	0	0	0	107	778	212	0	542	493	393	0	0	0	0	
11	23	13	36	5	15	39	1	30	14	4	25	31	21	26	38	16	27	18	8	0	3	30	213	0	719	0	594	460	363	184	0	0	
31	18	2	20	23	13	15	22	14	35	4	26	29	34	17	19	11	24	21	28	3	1	15	211	0	648	315	0	367	359	251	165	0	
3	21	7	14	13	2	20	15	0	1	24	29	30	4	33	19	16	23	35	18	1	0	54	553	198	0	0	0	198	0	0	0	0	
39	21	11	15	25	31	18	16	13	9	10	24	3	2	19	27	30	35	8	14	3	2	39	208	0	0	678	411	205	0	255	162	0	
38	5	12	29	22	35	17	16	36	15	4	19	31	37	3	11	23	34	0	32	3	1	42	365	260	0	426	0	478	368	256	0	0	
3	20	30	25	14	16	26	28	6	1	27	9	37	18	29	32	8	22	11	15	2	3	80	331	214	396	329	220	203	0	265	175	0	
11	30	13	37	39	0	18	2	25	19	29	24	9	8	27	10	26	36	31	21	0	2	61	0	986	254	0	225	0	358	267	173	0	
4	26	10	24	1	12	31	35	39	3	30	14	5	33	20	25	22	37	13	6	3	3	18	215	203	0	282	184	0	0	0	180	0	
3	17	24	15	23	22	19	10	37	6	7	16	30	8	29	20	11	35	25	38	2	0	50	900	410	303	193	0	0	286	0	0	0	
1	33	11	14	38	20	28	32	39	12	9	0	18	24	31	4	15	6	30	7	0	1	53	210	0	0	511	0	0	267	176	160	0	
11	38	29	26	30	12	28	24	13	21	36	33	8	10	4	35	14	23	6	15	2	0	62	854	418	617	519	0	451	356	264	164	0	
18	32	12	14	11	1	24	2	15	6	30	38	13	39	22	37	23	4	7	34	3	2	69	0	745	343	0	403	384	368	253	0	0	
20	13	32	39	1	30	26	9	23	0	29	10	27	14	17	36	31	4	24	11	2	3	44	312	205	0	0	496	383	194	0	0	0	
36	39	2	24	6	13	27	32	25	31	22	37	18	1	34	8	38	9	21	33	3	1	77	323	206	0	328	215	0	373	262	182	0	
32	34	33	9	37	31	38	17	22	4	30	25	1	16	7	13	23	35	36	20	1	2	19	370	0	546	0	311	199	0	0	0	0	
2	31	39	7	6	21	12	36	20	16	35	24	4	37	5	14	3	33	8	34	3	3	57	331	211	0	0	0	209	0	259	176	0	
10	2	39	8	28	31	35	36	29	30	21	11	6	9	24	7	16	32	38	1	1	0	43	987	0	694	187	0	348	253	257	166	0	
24	12	31	10	38	7	9	13	20	35	30	25	29	5	39	26	36	0	22	14	2	1	55	214	208	0	670	216	0	356	259	177	0	
7	2	28	21	3	34	5	18	16	6	31	37	32	29	25	33	27	13	0	39	3	0	106	978	0	757	0	306	210	0	177	170	0	
15	5	37	17	4	11	8	16	19	25	39	38	6	35	27	2	7	32	1	33	2	2	32	325	208	0	717	0	470	276	185	0	0	
14	7	34	8	10	29	16	32	12	26	9	5	3	37	30	4	38	25	18	0	1	1	70	208	0	844	229	0	479	352	250	175	0	
39	21	7	33	5	22	23	24	15	34	26	6	18	20	12	13	28	31	2	10	3	2	19	208	0	0	221	0	208	0	0	0	0	
13	12	22	18	4	34	14	28	24	35	29	2	27	5	1	0	38	10	30	23	2	3	68	212	0	336	228	0	0	187	0	0	0	
18	5	13	19	39	14	23	1	3	17	28	33	38	10	2	15	20	22	12	37	2	3	61	0	824	687	411	407	0	362	177	0	0	
8	38	26	33	14	25	12	30	18	9	11	35	28	2	15	39	6	27	0	5	2	0	64	1102	205	201	0	299	195	0	171	0	0	
17	29	36	3	0	32	26	14	30	21	25	5	35	20	37	12	7	34	13	10	0	0	3	1092	211	201	0	264	177	0	185	167	0	
10	38	2	34	9	29	25	18	6	4	5	27	21	19	33	8	17	20	12	15	1	1	81	208	0	867	325	637	486	201	0	186	0	
3	0	13	38	33	8	28	27	39	24	26	25	15	18	16	22	11	4	20	17	0	1	57	0	950	229	0	640	218	294	182	172	0	
17	25	12	5	9	13	30	15	29	28	10	32	34	27	26	14	39	3	2	36	2	2	47	333	216	0	608	194	0	290	0	0	0	
8	5	27	35	9	14	32	30	16	17	38	31	4	26	12	3	10	0	7	20	2	2	25	343	216	364	235	0	298	200	0	0	0	
29	5	14	16	4	15	39	25	30	33	13	17	9	38	26	32	34	35	12	18	1	3	103	225	216	301	0	673	0	206	0	182	0	
13	1	8	15	35	21	32	23	10	2	39	7	4	19	30	16	5	12	28	37	3	3	50	214	236	214	250	0	0	377	182	181	0	
14	32	37	5	9	34	33	25	35	0	3	31	12	4	8	13	30	23	36	26	0	0	65	886	747	254	643	535	0	291	0	170	0	
39	8	16	0	38	22	9	33	10	3	6	28	5	12	2	7	29	32	18	21	2	0	56	1117	0	836	0	611	398	302	0	179	0	
23	6	30	1	35	18	15	25	34	16	9	10	7	38	8	39	17	0	19	5	2	1	57	281	0	911	249	219	0	368	269	170	0	
37	15	0	2	38	6	16	8	20	17	36	33	26	22	21	35	11	5	1	12	3	1	52	211	0	897	323	315	209	0	264	0	0	
26	7	15	19	13	17	5	36	34	10	25	39	20	8	32	14	9	23	27	21	1	2	103	0	203	0	487	378	307	277	0	192	0	
3	36	15	24	14	6	20	10	13	39	12	8	33	34	28	27	17	37	35	26	3	2	55	318	200	0	760	292	0	227	0	191	0	
1	11	13	2	36	35	16	0	39	10	25	15	6	22	24	26	34	4	38	28	2	3	67	0	0	313	222	602	492	590	452	0	0	
37	29	13	19	12	38	23	24	30	16	0	35	32	21	27	2	39	8	14	17	0	3	49	335	744	734	267	0	0	617	192	0	0	
37	10	0	15	11	38	23	20	22	24	25	35	26	39	9	4	5	21	2	17	0	0	29	822	0	253	0	0	383	275	0	0	0	
29	28	16	12	4	20	19	21	11	6	0	35	10	8	39	32	27	31	24	38	3	0	76	936	312	206	230	0	389	286	173	0	0	
33	2	1	19	7	12	22	18	4	38	3	13	30	24	10	15	35	5	37	6	3	1	19	210	0	745	227	216	0	348	261	164	0	
14	2	30	39	3	13	27	11	18	16	21	32	26	36	23	0	19	37	6	9	1	1	75	422	215	0	535	387	305	191	189	0	0	
21	14	9	2	31	16	28	4	33	36	25	8	32	17	7	13	12	34	29	15	0	2	63	323	213	0	233	225	0	363	261	0	0	
39	33	38	1	5	19	4	21	35	20	14	2	15	26	23	22	0	29	13	6	1	2	30	0	313	196	0	576	471	290	190	0	0	
19	7	4	37	17	20	31	12	33	3	24	35	22	10	18	27	16	34	32	5	2	3	30	328	0	701	198	0	391	194	0	0	0	
34	7	4	29	35	19	31	39	1	0	10	3	9	23	8	24	12	25	32	38	1	3	31	436	352	0	626	0	391	274	177	0	0	
25	5	15	36	39	32	3	34	6	24	18	29	37	20	8	23	9	2	21	13	1	0	26	1095	216	0	746	404	0	0	250	164	0	
27	3	0	16	38	29	5	32	15	23	14	39	6	2	12	37	20	24	22	34	1	0	51	1096	198	0	231	0	479	200	0	178	0	
24	29	38	20	39	10	9	7	32	31	14	1	28	37	34	25	2	12	17	16	2	1	80	305	200	0	563	492	380	195	0	168	0	
32	25	11	29	17	7	16	12	6	10	0	22	9	19	23	33	2	1	37	21	3	1	24	0	729	681	527	384	0	196	181	0	0	
18	4	0	1	34	30	9	6	35	16	31	17	26	28	24	37	36	3	19	27	1	2	37	1043	856	306	617	495	377	0	214	0	0	
22	2	19	10	25	15	13	14	28	4	5	35	21	8	38	1	18	37	11	29	1	2	102	427	314	237	714	607	486	0	258	171	0	
16	36	18	5	23	7	19	29	2	25	34	15	13	31	38	14	35	3	20	6	3	3	67	333	220	309	198	0	0	367	0	179	0	
9	23	20	13	37	18	26	10	34	3	30	19	14	25	7	16	36	12	4	39	3	3	75	221	0	308	196	213	0	364	265	170	0	
20	11	33	31	17	5	34	16	8	12	27	15	18	6	28	38	0	26	10	32	2	0	38	877	0	740	605	218	0	191	0	0	0	
19	2	30	34	0	31	28	9	15	17	11	37	4	39	36	1	23	29	25	14	1	0	100	989	220	0	0	528	303	196	0	0	0	
35	20	26	2	23	6	39	13	0	11	17	15	4	8	38	9	29	5	10	31	3	1	44	265	0	359	677	551	450	292	0	176	0	
30	5	32	19	35	38	39	16	33	24	6	11	8	7	14	12	13	27	22	17	3	1	100	0	829	722	610	483	262	469	263	0	0	
29	20	22	26	6	16	0	21	2	32	1	35	8	36	19	39	37	10	17	25	2	2	68	0	787	223	549	373	0	0	178	0	0	
29	35	11	32	19	37	2	23	7	33	36	10	1	17	25	26	20	39	13	27	1	2	73	209	0	693	0	484	368	194	0	173	0	
21	13	29	33	14	19	39	23	38	16	8	4	20	22	9	17	5	1	2	11	0	3	93	310	263	0	595	491	369	268	0	0	0	
35	15	25	14	36	39	6	27	3	17	12	24	9	30	34	22	23	26	13	7	1	3	65	325	209	283	177	179	0	371	185	0	0	
22	12	11	3	18	34	6	38	5	21	19	30	31	39	8	32	0	7	23	1	0	0	56	831	259	0	0	0	202	187	0	0	0	
33	29	22	34	15	26	2	17	30	27	28	35	23	18	36	10	38	32	9	7	3	1	98	206	0	0	604	215	214	0	261	177	0	
31	7	27	19	32	11	4	24	25	35	28	38	8	20	33	29	12	1	10	26	3	0	81	984	0	195	0	270	170	0	262	0	0	
13	14	11	29	12	35	7	10	25	9	28	39	3	20	23	26	17	30	5	24	3	2	49	215	0	456	436	0	291	0	0	0	0	
27	1	19	5	22	34	15	12	24	7	33	32	30	3	6	0	9	23	21	20	2	1	30	371	253	348	230	0	452	364	264	173	0	
15	7	31	1	23	18	26	6	28	4	32	9	37	0	22	30	5	24	34	35	3	3	67	216	363	250	0	0	459	0	260	162	0	
2	35	6	21	17	28	27	20	13	3	0	39	30	38	14	5	12	29	10	18	1	0	87	857	206	194	0	515	0	344	259	0	0	
7	32	3	28	1	21	19	38	2	29	33	25	14	5	23	30	8	22	6	9	3	2	34	0	754	625	513	411	232	272	224	239	0	
17	4	39	32	23	26	33	15	3	1	30	37	14	2	27	16	11	12	18	24	3	3	38	228	0	220	0	237	287	0	207	181	0	
26	6	30	25	18	11	21	22	1	15	24	14	28	38	27	10	8	29	16	12	2	1	40	362	431	310	0	331	216	0	185	0	0	
26	20	18	33	32	30	21	23	6	15	14	31	22	16	35	39	28	4	5	10	2	2	77	309	194	240	225	0	0	279	182	170	0	
30	21	4	11	15	10	36	9	8	2	20	14	32	17	22	33	13	5	1	35	0	0	43	968	217	0	0	0	488	378	182	0	0	
30	37	33	17	26	28	38	11	13	5	15	29	23	39	19	16	0	25	35	1	1	3	93	220	0	0	714	391	687	409	302	180	0	
20	14	18	29	32	23	27	39	24	38	6	21	26	5	35	16	11	22	30	1	2	1	89	203	0	797	831	371	217	278	179	0	0	
33	24	9	30	0	1	3	16	13	4	11	29	7	8	6	32	37	23	10	17	3	2	26	205	0	0	486	0	242	228	195	158	0	
37	23	4	29	27	12	0	9	35	30	20	31	33	6	15	22	17	14	26	11	3	0	77	1103	0	787	718	0	540	310	186	0	0	
33	17	36	13	19	32	9	37	31	1	26	18	11	28	20	34	7	3	39	8	2	3	65	331	262	431	346	501	367	268	177	0	0	
28	9	38	18	13	6	8	33	16	20	7	3	21	24	27	10	11	22	39	36	2	1	80	212	0	813	265	247	0	567	246	0	0	
23	35	3	34	24	0	9	38	11	33	31	36	19	18	2	5	22	39	6	14	3	0	77	1045	344	0	0	421	322	0	224	0	0	
19	4	1	16	26	29	13	14	8	11	31	32	35	10	22	27	6	0	39	24	0	2	36	220	0	822	703	317	202	271	252	172	0	
22	10	13	3	4	14	27	34	21	2	11	8	29	24	23	17	32	30	0	31	1	3	41	219	0	0	191	182	0	0	0	177	0	
20	13	28	24	4	16	26	37	9	5	18	34	15	39	19	0	23	8	1	6	2	1	76	271	0	906	0	591	496	363	280	165	0	
8	29	2	16	20	34	15	25	6	7	35	33	36	24	13	11	18	23	9	28	0	0	105	1120	416	205	188	0	0	396	210	0	0	
21	18	6	24	32	10	30	3	1	8	15	0	26	13	2	35	38	20	14	37	3	2	44	229	0	808	398	276	0	376	203	0	0	
22	18	30	34	33	23	37	15	7	5	16	17	31	20	4	2	32	19	24	25	1	3	38	212	0	641	269	0	319	280	263	0	0	
33	3	15	0	17	26	24	16	10	14	8	30	11	19	1	22	7	35	34	4	3	1	48	0	944	852	214	0	0	426	260	162	0	
1	24	21	13	25	17	35	32	27	31	4	9	2	33	19	5	18	39	23	22	3	0	49	1018	0	200	187	0	403	274	177	0	0	
38	9	19	18	26	0	2	10	5	1	13	20	32	28	14	3	11	36	34	22	2	2	69	0	752	637	192	0	292	269	273	169	0	
34	19	17	39	26	25	5	23	0	13	8	9	2	18	28	27	36	38	20	21	3	1	68	205	0	298	194	315	206	0	253	171	0	
17	39	11	12	15	36	37	22	1	29	28	35	26	23	14	34	32	10	16	21	2	3	94	337	259	0	0	212	0	363	179	0	0	
25	28	32	1	5	35	39	14	36	6	3	20	10	13	17	18	31	2	21	16	1	2	67	219	0	836	349	420	227	0	275	176	0	
30	17	15	32	5	21	1	14	7	33	19	11	3	0	9	18	8	22	23	6	3	0	23	1062	0	347	236	0	461	398	321	0	0	
2	37	18	3	1	25	13	26	9	36	20	32	16	10	34	28	33	4	22	27	2	3	56	219	0	647	0	471	0	195	0	0	0	
7	10	5	18	38	36	4	6	1	26	9	3	2	39	16	12	27	28	19	29	0	1	103	535	204	0	0	391	296	216	0	179	0	
35	6	23	33	10	20	11	28	24	17	32	13	3	2	0	14	8	25	12	26	3	0	14	869	0	666	330	220	199	0	0	0	0	
21	17	39	27	4	35	10	1	31	23	38	3	28	36	22	18	14	2	19	30	2	1	34	313	204	209	0	610	0	195	0	170	0	
6	24	36	22	11	16	7	8	9	29	3	27	38	23	20	35	5	10	14	34	1	2	39	214	0	829	743	0	488	281	253	0	0	
9	5	15	8	39	6	16	19	22	25	10	37	23	36	20	32	24	3	31	4	0	2	73	332	203	0	421	328	234	0	277	0	0	
15	11	38	23	3	28	16	17	8	2	27	32	25	24	20	37	36	4	34	9	2	3	69	424	378	247	0	0	517	354	187	0	0	
1	17	19	30	12	23	20	38	32	7	36	28	9	26	24	25	22	27	8	16	3	3	59	222	0	202	298	182	0	263	181	0	0	
21	18	2	1	14	3	34	10	5	30	27	16	0	32	36	13	31	12	35	23	0	0	23	884	206	202	0	0	379	0	182	0	0	
22	32	12	5	19	29	20	18	4	28	0	3	36	1	35	25	37	34	26	23	3	0	45	1109	263	438	335	230	0	363	263	0	0	
14	9	12	18	19	27	25	34	2	13	28	29	24	32	22	35	8	6	37	1	1	1	117	373	259	0	223	0	200	0	196	0	0	
33	2	11	19	38	16	27	22	9	37	23	5	31	4	32	7	10	25	15	28	3	1	34	318	322	214	189	0	446	0	277	0	0	
30	27	8	24	0	39	33	38	25	6	31	7	19	36	22	1	35	23	18	20	1	2	49	439	338	357	301	738	512	203	0	0	0	
17	9	28	16	10	30	38	21	31	4	12	14	11	0	39	1	20	35	13	6	2	2	70	334	318	300	0	587	222	204	0	174	0	
3	39	0	27	10	18	8	15	16	9	37	19	4	32	34	20	17	38	6	30	3	3	106	437	320	209	0	615	298	0	268	171	0	
37	17	8	15	35	29	9	24	25	26	32	27	4	39	31	3	16	20	23	18	3	3	88	210	0	871	0	604	0	372	269	163	0	
0	39	27	1	24	19	15	33	36	20	38	35	22	10	28	4	26	17	5	30	2	0	33	981	0	744	190	0	291	0	0	180	0	
37	14	2	7	4	34	5	11	18	31	9	28	32	23	22	20	13	24	30	36	3	0	44	1088	214	471	710	609	207	0	284	188	0	
24	10	11	5	28	3	12	35	25	34	18	14	22	9	0	15	30	17	13	32	2	1	23	320	210	250	234	0	302	191	187	0	0	
8	31	37	7	5	3	10	4	11	0	25	16	34	22	6	24	39	13	1	38	0	1	72	0	565	535	731	0	543	361	272	174	0	
18	22	6	17	31	9	24	29	16	11	34	19	36	38	14	37	25	5	15	0	0	2	87	436	314	264	0	639	505	380	0	168	0	
16	2	0	24	36	20	15	11	29	23	38	9	7	18	31	5	25	13	10	1	3	3	28	321	0	708	0	270	179	192	256	169	0	
28	7	12	26	19	2	24	18	23	25	1	14	20	4	16	38	34	13	17	9	3	2	43	431	302	846	729	208	0	346	248	162	0	
14	20	28	21	11	17	25	34	31	29	5	1	6	2	8	37	4	33	27	23	3	0	33	1007	260	444	333	230	0	273	267	0	0	
38	19	7	30	1	9	37	39	24	35	4	27	23	8	25	21	34	11	32	28	0	3	80	562	425	0	0	607	471	358	287	168	0	
37	34	38	35	12	25	39	1	28	0	33	9	18	24	30	10	17	31	20	36	3	1	92	217	0	776	608	501	313	199	0	0	0	
30	18	10	24	34	31	33	32	5	22	0	26	1	27	36	12	20	29	2	6	1	0	10	656	0	442	332	0	0	192	0	0	0	
28	11	5	18	20	35	37	2	8	33	39	14	25	15	3	22	30	29	34	36	2	1	84	201	303	199	0	315	212	0	0	172	0	
12	3	32	9	21	28	6	39	22	38	27	5	7	31	1	23	15	10	33	2	2	2	60	0	807	730	194	329	205	263	0	0	0	
9	33	36	21	11	23	35	16	5	12	30	17	13	27	37	29	25	32	6	15	0	2	34	220	220	0	677	226	0	380	268	169	0	
8	1	30	2	39	22	0	28	27	16	33	9	10	17	21	12	29	23	15	19	3	3	85	225	215	0	644	222	0	287	0	177	0	
4	29	24	38	6	22	14	23	0	30	17	21	33	3	11	9	2	20	1	26	1	3	26	0	769	368	240	0	312	209	188	173	0	
7	36	14	16	22	33	18	28	5	20	29	21	15	38	6	23	35	31	26	27	2	0	48	1124	224	353	242	0	518	0	265	0	0	
16	13	33	15	30	38	6	35	8	37	12	9	24	19	11	39	22	28	25	23	2	0	78	1153	888	189	286	189	0	365	0	166	0	
19	4	15	37	35	2	17	12	16	28	33	5	13	0	6	30	22	26	29	18	1	1	40	0	890	381	319	219	0	368	185	0	0	
11	37	21	3	4	6	17	16	14	18	9	28	36	34	33	12	30	19	10	1	1	1	108	0	218	0	0	508	405	307	191	0	0	
35	11	12	18	38	23	15	31	7	22	10	33	3	5	9	1	25	20	17	14	2	2	39	326	275	364	253	0	0	372	252	172	0	
8	30	16	37	29	7	19	24	13	23	2	10	21	18	1	20	35	12	9	31	2	2	48	338	220	205	0	0	211	0	194	0	0	
20	25	24	3	36	15	23	22	12	31	34	29	18	38	35	7	10	14	30	13	3	3	58	0	340	206	488	0	303	205	0	0	0	
3	33	18	29	6	15	27	8	26	38	5	17	34	10	36	25	31	16	2	37	0	3	37	333	264	284	0	575	472	0	0	178	0	
27	21	38	10	13	12	30	26	29	7	11	8	0	14	20	9	23	3	6	24	1	0	60	953	0	0	0	703	364	232	0	220	0	
35	25	23	36	12	15	24	8	21	27	14	37	5	3	22	7	4	10	32	16	3	0	13	949	493	0	868	0	487	363	275	0	0	
22	0	30	11	3	39	38	14	8	27	16	1	13	34	20	12	10	35	6	37	2	1	10	219	0	866	237	0	205	0	271	177	0	
33	32	8	37	12	39	28	20	27	36	10	1	34	16	38	4	35	26	17	13	3	1	95	345	0	0	603	466	375	288	188	0	0	
2	6	22	30	33	32	37	25	23	10	0	28	20	39	36	11	1	7	8	26	1	2	17	216	0	200	197	0	355	375	173	166	0	
25	28	5	22	14	9	2	16	4	24	18	39	35	7	10	27	12	36	21	17	0	2	32	219	0	387	371	266	456	363	303	210	0	
36	17	16	1	35	37	9	21	19	28	10	34	33	26	11	0	8	4	20	7	1	3	60	321	204	0	672	627	0	424	228	0	0	
10	24	21	33	6	29	2	27	34	32	8	16	38	30	9	17	5	13	3	31	2	0	61	859	359	244	0	392	205	0	0	0	0	
18	5	4	34	13	7	8	29	1	10	36	23	26	30	31	28	25	9	21	22	3	3	36	374	562	0	726	0	486	0	264	165	0	
10	23	4	3	11	2	13	5	39	33	16	36	7	12	22	34	1	26	28	32	2	0	50	743	204	0	0	0	370	282	0	0	0	
0	36	21	6	24	22	15	28	2	20	11	23	26	19	17	8	37	25	35	7	0	1	48	0	727	187	0	344	255	243	154	0	0	
0	12	13	14	36	2	20	30	8	26	10	1	24	9	27	6	28	15	35	19	0	1	85	302	200	0	522	224	0	199	0	0	0	
4	34	0	16	14	9	24	36	32	11	31	6	20	3	37	22	18	19	35	12	0	2	61	296	199	338	226	0	0	354	242	169	0	
3	25	37	17	36	32	18	26	38	13	7	21	2	30	0	28	33	16	5	29	1	2	43	0	914	279	181	0	451	192	0	174	0	
4	10	30	22	27	28	24	39	38	13	20	18	14	23	37	5	0	1	29	15	2	3	101	0	912	205	0	284	194	0	288	177	0	
6	25	13	19	31	37	33	14	24	8	0	16	38	10	22	36	39	11	23	30	0	3	14	233	199	0	697	0	448	359	274	167	0	
20	34	23	17	33	21	30	37	7	6	18	31	9	28	14	35	39	8	2	36	0	0	100	859	0	643	327	233	198	0	187	0	0	
15	12	16	20	24	7	1	26	30	27	29	19	25	6	23	37	32	4	3	13	1	1	57	325	194	386	307	251	209	0	0	162	0	
30	35	36	22	31	18	25	13	10	20	21	26	33	3	24	4	32	0	27	15	1	0	42	994	868	756	675	509	341	0	0	221	0	
15	27	5	25	36	28	3	26	34	29	20	39	21	33	23	18	9	35	0	14	3	2	93	0	1027	422	246	0	382	372	309	218	0	
21	7	19	8	12	30	9	31	29	13	36	10	32	5	39	17	20	25	38	35	2	1	32	300	0	633	572	0	359	192	0	0	0	
31	8	32	13	10	27	3	9	35	26	36	5	6	25	1	29	16	14	28	30	1	2	29	235	212	0	620	0	267	175	182	0	0	
12	9	36	22	4	17	3	29	0	5	1	2	38	16	11	37	39	27	14	24	0	3	53	228	0	800	672	538	497	194	0	165	0	
25	20	28	23	13	34	15	2	27	5	9	16	21	11	24	17	26	0	33	3	0	3	19	0	925	238	733	0	264	0	265	164	0	
27	3	23	38	0	10	15	35	31	39	6	8	30	11	18	36	2	29	32	20	1	0	30	1081	212	0	790	220	0	357	0	178	0	
11	14	6	2	3	35	10	37	21	15	24	17	27	5	23	1	38	26	0	16	2	3	28	0	716	628	0	225	221	199	251	172	0	
18	23	20	39	1	25	27	29	24	30	2	32	14	26	5	4	10	3	15	6	1	1	69	0	844	204	0	0	408	280	188	165	0	
35	27	18	28	0	25	15	29	21	17	5	12	7	37	9	13	26	36	20	22	3	2	35	526	411	347	233	322	209	0	0	171	0	
23	0	5	2	24	18	17	1	7	19	22	27	4	10	3	35	12	16	37	34	3	0	17	761	603	505	425	0	0	183	0	0	0	
32	6	3	18	21	2	34	28	22	30	29	13	0	15	25	9	35	4	16	12	3	1	22	192	239	232	0	450	0	339	249	0	0	
20	34	18	37	14	11	35	2	8	29	39	7	32	13	19	21	38	12	28	27	0	2	64	197	0	777	666	0	184	253	172	0	0	
38	1	8	7	11	24	0	34	25	18	35	5	4	15	36	23	16	17	12	31	3	3	13	191	0	665	543	0	0	176	169	0	0	
